917.531  
860.157  
739.955  
796.454  
786.795  
784.949  
807.034  
1020.12  
966.174  
867.74  
613.166  
528.296  
453.266  
376.572  
241.601  
240.74  
309.626  
231.175  
181.374  
218.8  
138.289  
129.198  
63.4296  
20.4049  
34.8064  
96.9021  
67.9795  
156.653  
88.9775  
101.399  
116.798  
96.3374  
53.3686  
20.2631  
32.0128  
18.6098  
17.937  
17.6949  
17.534  
16.7407  
15.9719  
15.2304  
14.5626  
13.838  
13.1266  
12.4943  
11.963  
11.4794  
11.0281  
10.6062  
10.1961  
9.8238  
9.49089  
9.17984  
8.90055  
8.64569  
8.40435  
8.18082  
7.95795  
7.75921  
7.57848  
7.41516  
7.26545  
7.12507  
6.99654  
6.87271  
6.76217  
6.65526  
6.56088  
6.47764  
6.40205  
6.33401  
6.27104  
6.21456  
6.16064  
6.1141  
6.07513  
6.04312  
6.01841  
5.99777  
5.98952  
5.9734  
5.98551  
