5.35579  
181.45  
538.766  
7.2325  
230.404  
85.257  
70.2209  
275.697  
699.173  
483.797  
3368.01  
1299.36  
714.273  
1136.04  
264.635  
200.876  
59.2056  
99.7937  
104.363  
20.0517  
275.939  
888.712  
50.5237  
331.428  
711.948  
253.492  
632.562  
78.0759  
143.652  
111.131  
61.139  
109.611  
16.5571  
27.3442  
44.1831  
2.27766  
3.99667  
1.44552  
1.43518  
1.12516  
1.0402  
0.984033  
0.864827  
0.844264  
0.859313  
0.789449  
0.739836  
0.704018  
0.668072  
0.63587  
0.613823  
0.586519  
0.564811  
0.54065  
0.522366  
0.505644  
0.489491  
0.474707  
0.455639  
0.448106  
0.430214  
0.421248  
0.411565  
0.401307  
0.393925  
0.384747  
0.384538  
0.372701  
0.363456  
0.359256  
0.354065  
0.34926  
0.346248  
0.339596  
0.33954  
0.334284  
0.335453  
0.331169  
0.329541  
0.328558  
0.328449  
0.328354  
0.319535  
