53.7905  
32.0344  
79.0754  
76.9373  
139.328  
19.7337  
56.8419  
567.509  
3128.54  
1366.3  
740.342  
525.934  
2587.54  
901.895  
522.373  
144.204  
300.101  
546.41  
101.372  
138.743  
9.91394  
148.131  
171.454  
61.9733  
140.435  
11.6629  
244.96  
290.52  
41.3577  
5.57025  
336.779  
70.7804  
23.2396  
6.50423  
0.0972073  
0.602166  
0.506101  
0.436588  
0.239271  
0.338715  
0.305629  
0.292692  
0.290063  
0.300849  
0.29456  
0.291284  
0.297162  
0.303104  
0.309742  
0.316489  
0.324995  
0.335992  
0.345648  
0.356  
0.366223  
0.376445  
0.386496  
0.395574  
0.407316  
0.411952  
0.422043  
0.428961  
0.43683  
0.444452  
0.450175  
0.456038  
0.463792  
0.469406  
0.474648  
0.480184  
0.484704  
0.488962  
0.492849  
0.495373  
0.499945  
0.501503  
0.504291  
0.505609  
0.50723  
0.508195  
0.509902  
0.509371  
0.51228  
