254.155  
279.511  
497.448  
528.558  
129.731  
583.971  
956.913  
222.427  
635.249  
122.369  
2244.3  
3577.24  
85.3945  
499.491  
173.24  
482.027  
458.697  
247.519  
205.382  
69.7419  
37.8905  
183.201  
27.8475  
0.893711  
164.772  
26.7629  
36.6191  
447.138  
13.4726  
98.5145  
100.367  
38.3867  
28.4971  
11.0204  
4.51812  
7.07799  
6.49045  
3.14741  
2.70023  
2.7835  
2.67826  
2.61422  
2.52681  
2.47644  
2.46974  
2.49161  
2.47163  
2.48097  
2.49063  
2.50791  
2.51632  
2.53317  
2.56077  
2.58248  
2.60937  
2.63366  
2.65485  
2.67953  
2.69909  
2.71835  
2.74364  
2.76563  
2.78537  
2.80642  
2.82608  
2.84354  
2.86088  
2.86507  
2.87708  
2.88998  
2.90326  
2.91327  
2.92514  
2.93246  
2.94338  
2.95056  
2.96609  
2.96206  
2.96806  
2.96895  
2.97444  
2.97499  
2.9848  
