328.478  
268.253  
311.515  
652.331  
853.475  
969.65  
666.184  
515.27  
45.7456  
170.185  
31.5546  
1219.74  
626.921  
782.459  
773.932  
389.288  
175.407  
583.353  
502.147  
48.8949  
13.7624  
735.689  
520.062  
364.403  
84.0643  
595.927  
366.931  
97.6147  
446.646  
70.3818  
116.669  
36.3944  
30.0516  
27.6125  
61.8291  
1.91884  
10.6263  
8.26139  
5.94682  
4.7572  
4.23048  
3.85632  
3.62602  
3.38375  
3.09609  
2.97314  
2.85628  
2.74812  
2.65249  
2.58692  
2.50603  
2.44321  
2.37591  
2.31569  
2.26926  
2.22801  
2.18408  
2.14918  
2.12917  
2.09296  
2.05645  
2.03661  
2.01593  
1.99589  
1.97751  
1.96843  
1.94302  
1.92422  
1.91665  
1.90268  
1.89345  
1.8834  
1.87391  
1.8651  
1.85704  
1.8556  
1.85703  
1.85042  
1.84626  
1.84485  
1.83906  
1.84191  
1.83813  
