604.845  
507.14  
665.476  
604.035  
1131.04  
1007.36  
786.24  
1123.05  
906.809  
395.544  
367.942  
1216.17  
509.279  
662.641  
500.837  
86.0248  
96.7224  
37.8389  
443.387  
227.102  
164.608  
110.076  
38.2062  
28.8884  
153.894  
326.021  
23.4196  
44.9052  
87.6845  
64.5461  
109.547  
85.078  
63.6733  
40.5868  
28.8816  
14.6446  
17.7967  
15.2469  
14.1081  
13.9757  
13.5969  
13.0758  
12.524  
11.8813  
11.2366  
10.6742  
10.1837  
9.71481  
9.28407  
8.85859  
8.44337  
8.10753  
7.75558  
7.43885  
7.15896  
6.89886  
6.64468  
6.41927  
6.17855  
5.99442  
5.79548  
5.62311  
5.46575  
5.31971  
5.18575  
5.05407  
4.93166  
4.81958  
4.71484  
4.62727  
4.54536  
4.47146  
4.40447  
4.34049  
4.28613  
4.23977  
4.1967  
4.16114  
4.1353  
4.1148  
4.098  
4.08753  
4.08937  
