92.7308  
199.559  
352.97  
90.6946  
73.2398  
399.636  
132.811  
316.397  
3605.27  
910.053  
1205.73  
1036.42  
321.688  
103.522  
225.851  
11.8405  
136.394  
899.598  
356.871  
89.1999  
32.9427  
218.974  
175.206  
295.552  
184.735  
308.824  
517.043  
190.083  
50.5049  
246.054  
93.1687  
228.907  
66.0688  
69.2916  
60.409  
47.2483  
19.9422  
28.3497  
17.6006  
16.1458  
14.4845  
12.9798  
11.7132  
10.5588  
9.56549  
8.80325  
8.06025  
7.42476  
6.86514  
6.35602  
5.90635  
5.4835  
5.09979  
4.75596  
4.44374  
4.15987  
3.89633  
3.65979  
3.44028  
3.23843  
3.05074  
2.87867  
2.71619  
2.5695  
2.43545  
2.30484  
2.18227  
2.10517  
1.99358  
1.91022  
1.83097  
1.76512  
1.69138  
1.62769  
1.58911  
1.54986  
1.50882  
1.47294  
1.45035  
1.43233  
1.40859  
1.40157  
1.42428  
