38.9786  
229.036  
205.955  
236.477  
311.043  
594.532  
1454.41  
53.7524  
792.135  
779.533  
1333.45  
869.868  
1045.4  
1445.98  
430.037  
472.868  
954.354  
90.3138  
93.0497  
54.4192  
8.39253  
594.873  
73.7133  
129.907  
227.536  
116.885  
400.512  
157.986  
39.903  
63.6856  
139.068  
77.8498  
9.86955  
4.63825  
6.39608  
8.61101  
7.89615  
7.71177  
4.69841  
3.90969  
3.44024  
3.04869  
2.78338  
2.45351  
2.26496  
2.07617  
1.90545  
1.76112  
1.62799  
1.50844  
1.40486  
1.31241  
1.21112  
1.12282  
1.04818  
0.976552  
0.912833  
0.859185  
0.790747  
0.735934  
0.694274  
0.650201  
0.609607  
0.57355  
0.539509  
0.5046  
0.479013  
0.443901  
0.420629  
0.397446  
0.37666  
0.357379  
0.342129  
0.323323  
0.313319  
0.301672  
0.29129  
0.283539  
0.276356  
0.270501  
0.267789  
0.265305  
0.26418  
