191.331  
335.344  
448.882  
526.544  
432.688  
881.699  
745.919  
486.399  
752.46  
323.001  
308.005  
1036.91  
217.44  
1534.49  
644.083  
1019.88  
127.5  
158.496  
192.142  
240.109  
216.66  
208.571  
200.371  
5.89567  
499.699  
558.914  
160.805  
173.871  
124.412  
34.3289  
218.736  
13.7991  
60.1887  
86.4948  
31.8676  
15.4741  
25.1158  
20.7209  
17.8152  
16.5891  
15.3069  
14.2832  
13.2354  
12.6518  
11.8145  
11.2491  
10.6666  
10.1648  
9.71807  
9.30966  
8.91334  
8.57466  
8.23778  
7.95167  
7.68417  
7.44063  
7.22138  
7.01739  
6.83477  
6.63252  
6.4721  
6.3223  
6.18317  
6.05567  
5.9259  
5.82171  
5.7153  
5.629  
5.53714  
5.46081  
5.39121  
5.3288  
5.27404  
5.20669  
5.17773  
5.13647  
5.10917  
5.07243  
5.05015  
5.03081  
5.02014  
5.01858  
5.00175  
