259.371  
87.1012  
234.846  
114.025  
6.25798  
183.716  
104.057  
485.289  
335.355  
861.054  
1855.72  
56.4765  
201.88  
4121.47  
163.685  
123.529  
611.263  
76.1162  
100.173  
49.6044  
223.561  
493.47  
294.222  
355.164  
985.472  
150.411  
271.511  
237.469  
353.984  
103.538  
67.6915  
3.93623  
3.60067  
4.56509  
9.68729  
10.2933  
3.64578  
0.0308768  
0.167401  
0.152402  
0.198607  
0.20596  
0.213846  
0.230828  
0.20822  
0.194257  
0.200622  
0.199335  
0.196654  
0.196549  
0.208214  
0.201995  
0.193054  
0.195126  
0.195672  
0.195545  
0.194897  
0.193938  
0.201472  
0.192555  
0.194794  
0.195578  
0.195785  
0.195427  
0.197107  
0.197776  
0.198401  
0.193362  
0.195376  
0.196373  
0.196571  
0.197368  
0.195906  
0.194457  
0.195716  
0.197057  
0.199374  
0.198124  
0.197829  
0.197539  
0.197659  
0.199718  
0.198705  
