9.55048  
675.59  
161.124  
78.7471  
28.1758  
44.1577  
402.367  
614.403  
153.798  
903.923  
1399.99  
2453.19  
12.4687  
2240.62  
157.571  
163.778  
104.905  
362.815  
12.55  
11.2199  
374.703  
317.004  
122  
617.442  
1174.21  
14.9554  
588.244  
51.3418  
78.4177  
53.1724  
14.5261  
68.9055  
30.8658  
56.4619  
45.2728  
4.69325  
2.65577  
0.508443  
0.740972  
0.634301  
0.490725  
0.423108  
0.339296  
0.318236  
0.292086  
0.272322  
0.230126  
0.204894  
0.182966  
0.169723  
0.148205  
0.13211  
0.121314  
0.10847  
0.0980438  
0.0887078  
0.0805421  
0.0717372  
0.0619569  
0.0569861  
0.0520046  
0.0465356  
0.0416089  
0.0370442  
0.033211  
0.0288067  
0.0273729  
0.0231706  
0.0197303  
0.0172491  
0.0149939  
0.0129524  
0.0109613  
0.00922587  
0.00804448  
0.00715066  
0.00548174  
0.00465712  
0.00387493  
0.00331854  
0.00274914  
0.00251579  
0.00304483  
