636.943  
665.319  
663.118  
918.821  
873.024  
917.154  
964.415  
981.725  
641.549  
717.423  
1145.88  
320.087  
445.243  
578.036  
507.13  
358.265  
315.24  
55.8369  
167.745  
155.049  
66.2172  
65.0504  
106.977  
153.974  
150.404  
152.734  
162.427  
105.962  
31.1665  
31.5318  
54.1595  
30.815  
32.527  
23.4294  
31.3467  
18.9552  
14.7486  
14.8876  
14.5859  
13.4484  
12.9422  
12.4397  
11.9236  
11.3171  
10.8096  
10.3395  
9.93035  
9.56287  
9.219  
8.88862  
8.58349  
8.28625  
8.00555  
7.762  
7.54433  
7.3426  
7.1518  
6.96997  
6.79384  
6.6265  
6.485  
6.35612  
6.23542  
6.12188  
6.02056  
5.91884  
5.81884  
5.73552  
5.65898  
5.58969  
5.52797  
5.47114  
5.41914  
5.37405  
5.32038  
5.30037  
5.26016  
5.23331  
5.21296  
5.19779  
5.18467  
5.17706  
5.18759  
