54.0654  
26.2094  
16.5315  
1.41468  
431.404  
219.428  
546.243  
173.334  
3632.3  
1129.52  
2303.22  
462.613  
472.288  
728.412  
1445.43  
224.825  
211.039  
42.0868  
524.739  
15.1703  
88.453  
93.136  
51.2564  
56.9956  
36.8115  
43.4403  
36.8869  
388.031  
0.427782  
4.48329  
59.2193  
33.8225  
24.9263  
0.0972871  
14.1102  
5.97591  
1.38845  
1.51449  
1.03192  
0.93833  
0.842689  
0.753729  
0.674784  
0.626786  
0.571549  
0.51734  
0.468858  
0.42701  
0.391518  
0.354336  
0.326087  
0.298457  
0.272056  
0.247409  
0.225861  
0.205761  
0.187614  
0.170277  
0.154865  
0.139517  
0.124769  
0.112194  
0.100542  
0.0894519  
0.0799837  
0.0700942  
0.0619668  
0.0539767  
0.0465961  
0.0396751  
0.0335085  
0.0280369  
0.0225127  
0.0190072  
0.0147827  
0.0107731  
0.00791707  
0.00567262  
0.00358316  
0.00195652  
0.000989779  
0.000162405  
3.25098e-07  
