340.509  
85.7995  
282.024  
111.017  
24.2255  
296.106  
163.375  
258.776  
338.601  
753.602  
2127.11  
87.8459  
120.254  
3894.39  
49.9144  
232.348  
495.901  
25.4079  
70.3421  
7.50036  
417.367  
340.963  
286.68  
451.812  
717.607  
36.7639  
414.127  
613.75  
477.903  
27.1124  
20.0357  
6.37989  
2.44873  
0.773665  
5.81829  
12.1908  
5.76566  
0.119503  
0.167349  
0.0971685  
0.121109  
0.133735  
0.130363  
0.160247  
0.151626  
0.144828  
0.156271  
0.161213  
0.165307  
0.169131  
0.184706  
0.191052  
0.189361  
0.192866  
0.198811  
0.2034  
0.206932  
0.210058  
0.22164  
0.219409  
0.222365  
0.226411  
0.230008  
0.232198  
0.236462  
0.241166  
0.244829  
0.240417  
0.2434  
0.246933  
0.248582  
0.250866  
0.251098  
0.248935  
0.25221  
0.254984  
0.259964  
0.258112  
0.258262  
0.258734  
0.258312  
0.260398  
0.261017  
