177.482  
63.245  
69.3154  
26.6862  
681.003  
553.723  
267.711  
2695.63  
624.445  
559.064  
1206.6  
1138.14  
526.276  
295.565  
1145.6  
577.614  
158.239  
82.4813  
145.298  
6.76874  
73.4662  
500.347  
63.1519  
141.504  
367.535  
393.599  
243.834  
687.455  
22.7289  
17.0799  
28.3495  
9.15382  
6.95404  
15.0469  
4.27121  
6.88168  
0.592855  
0.244699  
0.203874  
0.2757  
0.302447  
0.323889  
0.354656  
0.395581  
0.399698  
0.429733  
0.457493  
0.482369  
0.509265  
0.530597  
0.54916  
0.568711  
0.59021  
0.61072  
0.62811  
0.64526  
0.661393  
0.675279  
0.688932  
0.698908  
0.718604  
0.727924  
0.738969  
0.750273  
0.759639  
0.770316  
0.774518  
0.783637  
0.791529  
0.797842  
0.804324  
0.810475  
0.816142  
0.819817  
0.825011  
0.822744  
0.825997  
0.830914  
0.832496  
0.832362  
0.837428  
0.840365  
0.83373  
