2443.69  
1405.19  
911.774  
408.501  
941.535  
610.089  
454.465  
2003.12  
776.067  
117.148  
1229.83  
328.912  
120.503  
161.007  
131.763  
6.58984  
84.2788  
53.1911  
18.5341  
219.838  
89.2487  
297.928  
92.3882  
45.7304  
17.4283  
114.636  
265.169  
28.3007  
18.3646  
108.221  
32.8076  
4.87394  
11.7834  
27.7323  
7.81938  
7.96369  
1.94484  
1.66249  
1.14839  
1.10041  
1.02365  
0.906547  
0.826725  
0.712413  
0.647326  
0.570041  
0.51016  
0.458407  
0.41305  
0.369535  
0.335485  
0.296819  
0.268943  
0.245038  
0.221521  
0.200277  
0.18298  
0.16562  
0.1478  
0.133727  
0.121389  
0.109193  
0.098675  
0.089016  
0.0792012  
0.0711364  
0.0643848  
0.057611  
0.0519842  
0.0461586  
0.0410671  
0.0364436  
0.0321575  
0.0291972  
0.0258477  
0.0238133  
0.0212058  
0.018901  
0.0173814  
0.016141  
0.0151561  
0.0148965  
0.0145327  
