29.7872  
27.39  
67.5298  
107.726  
124.708  
56.9921  
412.09  
832.789  
114.712  
285.935  
580.806  
2626.94  
89.1472  
1165.12  
219.887  
364.771  
1841.19  
310.029  
692.241  
350.072  
56.267  
173.049  
119.962  
128.665  
211.634  
330.704  
704.135  
511.537  
474.929  
465.078  
24.2501  
35.1776  
0.0844155  
13.7974  
16.4774  
4.53708  
0.0843496  
0.0819385  
0.268429  
0.311262  
0.342475  
0.380527  
0.428433  
0.463154  
0.489947  
0.539949  
0.582774  
0.625671  
0.667386  
0.706918  
0.743251  
0.780484  
0.816819  
0.852067  
0.883267  
0.914698  
0.945125  
0.973563  
0.992976  
1.02426  
1.04479  
1.06623  
1.08707  
1.10673  
1.12313  
1.14501  
1.16049  
1.17458  
1.18758  
1.19926  
1.21125  
1.22196  
1.23155  
1.24113  
1.24325  
1.25741  
1.26068  
1.26478  
1.26878  
1.27124  
1.27488  
1.27465  
1.28253  
