733.145  
762.033  
856.868  
916.731  
936.339  
837.749  
880.513  
1017.15  
615.068  
708.397  
609.537  
589.164  
595.521  
471.56  
317.597  
251.698  
392.563  
209.401  
150.587  
88.0193  
175.644  
73.7966  
163.184  
86.5388  
65.4772  
296.028  
53.411  
62.5472  
65.575  
60.7355  
54.4072  
61.1758  
17.3694  
20.699  
26.7735  
17.485  
18.5924  
13.983  
13.5478  
13.1094  
12.7916  
12.345  
11.8878  
11.3664  
10.8268  
10.3699  
9.96614  
9.60518  
9.26729  
8.94582  
8.64602  
8.3254  
8.07206  
7.83281  
7.62005  
7.42383  
7.2347  
7.0571  
6.87897  
6.73555  
6.58485  
6.45798  
6.34147  
6.23219  
6.13722  
6.03629  
5.9388  
5.86044  
5.78039  
5.71585  
5.65607  
5.60166  
5.55274  
5.50338  
5.46322  
5.44027  
5.4015  
5.37362  
5.35516  
5.34065  
5.32823  
5.31735  
5.32665  
