705.865  
649.788  
775.075  
753.297  
796.531  
1005.86  
801.224  
891.948  
1126.65  
612.494  
1097.44  
397.783  
488.662  
457.719  
262.432  
139.627  
463.546  
174.013  
50.517  
239.939  
118.628  
105.685  
133.879  
135.029  
92.5748  
100.045  
105.247  
57.4916  
87.9267  
147.977  
42.0776  
91.0099  
42.0522  
37.0216  
23.5949  
18.6593  
17.5151  
15.3142  
14.6329  
14.8585  
14.4734  
13.9916  
13.3896  
12.7047  
12.111  
11.5446  
11.0387  
10.5693  
10.1287  
9.70862  
9.31954  
8.91974  
8.58254  
8.26048  
7.97232  
7.7049  
7.45073  
7.20498  
6.97613  
6.76999  
6.57481  
6.40375  
6.2408  
6.093  
5.94563  
5.81529  
5.69208  
5.56918  
5.46979  
5.37638  
5.29284  
5.21698  
5.14491  
5.08595  
5.01802  
4.98343  
4.9349  
4.90052  
4.8728  
4.85202  
4.83618  
4.82383  
4.82015  
