584.024  
385.93  
382.033  
559.528  
618.937  
487.709  
890.185  
749.516  
2400.81  
1080.16  
449.091  
1170.83  
1069.23  
450.001  
138.582  
176.114  
88.4563  
359.465  
0.998053  
128.833  
33.4706  
34.3787  
93.655  
75.2946  
254.633  
178.858  
66.2299  
32.2149  
64.1289  
80.8084  
3.85808  
79.4668  
27.2353  
29.059  
30.1748  
41.9125  
25.8737  
21.465  
19.4894  
17.1935  
15.6118  
14.2735  
13.0636  
12.0293  
11.1088  
10.2951  
9.55156  
8.90451  
8.32018  
7.79598  
7.28519  
6.84208  
6.43301  
6.05754  
5.71316  
5.39736  
5.11244  
4.841  
4.59126  
4.34548  
4.14102  
3.94778  
3.76937  
3.60501  
3.45739  
3.30242  
3.17496  
3.04716  
2.93953  
2.83895  
2.74883  
2.66502  
2.59791  
2.52537  
2.4799  
2.40541  
2.37451  
2.33393  
2.3037  
2.27923  
2.26635  
2.26448  
2.23792  
