459.405  
422.557  
505.325  
611.945  
795.582  
958.798  
1180.29  
1554.85  
1122.19  
1121.83  
633.158  
810.43  
280.862  
239.001  
338.885  
337.617  
169.964  
159.941  
139.362  
118.627  
86.405  
33.3314  
27.6224  
107.794  
55.2851  
2.96897  
113.912  
116.101  
205.343  
183.438  
109.85  
60.1475  
40.4192  
35.4195  
38.4336  
34.567  
23.8899  
25.2172  
22.4604  
20.5991  
19.3118  
18.0381  
16.9406  
15.6503  
14.6268  
13.6216  
12.7677  
11.9776  
11.2469  
10.5668  
9.89074  
9.32668  
8.78212  
8.27803  
7.81736  
7.39292  
7.00053  
6.63325  
6.27023  
5.93895  
5.64549  
5.37053  
5.11866  
4.88425  
4.66475  
4.45641  
4.26469  
4.08335  
3.93505  
3.78882  
3.65719  
3.53791  
3.42913  
3.33448  
3.24767  
3.17742  
3.1013  
3.05624  
3.01223  
2.98056  
2.95247  
2.93388  
2.93829  
