867.523  
503.794  
799.256  
1039.19  
1119.83  
1058.2  
862.157  
919.738  
499.206  
271.808  
460.716  
652.413  
511.947  
512.575  
785.683  
422.991  
143.584  
153.337  
157.757  
67.8307  
146.262  
23.927  
28.9895  
41.9023  
422.66  
239.193  
167.362  
248.012  
25.2053  
30.5156  
3.59547  
58.6562  
13.3955  
4.78906  
13.1677  
6.28056  
10.4518  
7.79173  
7.48573  
6.43356  
6.24708  
6.13759  
6.11338  
5.99878  
5.98443  
6.03006  
6.09276  
6.15255  
6.21885  
6.27823  
6.36407  
6.4353  
6.49362  
6.57647  
6.65661  
6.73245  
6.80863  
6.8608  
6.92418  
6.99147  
7.0588  
7.11669  
7.171  
7.22226  
7.26503  
7.33886  
7.33392  
7.41722  
7.44667  
7.48369  
7.51943  
7.55252  
7.56068  
7.59287  
7.6175  
7.62541  
7.67696  
7.66832  
7.68237  
7.69057  
7.6883  
7.69955  
7.71643  
