620.436  
693.423  
719.369  
639.289  
855.189  
913.26  
921.63  
841.901  
991.779  
1176.71  
808.165  
742.375  
438.794  
386.556  
182.482  
222.112  
218.155  
201.914  
265.365  
182.816  
203.783  
127.635  
66.6069  
59.7389  
39.6346  
44.6008  
89.7769  
113.237  
70.3635  
93.5236  
110.846  
59.8977  
34.0003  
35.2026  
22.2165  
24.1645  
21.0231  
17.9831  
17.7552  
16.6474  
15.8607  
15.07  
14.2955  
13.4809  
12.7481  
12.0362  
11.4499  
10.9063  
10.3931  
9.92424  
9.47246  
9.05303  
8.65499  
8.30421  
7.98171  
7.68576  
7.40724  
7.14924  
6.89405  
6.65322  
6.44513  
6.25215  
6.07583  
5.9102  
5.75908  
5.61575  
5.47173  
5.34746  
5.23863  
5.13873  
5.04728  
4.96578  
4.88926  
4.82074  
4.74904  
4.70577  
4.65309  
4.62175  
4.59082  
4.5676  
4.55007  
4.5392  
4.53602  
