508.997  
827.576  
751.105  
581.272  
876.858  
706.541  
1015.22  
1058.13  
1066.38  
709.375  
1123.73  
302.63  
458.085  
273.421  
479.879  
466.425  
199.464  
175.251  
547.819  
56.8856  
230.986  
40.4458  
166.163  
56.8181  
72.337  
108.559  
30.2534  
32.2278  
117.798  
10.8684  
87.0543  
49.525  
69.6417  
31.9293  
15.7929  
30.3849  
12.7864  
14.6208  
13.7028  
12.6908  
12.0928  
11.4034  
10.8192  
10.1083  
9.46352  
8.88422  
8.40324  
7.95559  
7.53426  
7.15962  
6.78779  
6.4208  
6.11282  
5.82354  
5.55991  
5.31831  
5.08953  
4.87154  
4.67795  
4.46866  
4.30582  
4.1488  
4.0034  
3.86681  
3.74162  
3.62148  
3.51831  
3.41913  
3.32246  
3.24092  
3.16623  
3.09934  
3.03367  
2.98381  
2.93346  
2.88719  
2.84787  
2.81893  
2.79404  
2.77371  
2.76175  
2.75665  
2.74896  
