3.11106  
101.284  
71.8256  
87.3467  
36.3053  
624.546  
69.1513  
184.621  
3113.76  
1341.82  
1200.68  
435.525  
2092.92  
1159.65  
295.561  
217.976  
458.993  
238.481  
160.983  
311.936  
89.0502  
68.4974  
2.92609  
233.177  
247.82  
274.791  
12.5711  
217.859  
85.3746  
27.8382  
37.7865  
51.3357  
1.53211  
14.6195  
11.5714  
3.13857  
3.05419  
2.13875  
1.73569  
1.32779  
1.06703  
0.905959  
0.781591  
0.700473  
0.63284  
0.5772  
0.538059  
0.503639  
0.474797  
0.457638  
0.438972  
0.416457  
0.405542  
0.391096  
0.379733  
0.369942  
0.361483  
0.353582  
0.34712  
0.339635  
0.335913  
0.331573  
0.327178  
0.323392  
0.321837  
0.317613  
0.315732  
0.308404  
0.30844  
0.306287  
0.30445  
0.30267  
0.301914  
0.301078  
0.297127  
0.299036  
0.296906  
0.297003  
0.296103  
0.295756  
0.294894  
0.297327  
0.293572  
