11.1613  3.04137  
-5.61163  3.04137  
-2.88746  3.04137  
3.698  3.04137  
2.67757  3.04137  
0.563947  3.04137  
1.51167  3.04137  
0.499512  3.04137  
0.527293  3.04137  
7.15623  3.04137  
6.3467  3.04137  
2.07705  3.04137  
8.2593  3.04137  
11.1689  3.04137  
-1.46183  3.04137  
0.0138546  3.04137  
10.4756  3.04137  
3.9636  3.04137  
5.6803  3.04137  
5.67941  3.04137  
2.66852  3.04137  
6.02232  3.04137  
-0.296259  3.04137  
-2.84776  3.04137  
-1.50677  3.04137  
-0.707965  3.04137  
6.97693  3.04137  
0.950288  3.04137  
5.44114  3.04137  
