0.800289  1.14926  
14.3551  1.14926  
1.10301  1.14926  
0.647453  1.14926  
-0.27429  1.14926  
0.136007  1.14926  
0.182636  1.14926  
0.41256  1.14926  
1.75417  1.14926  
0.711529  1.14926  
0.0558707  1.14926  
0.443954  1.14926  
-1.95493  1.14926  
0.427149  1.14926  
-0.892136  1.14926  
0.0357998  1.14926  
0.917202  1.14926  
0.809182  1.14926  
-0.357439  1.14926  
-0.548293  1.14926  
9.41619  1.14926  
0.0981014  1.14926  
1.73313  1.14926  
1.18903  1.14926  
0.884253  1.14926  
0.275096  1.14926  
0.124386  1.14926  
0.405563  1.14926  
0.437811  1.14926  
