0.384176  0.502159  
0.574614  0.502159  
1.03635  0.502159  
7.05917  0.502159  
1.22073  0.502159  
0.541107  0.502159  
0.353329  0.502159  
0.0670995  0.502159  
0.468725  0.502159  
0.2656  0.502159  
0.346403  0.502159  
-1.28633  0.502159  
2.53488  0.502159  
0.551561  0.502159  
0.95836  0.502159  
0.769934  0.502159  
0.420555  0.502159  
0.104636  0.502159  
-1.35169  0.502159  
-1.07654  0.502159  
-0.192154  0.502159  
1.09827  0.502159  
-0.443101  0.502159  
0.0770302  0.502159  
0.565353  0.502159  
-0.737433  0.502159  
0.0956896  0.502159  
-0.0125297  0.502159  
0.168818  0.502159  
