0.311785  0.525115  
0.473489  0.525115  
1.5411  0.525115  
0.867541  0.525115  
0.0721481  0.525115  
1.35379  0.525115  
1.44717  0.525115  
-0.599882  0.525115  
-0.716067  0.525115  
2.30758  0.525115  
-0.603578  0.525115  
0.333464  0.525115  
2.36459  0.525115  
-0.354533  0.525115  
3.33004  0.525115  
-1.72208  0.525115  
-0.890497  0.525115  
-0.578912  0.525115  
2.20764  0.525115  
-3.03794  0.525115  
1.69006  0.525115  
-0.960073  0.525115  
0.53855  0.525115  
-0.224431  0.525115  
0.147691  0.525115  
0.835275  0.525115  
5.03843  0.525115  
0.580155  0.525115  
-0.524175  0.525115  
