0.866773  0.0441848  
0.507598  0.0441848  
-0.140859  0.0441848  
0.16188  0.0441848  
1.78325  0.0441848  
-0.856914  0.0441848  
-1.99766  0.0441848  
0.445894  0.0441848  
-0.417618  0.0441848  
0.736542  0.0441848  
-0.19534  0.0441848  
0.603139  0.0441848  
-7.12509  0.0441848  
-1.22491  0.0441848  
0.375876  0.0441848  
1.53538  0.0441848  
1.80733  0.0441848  
2.51048  0.0441848  
0.324945  0.0441848  
-0.537973  0.0441848  
-0.895223  0.0441848  
0.872317  0.0441848  
0.953215  0.0441848  
-0.0699749  0.0441848  
-0.678038  0.0441848  
1.21152  0.0441848  
0.901235  0.0441848  
-0.327906  0.0441848  
0.151498  0.0441848  
