-2.77498  0.160125  
4.41829  0.160125  
1.31557  0.160125  
-0.821528  0.160125  
-4.84843  0.160125  
-1.7008  0.160125  
-2.15491  0.160125  
1.24576  0.160125  
2.25757  0.160125  
-1.02903  0.160125  
-0.39966  0.160125  
-1.34784  0.160125  
1.07143  0.160125  
-2.22739  0.160125  
-4.17382  0.160125  
2.65193  0.160125  
2.96837  0.160125  
0.0536672  0.160125  
-0.805121  0.160125  
3.12824  0.160125  
0.610807  0.160125  
0.922688  0.160125  
2.02078  0.160125  
1.11753  0.160125  
0.307805  0.160125  
0.415774  0.160125  
0.139565  0.160125  
2.62801  0.160125  
-0.346652  0.160125  
