0.398223  0.196041  
3.67782  0.196041  
-3.44539  0.196041  
-1.85708  0.196041  
0.184033  0.196041  
1.04092  0.196041  
0.424616  0.196041  
0.16684  0.196041  
-0.125997  0.196041  
0.192473  0.196041  
-0.123699  0.196041  
-1.28228  0.196041  
-0.470635  0.196041  
1.24127  0.196041  
0.244103  0.196041  
3.01383  0.196041  
1.28755  0.196041  
-0.409103  0.196041  
-2.63201  0.196041  
0.0361872  0.196041  
1.7624  0.196041  
0.287099  0.196041  
0.56583  0.196041  
0.188553  0.196041  
-0.215386  0.196041  
0.158121  0.196041  
1.57253  0.196041  
0.336904  0.196041  
-0.532543  0.196041  
