0.0325723  0.653275  
-1.32561  0.653275  
1.27011  0.653275  
0.0827678  0.653275  
-1.67832  0.653275  
-0.310672  0.653275  
-0.698891  0.653275  
0.0377475  0.653275  
1.91164  0.653275  
-0.204416  0.653275  
0.14718  0.653275  
0.89798  0.653275  
4.01346  0.653275  
0.736872  0.653275  
-0.286043  0.653275  
1.71919  0.653275  
0.614052  0.653275  
-1.70663  0.653275  
1.59788  0.653275  
2.70139  0.653275  
0.800069  0.653275  
0.376063  0.653275  
0.163828  0.653275  
0.142076  0.653275  
-0.397803  0.653275  
-0.134806  0.653275  
7.01021  0.653275  
1.08312  0.653275  
0.34997  0.653275  
