1.36783  0.462547  
0.0215547  0.462547  
0.996825  0.462547  
-1.52465  0.462547  
2.83556  0.462547  
-0.139127  0.462547  
-0.467772  0.462547  
-0.735174  0.462547  
-0.839444  0.462547  
0.593008  0.462547  
-0.306496  0.462547  
0.0657741  0.462547  
2.50368  0.462547  
0.0566776  0.462547  
-3.01048  0.462547  
2.29299  0.462547  
3.53285  0.462547  
-0.427084  0.462547  
-0.797705  0.462547  
2.47969  0.462547  
1.09055  0.462547  
0.129439  0.462547  
1.17529  0.462547  
0.50999  0.462547  
0.148859  0.462547  
-0.878685  0.462547  
0.786987  0.462547  
1.75175  0.462547  
0.201191  0.462547  
