0.206036  0.921156  
1.34625  0.921156  
0.692376  0.921156  
-1.58821  0.921156  
-0.526765  0.921156  
0.345136  0.921156  
0.241609  0.921156  
-0.656227  0.921156  
1.04678  0.921156  
-0.0967836  0.921156  
-0.536704  0.921156  
0.0979148  0.921156  
-1.27893  0.921156  
0.206451  0.921156  
-0.79658  0.921156  
0.493694  0.921156  
-0.782317  0.921156  
0.160335  0.921156  
0.0184084  0.921156  
0.249788  0.921156  
30.936  0.921156  
-0.223384  0.921156  
-2.13996  0.921156  
0.118829  0.921156  
0.461365  0.921156  
-0.529329  0.921156  
0.311237  0.921156  
0.205636  0.921156  
-1.26909  0.921156  
