0.557459  0.944923  
12.412  0.944923  
3.5588  0.944923  
-1.00214  0.944923  
0.0667626  0.944923  
-0.168263  0.944923  
0.949974  0.944923  
-1.52359  0.944923  
1.74031  0.944923  
0.129138  0.944923  
-1.20597  0.944923  
0.0699323  0.944923  
-1.33536  0.944923  
1.19521  0.944923  
-0.445817  0.944923  
1.62814  0.944923  
0.0419962  0.944923  
-0.262307  0.944923  
-0.515388  0.944923  
-0.621977  0.944923  
9.57018  0.944923  
0.391819  0.944923  
0.418649  0.944923  
-0.0936623  0.944923  
2.38765  0.944923  
-0.340082  0.944923  
0.100658  0.944923  
-0.248821  0.944923  
-0.0525631  0.944923  
