7.13338  2.83179  
-4.87217  2.83179  
-0.614373  2.83179  
3.3409  2.83179  
2.5378  2.83179  
0.524879  2.83179  
1.96117  2.83179  
-0.324849  2.83179  
-0.607637  2.83179  
5.68184  2.83179  
3.93922  2.83179  
3.24845  2.83179  
3.65883  2.83179  
7.19785  2.83179  
-0.0109295  2.83179  
3.53015  2.83179  
8.81746  2.83179  
6.2367  2.83179  
7.76334  2.83179  
5.91508  2.83179  
1.90206  2.83179  
7.75924  2.83179  
2.61273  2.83179  
-1.2321  2.83179  
-1.69315  2.83179  
-1.3098  2.83179  
1.56103  2.83179  
0.728201  2.83179  
6.73671  2.83179  
