-1.59127  0.276351  
-2.11379  0.276351  
-0.195493  0.276351  
5.98098  0.276351  
0.979646  0.276351  
1.23599  0.276351  
0.416773  0.276351  
1.67218  0.276351  
-1.16114  0.276351  
-1.40522  0.276351  
-0.849516  0.276351  
1.27402  0.276351  
-0.488235  0.276351  
0.0637901  0.276351  
0.709121  0.276351  
0.129378  0.276351  
0.386428  0.276351  
2.6918  0.276351  
-0.474826  0.276351  
-1.19246  0.276351  
0.639768  0.276351  
-1.84967  0.276351  
0.0563608  0.276351  
0.386307  0.276351  
-0.17187  0.276351  
2.11863  0.276351  
1.61702  0.276351  
-0.61087  0.276351  
-0.239636  0.276351  
