0.829437  0.901841  
2.43651  0.901841  
0.333672  0.901841  
-0.788718  0.901841  
-0.317827  0.901841  
0.0474529  0.901841  
0.343322  0.901841  
-0.0833359  0.901841  
0.015626  0.901841  
-0.0976574  0.901841  
-0.547977  0.901841  
-0.170305  0.901841  
-2.77608  0.901841  
0.529244  0.901841  
0.237736  0.901841  
1.61058  0.901841  
0.18818  0.901841  
0.438483  0.901841  
1.63393  0.901841  
-0.664132  0.901841  
24.4115  0.901841  
0.156277  0.901841  
-1.15792  0.901841  
-0.360403  0.901841  
0.013561  0.901841  
-0.0768497  0.901841  
-0.137211  0.901841  
0.792651  0.901841  
-0.686376  0.901841  
