-0.778619  0.302839  
2.14634  0.302839  
1.16326  0.302839  
-0.653529  0.302839  
0.511062  0.302839  
2.17741  0.302839  
-0.22133  0.302839  
-1.01721  0.302839  
-1.74749  0.302839  
1.1397  0.302839  
-0.401382  0.302839  
0.738049  0.302839  
4.45936  0.302839  
0.730673  0.302839  
1.13014  0.302839  
0.102035  0.302839  
-0.250844  0.302839  
-0.317493  0.302839  
-0.00149789  0.302839  
-1.38042  0.302839  
-0.349715  0.302839  
-0.125283  0.302839  
1.17348  0.302839  
-0.451692  0.302839  
0.62832  0.302839  
1.66  0.302839  
-0.413795  0.302839  
1.06802  0.302839  
-1.93519  0.302839  
