-0.345499  0.418063  
0.955208  0.418063  
-0.751056  0.418063  
-0.242408  0.418063  
-0.773487  0.418063  
-0.437372  0.418063  
-0.333772  0.418063  
-1.13251  0.418063  
0.772551  0.418063  
1.40405  0.418063  
0.848759  0.418063  
0.844994  0.418063  
-0.720961  0.418063  
1.94132  0.418063  
-3.37085  0.418063  
-1.79496  0.418063  
3.03668  0.418063  
4.92757  0.418063  
0.180064  0.418063  
-0.222232  0.418063  
-0.0145485  0.418063  
0.233175  0.418063  
-0.542548  0.418063  
0.834368  0.418063  
-0.0866812  0.418063  
-0.41521  0.418063  
0.750332  0.418063  
1.9666  0.418063  
4.61225  0.418063  
