-0.496866  0.0483514  
0.020008  0.0483514  
-0.228016  0.0483514  
-0.248048  0.0483514  
-2.89823  0.0483514  
1.3364  0.0483514  
0.661603  0.0483514  
-0.954888  0.0483514  
-0.0415874  0.0483514  
-1.32311  0.0483514  
0.521804  0.0483514  
0.435442  0.0483514  
1.8379  0.0483514  
-0.221752  0.0483514  
1.49878  0.0483514  
-1.22629  0.0483514  
-0.412331  0.0483514  
-2.38563  0.0483514  
5.17337  0.0483514  
0.755614  0.0483514  
1.04655  0.0483514  
-2.17712  0.0483514  
1.68505  0.0483514  
-0.277512  0.0483514  
-1.3492  0.0483514  
1.35668  0.0483514  
0.350935  0.0483514  
-0.837776  0.0483514  
-0.199579  0.0483514  
