7.70079  0.156001  
-6.89809  0.156001  
-2.75256  0.156001  
-0.744677  0.156001  
9.64583  0.156001  
4.40518  0.156001  
4.1176  0.156001  
-2.87537  0.156001  
-2.47729  0.156001  
4.55469  0.156001  
-0.340386  0.156001  
3.37211  0.156001  
-0.0377426  0.156001  
3.16041  0.156001  
5.12007  0.156001  
-0.419506  0.156001  
-2.43425  0.156001  
-2.96915  0.156001  
2.83862  0.156001  
-6.6781  0.156001  
1.25014  0.156001  
0.660243  0.156001  
-0.656881  0.156001  
-3.22035  0.156001  
-3.69735  0.156001  
-0.478594  0.156001  
-2.42421  0.156001  
-4.36612  0.156001  
1.16896  0.156001  
