-2.03499  0.965764  
2.84023  0.965764  
1.7207  0.965764  
1.6249  0.965764  
-7.14098  0.965764  
-0.910596  0.965764  
-1.57677  0.965764  
2.40587  0.965764  
1.19395  0.965764  
-0.856838  0.965764  
1.9035  0.965764  
-1.17231  0.965764  
2.54557  0.965764  
1.58273  0.965764  
-4.82763  0.965764  
2.95974  0.965764  
5.26983  0.965764  
2.36861  0.965764  
-0.611378  0.965764  
8.1006  0.965764  
0.308809  0.965764  
1.18991  0.965764  
1.63503  0.965764  
1.36974  0.965764  
0.769864  0.965764  
-0.331393  0.965764  
1.83265  0.965764  
3.73247  0.965764  
2.11536  0.965764  
