3.79859  1.95325  
-0.717242  1.95325  
5.21203  1.95325  
3.30131  1.95325  
1.50375  1.95325  
-0.705604  1.95325  
-0.786714  1.95325  
0.789818  1.95325  
0.42056  1.95325  
4.76747  1.95325  
2.05964  1.95325  
1.40673  1.95325  
4.86273  1.95325  
3.84137  1.95325  
1.12741  1.95325  
3.34286  1.95325  
5.17614  1.95325  
1.29695  1.95325  
0.381443  1.95325  
1.70109  1.95325  
-0.839958  1.95325  
4.16039  1.95325  
2.35655  1.95325  
1.1591  1.95325  
0.45753  1.95325  
0.235766  1.95325  
3.09831  1.95325  
1.96942  1.95325  
1.26684  1.95325  
