5.1831  1.33923  
-4.6156  1.33923  
-2.70483  1.33923  
1.12394  1.33923  
1.14185  1.33923  
-1.48442  1.33923  
-2.14483  1.33923  
-1.35888  1.33923  
0.0203796  1.33923  
3.68729  1.33923  
3.56433  1.33923  
-0.608826  1.33923  
4.27215  1.33923  
5.89377  1.33923  
-0.023286  1.33923  
5.22573  1.33923  
5.66027  1.33923  
3.20648  1.33923  
3.27574  1.33923  
4.42051  1.33923  
0.921158  1.33923  
5.29818  1.33923  
1.60066  1.33923  
-3.90132  1.33923  
-1.41666  1.33923  
-1.44468  1.33923  
2.80076  1.33923  
-2.05103  1.33923  
3.29569  1.33923  
