5.49601  0.87675  
1.09603  0.87675  
0.939553  0.87675  
1.61231  0.87675  
0.597162  0.87675  
0.603693  0.87675  
2.85558  0.87675  
1.71778  0.87675  
-0.4698  0.87675  
1.70611  0.87675  
1.03784  0.87675  
-0.17857  0.87675  
4.7647  0.87675  
1.62551  0.87675  
-1.71447  0.87675  
0.194442  0.87675  
0.354992  0.87675  
-0.904583  0.87675  
-1.86171  0.87675  
1.47306  0.87675  
0.626257  0.87675  
-0.621187  0.87675  
-1.24285  0.87675  
2.16354  0.87675  
-0.732233  0.87675  
0.955702  0.87675  
3.44656  0.87675  
1.61636  0.87675  
-1.73202  0.87675  
