7.20892  0.814396  
-10.8019  0.814396  
-7.75856  0.814396  
-0.101712  0.814396  
1.7482  0.814396  
-1.41505  0.814396  
0.679677  0.814396  
-1.88657  0.814396  
-0.804808  0.814396  
6.81951  0.814396  
1.60901  0.814396  
0.934525  0.814396  
8.19803  0.814396  
9.47633  0.814396  
-0.536211  0.814396  
1.16345  0.814396  
8.56401  0.814396  
-2.89439  0.814396  
4.34933  0.814396  
3.72395  0.814396  
3.24416  0.814396  
4.45099  0.814396  
-2.83285  0.814396  
-9.4612  0.814396  
-0.11493  0.814396  
-2.4844  0.814396  
5.17389  0.814396  
-5.32106  0.814396  
2.68718  0.814396  
