1.48069  0.393563  
-3.90487  0.393563  
-1.1457  0.393563  
1.58433  0.393563  
0.0361519  0.393563  
-1.38185  0.393563  
-0.78277  0.393563  
-0.0168563  0.393563  
-0.696252  0.393563  
1.78164  0.393563  
0.626025  0.393563  
-0.149912  0.393563  
1.94276  0.393563  
3.60483  0.393563  
-2.13371  0.393563  
1.87824  0.393563  
4.47302  0.393563  
0.485499  0.393563  
1.69512  0.393563  
2.54321  0.393563  
0.172201  0.393563  
2.78594  0.393563  
1.51313  0.393563  
-2.61533  0.393563  
-2.49552  0.393563  
-2.0166  0.393563  
2.60146  0.393563  
-1.73966  0.393563  
1.28811  0.393563  
