1.01246  0.651249  
-1.43877  0.651249  
0.122617  0.651249  
6.75774  0.651249  
3.99394  0.651249  
1.06639  0.651249  
0.796565  0.651249  
-0.559332  0.651249  
0.510323  0.651249  
0.226003  0.651249  
1.40755  0.651249  
0.1749  0.651249  
0.962852  0.651249  
1.60429  0.651249  
0.435587  0.651249  
0.173327  0.651249  
1.59843  0.651249  
-1.05164  0.651249  
-1.30052  0.651249  
-0.971014  0.651249  
-0.547097  0.651249  
0.312929  0.651249  
0.828436  0.651249  
0.233162  0.651249  
0.0718592  0.651249  
0.780604  0.651249  
0.335406  0.651249  
0.515894  0.651249  
0.833332  0.651249  
