2.46714  2.51192  2.91024  1.24491  1.95812  2.08693  0.43961  4.15559  4.63536  5.32246  2.57195  2.28095  2.37824  2.28663  2.59868  2.47298  663.974  2.48322  1.89872  2.54379  2.65035  3.07885  2.74506  -10.2136  2.11832  0.0368135  0.49816  2.2947  1.47894  2.4049  
-1.99467  -1.68934  -1.31327  -4.09889  -1.78916  -2.29218  -7.55918  4.49564  -17.1572  -5.97829  -2.38307  -3.44657  -2.35283  -1.97887  -1.47469  -2.68175  1516.43  -1.81197  -4.76374  -1.45887  -2.23024  -0.694906  -1.52891  -13.1735  -3.19105  -1.45396  8.41301  -3.19281  -2.18666  -1.49795  
-5.22241  -4.90446  -4.76258  -6.91265  -4.71401  -5.65335  -11.0772  0.349082  -20.2671  -10.0914  -5.7101  -6.66746  -5.84822  -4.88399  -4.75272  -5.32161  1630.29  -5.04779  -7.73674  -4.64218  -5.64358  -3.98373  -4.93805  -13.3041  -6.44335  -4.18719  6.57785  -6.5264  -3.9651  -4.70778  
-6.50667  -6.43043  -6.49546  -6.64192  -6.40836  -7.14242  -9.30483  -6.42897  -6.29329  -6.7248  -6.67127  -6.82193  -7.20587  -5.83037  -6.47167  -5.055  869.703  -6.53898  -6.70426  -6.28725  -6.75727  -6.13213  -6.66342  -10.1195  -6.88447  -7.09322  -4.03893  -6.99243  -4.3976  -6.4568  
-5.99896  -6.18811  -6.10859  -4.84766  -6.81261  -6.62267  -4.93687  -9.57543  6.8368  -1.64621  -5.75139  -5.29113  -6.35576  -5.22202  -6.33847  -3.69044  -254.297  -6.2919  -4.41948  -6.19898  -5.83526  -6.60678  -6.41051  -5.34234  -5.41613  -7.76167  -13.4386  -5.52769  -5.33035  -6.3901  
-4.55821  -4.8046  -4.45806  -3.48968  -5.93246  -4.94828  -1.06159  -6.28265  6.523  0.321047  -4.16693  -3.73822  -4.29107  -3.98347  -4.91208  -3.25298  -1050.5  -4.97272  -3.41949  -4.97274  -4.0674  -5.47883  -4.81598  -0.822062  -3.65656  -5.42203  -13.8797  -3.65277  -6.88117  -5.06085  
-3.13052  -3.22943  -3.0659  -3.18801  -3.90136  -3.29048  1.17505  -0.880166  -2.67884  -0.148784  -2.93703  -2.72432  -2.45899  -2.78529  -3.28064  -4.05965  -1202.79  -3.45092  -3.68258  -3.59955  -2.6822  -3.57989  -3.08021  2.99437  -2.58031  -2.08728  -7.56474  -2.28831  -6.99713  -3.58806  
-2.12569  -2.09794  -2.62618  -3.05974  -1.36753  -2.07711  2.16417  0.650895  -8.33262  0.653896  -2.25617  -1.87721  -1.66646  -1.68816  -2.17358  -4.61785  -902.243  -2.23822  -3.49488  -2.65293  -2.03928  -1.94785  -1.99894  6.43664  -1.9734  -0.421311  -2.65988  -1.43823  -4.41688  -2.66625  
-1.34662  -1.3995  -2.41084  -2.0288  0.533679  -0.875366  2.33735  -1.73166  -5.62944  3.92321  -1.66123  -0.871734  -1.54254  -0.498933  -1.45051  -3.21524  -547.673  -1.32846  -1.95462  -1.95946  -1.60495  -1.1099  -1.43197  8.92845  -1.09698  -0.876514  -3.66099  -0.748017  -0.969638  -2.09528  
-0.484552  -0.743193  -1.41223  -0.0777724  0.967391  0.570039  1.90577  -2.49561  0.246805  6.76723  -0.739143  0.107286  -1.11627  0.64426  -0.56084  0.350069  -366.313  -0.520826  0.0825396  -1.11736  -0.810131  -0.80095  -0.783441  8.89132  0.225919  -1.56063  -7.35449  -0.0980295  0.325794  -1.36865  
0.406793  0.0905105  0.241716  1.80568  0.22554  1.54645  1.46334  1.48687  3.72521  5.83772  0.378594  0.742735  0.0622842  1.2359  0.606063  4.42233  -309.963  0.204989  1.23359  -0.196938  0.233617  -0.447704  0.146701  5.56043  1.40144  -0.760774  -7.78483  0.33968  -0.91141  -0.47147  
0.971035  0.871196  1.41811  2.68692  -0.46112  0.994268  1.79193  6.10369  4.71428  1.3748  1.18844  0.999954  1.41242  0.996891  1.52162  6.70989  -246.962  0.668683  1.16986  0.271735  0.958344  0.182755  0.957577  0.679183  1.85835  1.02969  -3.35111  0.433711  -1.85525  0.169539  
0.996927  1.17465  1.36875  2.52063  -0.0928317  -1.12558  2.66465  5.19078  5.20885  -2.98621  1.36154  1.02768  1.91644  0.36413  1.65485  6.13498  -174.183  0.75814  0.698626  -0.00636194  1.10793  0.818369  1.20916  -2.47612  1.65376  1.76109  1.94945  0.287779  -0.309387  0.372059  
0.680333  0.865272  0.544984  1.95123  1.13703  -3.45778  2.54079  -0.953872  4.61651  -3.82556  1.03351  0.885706  1.15579  0.161121  1.11406  3.75603  -196.371  0.591521  0.631214  -0.612744  1.03239  1.11901  0.935859  -2.07018  1.25284  0.302374  3.39607  0.124829  2.08427  0.450367  
0.416892  0.299082  -0.0610782  1.50526  2.11575  -4.4032  0.363643  -5.31117  1.49167  -0.771449  0.599224  0.562211  -0.283292  0.733431  0.524337  1.78413  -315.531  0.405662  0.988871  -0.763045  1.18894  1.11878  0.520894  0.567962  0.92583  -2.09606  0.474178  0.0864114  1.92299  0.688022  
0.408748  0.0133344  -0.0462482  1.16383  1.98954  -3.47672  -2.55264  -2.82045  -2.39543  3.98601  0.331849  0.205126  -1.33001  1.54007  0.344978  1.44746  -356.375  0.352282  1.21561  -0.0799076  1.55538  1.12844  0.249698  2.3185  0.597305  -3.00664  -3.17867  0.171177  -1.05192  0.865126  
0.533317  0.196579  0.203199  0.687185  0.964368  -1.55149  -3.09181  3.36826  -3.5084  8.13765  0.230017  0.0744746  -1.35831  1.71529  0.471447  1.86682  -173.141  0.427224  0.937106  1.04759  1.68911  1.33784  0.152477  1.09031  0.288783  -1.41885  -3.86452  0.317859  -2.9988  0.597033  
0.556868  0.504438  0.220707  0.12193  -0.014607  0.0486624  0.415741  6.08686  -1.26362  10.6045  0.14884  0.238097  -0.599401  1.00647  0.517769  1.29872  115.755  0.532715  0.26119  1.85545  1.28413  1.63529  0.201279  -2.80577  0.268435  1.03329  -1.37649  0.472744  -0.790057  0.00234262  
0.401159  0.464005  0.00254694  -0.183807  -0.24697  0.564136  5.75696  2.9971  1.22227  11.0651  -0.0207446  0.433571  0.320947  0.0303843  0.331295  -0.670391  217.652  0.557888  -0.413201  1.87702  0.5061  1.85542  0.429664  -7.41927  0.602315  1.68763  1.40037  0.614892  3.60091  -0.310401  
0.193832  0.0625064  -0.157266  -0.0417833  0.149938  0.152563  8.0662  -1.32395  1.44275  9.00277  -0.263305  0.371776  1.0297  -0.389936  0.112687  -2.48601  40.5315  0.437446  -0.833585  1.26079  -0.22695  1.93797  0.787979  -10.4339  0.893706  -0.21297  1.78995  0.766319  5.20375  0.00316226  
0.111142  -0.166305  -0.106641  0.308614  0.560816  -0.397658  4.13526  -1.78392  0.629175  4.2253  -0.446002  0.0851139  1.53748  -0.0414772  0.0902879  -2.33873  -131.929  0.210444  -1.04579  0.549418  -0.656003  1.76569  1.03531  -10.3008  0.673492  -2.61508  0.0342763  0.963832  2.20792  0.533826  
0.203658  0.251742  0.0744056  0.479526  0.596342  -0.262733  -4.28863  1.3656  0.97128  -1.95919  -0.38872  -0.119703  1.84723  0.57018  0.227995  -0.266013  29.9983  0.0177224  -1.26019  0.205563  -0.80664  1.00909  0.946054  -7.23511  0.0738741  -2.91628  -1.27708  1.13926  -1.81621  0.583527  
0.368005  1.09988  0.290232  0.399983  0.414708  0.843197  -11.5355  4.04963  1.86524  -6.67949  -0.00846703  -0.0738223  1.74878  0.822152  0.32633  1.86444  486.44  0.00186571  -1.54754  0.294898  -0.778223  -0.518838  0.613896  -3.69885  -0.227154  -0.806403  -0.0956294  1.0601  -2.49739  0.0285784  
0.450733  1.58766  0.522743  0.37282  0.382741  2.42042  -12.4993  3.747  0.969657  -7.66097  0.530719  0.0475401  1.22548  0.569442  0.30315  2.36039  844.94  0.165908  -1.73957  0.495937  -0.552795  -2.29458  0.396386  -2.79031  0.135733  1.52078  2.91041  0.519459  0.00340921  -0.512789  
0.382508  1.16903  0.730333  0.635617  0.57997  3.50595  -6.5836  1.41087  -1.6663  -5.39056  0.853074  -0.017562  0.801443  0.156997  0.270432  1.27539  804.507  0.365932  -1.59579  0.387657  -0.0600896  -3.21586  0.517552  -5.23741  0.704072  2.00358  5.08351  -0.332945  1.62583  -0.406449  
0.23153  0.166862  0.794069  1.02369  0.676414  3.36532  2.03037  -0.98077  -2.81054  -2.71511  0.667981  -0.225104  1.13109  -0.0285842  0.34318  -0.0368809  463.027  0.467436  -1.11751  -0.189319  0.62398  -2.5579  0.792783  -8.07551  0.725477  0.872033  4.41879  -0.934013  -0.242429  0.28194  
0.115834  -0.559  0.634827  1.11402  0.29985  1.98047  7.81716  -2.51917  -0.250563  -1.78358  0.0645995  -0.22771  2.12548  0.056982  0.447727  -0.487809  113.58  0.460867  -0.562687  -0.984458  1.204  -0.818734  0.810409  -7.46001  0.0650301  -0.144667  1.17943  -0.788734  -3.78315  0.883678  
0.0902371  -0.495034  0.337721  0.712038  -0.539833  0.0223988  8.1989  -2.80022  4.00416  -1.8309  -0.508578  0.192205  2.74198  0.15823  0.41378  -0.0938352  -88.5235  0.421556  -0.173752  -1.47284  1.36376  0.739951  0.390242  -3.04315  -0.594372  -0.240898  -2.50506  -0.0131272  -5.41856  0.856062  
0.12673  0.0950264  0.145587  0.0785119  -1.38799  -1.6111  5.22442  -1.31693  5.74784  -0.477228  -0.621838  0.800138  1.99422  0.0621064  0.213727  0.507493  -169.374  0.396066  0.0519979  -1.19426  1.0599  1.35263  -0.202883  1.11935  -0.541378  -0.294005  -4.25178  0.700195  -4.0986  0.297291  
0.177313  0.568696  0.270728  -0.308563  -1.68741  -2.33521  3.39229  1.40981  3.57157  2.87183  -0.242773  1.09182  0.0990871  -0.178095  0.00160261  0.837471  -139.858  0.362051  0.255192  -0.0930071  0.58017  1.45792  -0.530893  0.926615  0.185575  -1.37163  -2.93288  0.789871  -1.70756  -0.233083  
0.220495  0.567771  0.709739  -0.184289  -1.18969  -2.20125  5.35351  3.13274  0.328439  5.81173  0.261738  0.801968  -1.57775  -0.329644  -0.0798184  0.706373  14.6493  0.282805  0.423381  1.35651  0.265429  1.93744  -0.435264  -3.10671  0.932212  -3.25504  0.663053  0.399797  -0.309454  -0.285288  
0.246976  0.237179  1.19918  0.318154  -0.113145  -1.75744  9.35373  1.80672  -0.637145  5.62785  0.495284  0.174297  -1.81173  -0.241607  -0.0493914  0.0473114  160.154  0.152173  0.33947  2.39185  0.193425  2.94619  -0.163306  -6.27937  1.16237  -4.73438  4.22407  0.160709  -0.537959  0.128546  
0.24327  -0.0495845  1.36585  0.825089  1.02336  -1.50857  10.9628  -1.79853  0.763017  2.71084  0.394734  -0.295344  -0.682057  0.0298953  -0.00274444  -0.94943  69.1569  -0.00758979  -0.12168  2.4647  0.176794  3.66723  -0.0536584  -5.12911  0.902352  -5.0046  5.59845  0.43728  -2.32315  0.637525  
0.21517  -0.0528263  1.01089  1.02414  1.70135  -1.4088  7.78294  -4.39708  1.87695  0.542521  0.233979  -0.311969  0.619187  0.310943  0.0489014  -1.70195  -220.137  -0.15976  -0.728152  1.63517  0.0587574  3.25952  -0.164817  -1.23046  0.577718  -4.17134  4.55914  0.943463  -5.27312  0.862708  
0.208121  0.200787  0.32207  0.856799  1.65615  -0.992452  2.23349  -3.44265  1.23455  2.00909  0.308052  -0.00535845  0.971876  0.489167  0.172164  -1.66597  -263.157  -0.234456  -0.993775  0.507967  -0.070767  1.82198  -0.258804  1.01395  0.546668  -2.75987  2.97635  1.12169  -7.51221  0.696816  
0.259275  0.474207  -0.244299  0.553279  0.986149  -0.0889099  -0.90989  0.306079  0.486152  6.18501  0.637536  0.288577  0.306753  0.573088  0.352908  -0.937946  305.124  -0.147113  -0.646544  -0.28048  -0.0114951  0.304341  -0.115772  -0.454162  0.838882  -1.33368  2.84567  0.780909  -5.85072  0.342696  
0.332766  0.499464  -0.362302  0.45566  0.103302  0.666535  0.255702  3.64836  2.04777  9.13557  0.95225  0.338787  -0.566615  0.610717  0.463554  -0.201875  1171.84  0.111751  0.0770024  -0.557234  0.256731  -0.417748  0.208793  -3.25535  1.2249  -0.417665  4.17698  0.244173  1.06096  0.122065  
0.344224  0.220161  -0.122316  0.716323  -0.485136  0.391447  2.62971  4.03173  5.79195  7.87477  0.947553  0.18229  -0.891066  0.608809  0.427993  0.0351629  1496.11  0.408221  0.597035  -0.592192  0.514331  -0.305221  0.454333  -3.47559  1.3352  -0.184083  5.08344  -0.0810777  10.0995  0.197315  
0.266541  -0.0812955  0.10517  1.08002  -0.502905  -0.913212  1.58952  1.80143  8.57686  3.19359  0.55099  0.00452678  -0.640748  0.547641  0.347014  -0.00172248  803  0.540524  0.546005  -0.613213  0.555441  0.016287  0.439708  0.175496  0.87253  0.0063345  4.0232  -0.143572  15.6723  0.430948  
0.17808  -0.0244029  0.104902  1.03924  -0.112134  -2.02693  -3.93714  -0.417274  7.1457  -1.56359  -0.00212078  -0.0353279  -0.354819  0.452773  0.366446  0.291398  -415.202  0.423568  0.110973  -0.482355  0.413546  0.033992  0.240458  5.61432  -0.0285318  1.12299  1.5393  -0.215733  14.7639  0.523562  
0.16479  0.407765  0.0224736  0.275603  0.208291  -1.63571  -10.4  -0.480509  1.35945  -4.0798  -0.359808  0.0699008  -0.328733  0.393864  0.457405  1.04383  -1181.68  0.18037  -0.15331  0.0313681  0.280665  -0.083975  0.0902802  9.62495  -0.765296  3.00852  -0.50592  -0.516112  9.27693  0.306398  
0.199111  0.723428  0.117647  -0.959441  0.0539373  0.234671  -13.4456  1.12273  -5.49225  -4.96684  -0.342557  0.223182  -0.188705  0.411276  0.423103  1.66178  -1052.88  0.0209859  0.0904385  0.720423  0.253055  0.248044  0.146324  10.3773  -0.702996  3.96166  -1.08375  -0.920798  3.37924  -0.0963043  
0.172046  0.427477  0.390463  -1.97883  -0.540424  2.15501  -11.8834  2.06966  -9.15132  -5.94076  -0.0938698  0.314456  0.615917  0.451345  0.17718  1.51481  -470.198  0.0376087  0.608767  0.952579  0.255869  1.27396  0.352875  8.05686  0.104105  2.45935  -0.922162  -1.06315  -0.324878  -0.396522  
0.0567349  -0.328894  0.595356  -2.17069  -1.09149  2.78282  -7.99407  1.14667  -7.47737  -6.89654  0.0673886  0.325945  1.92312  0.40437  -0.0863951  0.710922  -119.72  0.137357  0.822588  0.411361  0.213939  2.4623  0.512384  4.08889  0.83192  -0.776439  -1.2624  -0.69771  -1.65365  -0.411136  
-0.021377  -0.778967  0.603012  -1.50713  -1.03497  2.15077  -4.6398  -0.302181  -1.93585  -5.67427  -0.0286524  0.307437  2.66939  0.195566  -0.0855613  -0.0584098  -149.955  0.181166  0.45862  -0.347409  0.190331  2.91813  0.484024  0.322616  0.739547  -3.11206  -2.17615  0.00864688  -1.40144  -0.199482  
0.0723529  -0.351769  0.589974  -0.482162  -0.246889  1.32414  -2.95231  -0.435507  3.4213  -1.02292  -0.223274  0.310172  1.96062  -0.138392  0.202149  -0.31375  -166.155  0.149258  -0.115469  -0.41417  0.28412  2.26483  0.307487  -1.57852  -0.0490516  -2.77548  -2.47189  0.577699  -0.592379  0.0286465  
0.292402  0.630835  0.778052  0.329495  0.736014  0.974132  -2.24577  0.30428  5.02365  4.90392  -0.197528  0.317815  0.232998  -0.44438  0.479997  -0.159206  124.936  0.148559  -0.247439  0.329797  0.440109  1.03126  0.15411  -0.999597  -0.705595  -0.763682  -1.08951  0.655402  -0.671036  0.0988472  
0.438416  1.23365  1.08028  0.751068  1.05987  0.703009  -1.26143  -0.130552  2.57622  7.91141  0.174443  0.28238  -0.975477  -0.52266  0.461094  0.125161  518.084  0.270655  0.243744  0.909105  0.465338  0.138802  0.164651  0.962852  -0.64227  0.43761  1.6769  0.389948  -2.463  -0.0105774  
0.381265  0.8966  1.15312  0.968215  0.293213  -0.152444  0.777449  -1.89856  -0.844786  5.96051  0.665678  0.188584  -0.603501  -0.265273  0.188606  0.593605  590.263  0.475945  0.801626  0.387339  0.254722  0.00706204  0.329453  2.22935  -0.102607  -0.216939  4.27039  0.284659  -4.35522  -0.156711  
0.211407  -0.00745564  0.785756  1.17253  -1.06598  -1.3775  3.74763  -2.29474  -1.69207  1.5467  0.911906  0.072473  0.764037  0.229339  -0.0309319  1.34325  253.356  0.621446  0.717049  -0.872554  -0.0546591  0.29932  0.519767  1.99608  0.313294  -1.38424  5.03645  0.634652  -2.91648  -0.13108  
0.121242  -0.62789  0.136236  1.23577  -1.91297  -1.96162  6.65714  0.446211  0.432127  -0.522296  0.75983  -0.0241883  1.65659  0.688474  0.0266038  1.79446  -138.77  0.597256  -0.0248765  -1.52256  -0.203736  0.386572  0.608205  1.75796  0.37395  -1.322  3.56599  1.14112  2.9796  0.149717  
0.173153  -0.531856  -0.44415  0.879316  -1.53973  -1.32655  8.23393  3.76746  2.42406  2.20754  0.387011  -0.0812267  1.45415  0.868287  0.282038  0.860099  -191.432  0.425336  -0.646243  -0.902177  -0.0680589  0.000178028  0.554402  3.65759  0.281897  -0.068265  1.08997  1.21729  9.39557  0.504551  
0.245475  -0.0317161  -0.71761  0.114587  -0.366014  -0.125957  7.80287  3.49205  0.931563  7.48806  0.0927406  -0.0877557  0.983425  0.761486  0.483663  -1.66287  113.088  0.238232  -0.4153  0.0423019  0.234192  -0.656596  0.398778  7.3974  0.159288  0.746109  -0.448859  0.670732  10.4469  0.600157  
0.211148  0.299264  -0.642775  -0.517926  0.444149  0.441382  6.03418  -0.273034  -3.82659  10.507  0.0212571  -0.00837933  1.24673  0.577359  0.477598  -4.1354  434.548  0.154694  0.473231  -0.0795887  0.486034  -1.18777  0.220628  10.136  -0.138481  0.0745514  -0.221956  -0.0298325  4.49226  0.28563  
0.112429  0.273741  -0.29084  -0.374333  0.186217  -0.0202136  4.47303  -2.50196  -7.59872  8.27453  0.0916471  0.181574  2.00514  0.514065  0.317184  -4.18996  452.25  0.175824  1.01637  -1.17131  0.589369  -1.31539  0.107575  9.81705  -0.564638  -1.27305  0.616549  -0.245592  -3.69281  -0.200174  
0.103715  0.168721  0.198916  0.590733  -0.632568  -0.743379  4.22833  0.239209  -6.125  2.18592  0.15228  0.4473  2.14551  0.560044  0.138597  -1.24402  172.307  0.194027  0.417726  -1.47278  0.613538  -1.03933  0.111284  7.8991  -0.653729  -1.64621  0.133196  0.149869  -7.70632  -0.428721  
0.250258  0.283623  0.625843  1.57057  -0.837295  -0.827716  4.64862  4.73466  0.458265  -3.36034  0.143066  0.673899  1.27446  0.564395  0.0261897  2.23509  -108.484  0.110644  -1.06158  0.391714  0.657296  -0.614549  0.189305  7.46757  -0.0110489  -0.446773  -2.08172  0.681185  -5.70776  -0.206763  
0.437272  0.56299  0.856063  1.55815  0.125615  -0.294115  3.72271  5.01025  7.11972  -4.82081  0.115289  0.743534  0.405513  0.469901  -0.0176357  2.73177  -114.887  -0.0573874  -2.32335  3.49234  0.695539  -0.33859  0.207064  8.51957  1.05599  1.18614  -4.17685  0.847425  -1.24136  0.254858  
0.499859  0.709107  0.954106  0.352549  1.59028  0.0983219  0.222394  0.458566  8.22724  -2.47935  0.117561  0.616207  0.706617  0.409957  -0.0189747  -0.612242  158.618  -0.198416  -2.42057  5.23906  0.600439  -0.218164  0.0753445  6.88013  1.70108  1.56844  -3.8534  0.658075  1.27281  0.601871  
0.397373  0.55299  1.09307  -1.12588  2.36933  -0.0622236  -4.01946  -3.06564  3.0446  0.138564  0.112404  0.364859  1.92079  0.5192  -0.0245354  -4.62617  465.256  -0.22639  -1.32275  4.02124  0.315466  0.0788866  -0.110124  -0.534381  1.47144  0.217204  -0.714742  0.521824  0.657181  0.690207  
0.231421  0.23759  1.26542  -1.63836  1.92326  -0.336615  -4.82004  -1.07334  -3.15021  -0.0574229  0.0196168  0.10142  2.50671  0.707817  -0.0988894  -4.98105  553.162  -0.160902  0.207445  0.921365  -0.0199481  0.792723  -0.133117  -10.49  0.738093  -1.60348  3.327  0.678752  -1.16628  0.641764  
0.116562  0.0182672  1.21148  -0.749774  0.700592  -0.0716037  0.326175  3.40467  -3.85431  -2.58696  -0.140079  -0.0936518  1.33683  0.713216  -0.266689  -0.54172  385.515  -0.0769228  1.31812  -1.44371  -0.157621  1.60326  0.0995657  -15.2462  0.20415  -2.06574  5.95285  0.900717  -2.04023  0.633902  
0.0849365  -0.0166099  0.741858  0.826438  -0.496851  0.711706  8.69518  3.8951  2.17532  -4.05444  -0.181002  -0.212816  -1.04616  0.403027  -0.415826  5.44229  124.746  0.00327301  1.63846  -1.57155  0.0229583  1.88849  0.429387  -10.8457  0.11426  -0.616129  6.26196  0.785523  -1.3967  0.738044  
0.109201  0.0011752  0.0804869  1.91928  -1.2252  1.36471  13.7  -0.74538  9.32667  -2.28357  0.0941758  -0.267327  -2.96982  -0.0319968  -0.350077  8.59996  -56.484  0.12978  1.31617  -0.293694  0.368087  1.50855  0.611725  -1.74202  0.161077  1.4353  4.90611  0.264953  0.0310665  0.939364  
0.1631  -0.0692214  -0.278925  1.88543  -1.4449  1.39197  11.0421  -4.87118  10.7736  0.825223  0.643252  -0.261553  -3.23483  -0.263403  0.000916013  7.50183  -121.114  0.332877  0.752056  0.526299  0.565732  1.04373  0.57365  4.19073  0.0852009  2.19993  2.93358  -0.296388  1.28671  1.16296  
0.223812  -0.192861  -0.0825614  1.0357  -1.19046  0.945101  3.08585  -3.68047  5.45946  1.10375  1.12188  -0.186548  -2.00357  -0.177384  0.433068  4.27286  -132.841  0.540415  0.315329  0.0995841  0.428947  0.969913  0.430074  4.52154  -0.0293801  1.11467  0.925448  -0.494223  1.77616  1.21919  
0.251941  -0.192737  0.409556  0.206931  -0.484037  0.490045  -3.50262  0.727858  -1.05263  -3.04132  1.16585  -0.0602912  -0.429169  0.0140522  0.626698  1.64357  -139.843  0.629279  0.211464  -0.712519  0.0679964  0.799179  0.275521  3.9256  -0.0020234  -0.54894  -0.959847  -0.306638  1.50059  0.843396  
0.221901  0.0506987  0.710065  0.0560231  0.446134  0.263454  -4.49159  2.82319  -2.96196  -8.45399  0.760384  0.0888071  0.373834  0.0393451  0.484774  0.188847  -126.47  0.556214  0.401107  -0.70471  -0.215458  -0.468892  0.0916633  6.88868  0.093604  -1.07215  -2.68616  -0.0710013  1.17211  -0.0477654  
0.169682  0.463078  0.573496  0.55765  1.13871  0.216041  -1.74543  1.18195  -0.423569  -10.233  0.280726  0.253022  0.108864  -0.123163  0.255909  -1.31153  -84.4887  0.406633  0.601987  0.231895  -0.207724  -2.90128  -0.095882  11.2107  0.0240041  -0.0242481  -4.2048  -0.0848062  1.63058  -1.12539  
0.164301  0.805424  0.147439  1.11408  1.25696  0.277415  -0.105545  -0.513345  1.75073  -6.57404  0.116047  0.445264  -0.609639  -0.241692  0.24665  -3.56744  -65.0302  0.296626  0.428699  1.13114  0.0448569  -5.03575  -0.0985577  10.815  -0.192759  1.40741  -5.3347  -0.279551  2.71781  -1.80338  
0.215561  0.855494  -0.219762  1.04976  0.914327  0.405403  -1.72266  0.394373  0.326942  -0.059649  0.280282  0.639299  -0.8049  -0.124317  0.444118  -5.63463  -120.033  0.250033  -0.302052  1.17513  0.31246  -5.15962  0.231797  3.70665  -0.309952  1.70167  -5.51683  -0.324449  2.98627  -1.71714  
0.248259  0.56497  -0.225369  0.210539  0.528991  0.436954  -4.29224  1.70804  -2.9074  5.39465  0.452363  0.746137  -0.0604296  0.167006  0.533345  -6.08051  -195.772  0.200028  -1.31595  0.538836  0.40633  -3.0763  0.707149  -4.77564  -0.18128  0.46484  -4.03908  -0.00708317  1.23504  -1.03671  
0.200102  0.103186  0.216246  -0.901928  0.385337  0.226805  -4.40749  0.211087  -4.22306  8.159  0.377263  0.693203  1.05746  0.404338  0.310937  -4.55119  -140.851  0.103589  -1.95435  -0.0208995  0.337827  -0.305811  0.884153  -7.61547  0.0558116  -1.33381  -0.948058  0.522779  -1.75316  -0.271478  
0.120289  -0.257086  0.883078  -1.5527  0.456431  -0.0231266  -1.35408  -2.89973  -2.71149  9.05409  0.152595  0.534921  1.51941  0.44548  -0.0308062  -2.00869  110.352  0.0150741  -1.66485  -0.130419  0.273565  1.49951  0.542006  -3.12843  0.20992  -2.22416  2.4082  0.901577  -3.63903  0.204131  
0.123349  -0.323561  1.31793  -1.46333  0.620086  0.158912  2.57833  -3.15317  -0.526189  9.12266  0.0631432  0.413487  0.937308  0.345886  -0.129363  0.301393  390.573  0.024112  -0.53575  -0.0724738  0.331128  2.00611  -0.0282728  4.05925  0.337473  -1.37925  4.26694  0.922852  -2.86399  0.405794  
0.236444  -0.125662  1.19108  -1.03231  0.874536  0.866287  4.74217  1.00055  0.445582  8.18675  0.202321  0.383944  -0.000881413  0.242787  0.0801923  1.69512  421.586  0.138907  0.665902  -0.208857  0.421796  1.97036  -0.345121  8.29879  0.537565  0.774917  4.12312  0.747904  -0.277598  0.573244  
0.348533  0.128324  0.678481  -0.869901  1.22753  1.42035  4.44413  5.66807  0.485264  5.74424  0.343632  0.335511  -0.340192  0.210155  0.281395  2.10564  141.257  0.26336  1.1547  -0.456988  0.33458  2.02045  -0.293752  7.59606  0.655979  2.75554  3.21573  0.739621  2.03219  0.828349  
0.334305  0.235176  0.362143  -1.14372  1.45849  0.979432  3.03843  6.18562  0.637198  2.35002  0.218877  0.13401  0.0703333  0.230711  0.180143  1.78296  -183.911  0.301075  0.871548  -0.488992  0.00398512  2.02181  -0.207163  3.90807  0.406654  2.95975  3.00198  1.06728  3.12761  1.04132  
0.208232  0.170245  0.608363  -1.38436  1.21536  -0.355831  2.27036  2.71216  0.902111  -0.383113  -0.155367  -0.152723  0.478887  0.266682  -0.112749  1.11521  -242.41  0.258859  0.480433  -0.253608  -0.335202  1.58101  -0.350882  0.516397  -0.195141  0.947458  3.24791  1.48406  3.80342  0.993266  
0.104252  0.0744683  1.14619  -1.0225  0.418956  -1.36809  2.51985  -0.377071  0.929146  -1.25873  -0.481355  -0.287313  0.245024  0.28213  -0.231317  0.328641  -65.0167  0.225223  0.538227  -0.0604385  -0.340611  0.728254  -0.518305  -0.371543  -0.630177  -1.95199  2.25183  1.52722  4.75338  0.620903  
0.11596  0.0951278  1.4379  0.0154711  -0.507628  -0.958028  2.34551  0.0799508  1.10439  -0.669006  -0.505814  -0.138003  -0.455229  0.242782  -0.0154707  -0.57695  21.28  0.249685  0.83523  -0.149364  0.0549151  -0.107974  -0.292729  0.925749  -0.432209  -3.51248  -0.936364  0.976925  5.03413  0.0786374  
0.193182  0.235971  1.38913  1.1643  -0.95772  0.530726  0.0243697  2.86093  1.65075  -0.369883  -0.27763  0.129589  -0.994197  0.132697  0.305166  -1.50709  -159.665  0.276122  0.718402  -0.395447  0.527581  -0.630688  0.366954  1.49102  0.217677  -2.46654  -4.75362  0.0903425  3.03257  -0.39244  
0.218852  0.374402  1.40237  1.72316  -0.684302  1.55866  -4.11763  4.49363  1.58815  -1.85264  -0.0647537  0.225301  -1.11509  -0.000368251  0.415701  -2.09281  -384.944  0.217679  0.0360726  -0.517432  0.693911  -0.921338  0.995744  -2.48261  0.654083  0.375598  -6.32372  -0.647765  -1.13208  -0.617319  
0.146943  0.396139  1.61107  1.40839  -0.0182259  1.08425  -7.29137  3.03772  -0.0189819  -4.80024  -0.0510643  0.0728246  -1.03132  -0.0793694  0.276681  -2.14612  -353.778  0.0869868  -0.554986  -0.450341  0.529409  -1.16533  1.12964  -11.6097  0.493481  2.8586  -4.47957  -0.98247  -5.1313  -0.533555  
0.0401852  0.31486  1.39753  0.5645  0.462078  -0.290249  -6.66381  -0.832396  -1.70469  -6.77961  -0.157896  -0.113416  -0.869687  -0.0913637  0.106479  -2.05918  -164.13  0.0139139  -0.347709  -0.350963  0.368949  -1.35104  0.808201  -20.9677  0.10573  3.26842  -1.24292  -1.03303  -6.65054  -0.190918  
-0.0142055  0.249398  0.0636164  -0.206496  0.450964  -1.09249  -2.60524  -5.23559  -0.52632  -5.38724  -0.16509  -0.0921025  -0.428448  -0.117933  0.0820085  -2.06136  -206.731  0.110334  0.498707  -0.274327  0.479878  -1.29787  0.471371  -22.875  0.0428059  1.60241  0.23834  -1.00536  -5.68986  0.241874  
0.0135968  0.298174  -2.02979  -0.583395  0.123618  -0.688056  1.14621  -8.41027  3.71452  -0.97913  0.0438718  0.120034  0.332947  -0.229446  0.168806  -1.09041  -550.294  0.333618  1.10711  -0.0354053  0.732605  -0.94566  0.430052  -13.8627  0.280157  -0.667658  -0.989449  -0.891588  -4.11638  0.5143  
0.0940252  0.424159  -3.41477  -0.726318  -0.115339  0.159042  0.910645  -9.19358  6.83343  2.70002  0.381646  0.299079  0.89023  -0.36859  0.233368  2.39058  -669.385  0.505349  0.873443  0.524369  0.772019  -0.459474  0.574587  1.05384  0.285436  -1.83969  -2.80638  -0.527092  -3.21919  0.463628  
0.183462  0.482626  -2.9007  -0.942656  -0.041457  0.47676  -3.31283  -7.42408  4.32214  1.9958  0.662704  0.284961  0.627177  -0.370184  0.22155  7.62791  -31.2995  0.475137  0.0964719  1.23199  0.454836  -0.0490678  0.606544  11.9873  -0.188818  -1.18685  -2.44432  0.0956727  -2.49953  0.181296  
0.24907  0.360133  -0.880172  -1.15903  0.218058  0.371777  -7.77352  -4.23661  -3.03325  -2.37476  0.760443  0.143117  -0.33375  -0.116425  0.163573  10.6586  1121.04  0.258871  -0.500326  1.65346  0.00899049  0.255425  0.430968  13.1299  -0.646539  0.627846  0.713498  0.714698  -0.995733  -0.05238  
0.269234  0.103668  1.01898  -0.9481  0.369485  0.77624  -8.32927  -1.38556  -9.22381  -5.34235  0.666507  0.0488855  -1.0551  0.338077  0.0791361  8.12889  1867.25  0.00834939  -0.599712  1.48024  -0.244721  0.589777  0.233042  7.86605  -0.532166  2.15105  4.92182  1.01726  0.93946  -0.0774212  
0.244588  -0.11929  1.56119  -0.0864081  0.272617  2.05679  -3.98431  0.0867372  -9.23639  -2.91681  0.455211  0.0956446  -0.719896  0.783777  -0.0201077  2.17645  1574.65  -0.134344  -0.4424  0.801753  -0.215407  1.05014  0.216741  4.51478  -0.00678646  2.27841  8.01753  0.946159  1.90682  -0.0460881  
0.209275  -0.168655  0.966552  0.912689  0.0749836  3.36681  2.58854  0.306742  -4.06072  2.95886  0.236211  0.24756  0.493805  0.980978  -0.0717277  -0.772858  605.115  -0.145495  -0.269292  0.0293309  -0.0395305  1.54267  0.365625  6.31025  0.250554  1.14842  8.95938  0.731603  1.28581  -0.214151  
0.206661  -0.0442359  0.350202  1.18492  0.0472922  3.53071  7.38434  -0.132505  0.825967  5.94354  0.108784  0.428634  1.54367  0.806494  -0.00917506  2.15283  -139.108  -0.0929175  0.0213475  -0.414601  0.133962  1.81771  0.481017  7.31724  0.0130443  0.0495892  7.73746  0.67026  0.0595543  -0.546725  
0.237268  0.145048  0.383999  0.427606  0.269094  2.29888  8.16246  -0.844632  1.54824  2.32385  0.103771  0.577629  1.51466  0.349884  0.11633  5.21164  -225.183  -0.0396617  0.567981  -0.362123  0.235993  1.6419  0.403145  -0.57822  -0.0894023  0.268617  4.67495  0.847783  -0.479353  -0.659379  
0.247814  0.284906  0.750426  -0.642958  0.518948  0.459767  5.72639  -1.43248  -0.504054  -4.65654  0.154543  0.639492  0.396994  -0.0976185  0.145262  -0.196815  -31.7722  0.0155607  1.14088  0.0450274  0.20124  0.885538  0.168891  -16.1265  0.520953  1.80494  0.512099  1.05667  -0.3501  -0.23812  
0.194811  0.332161  0.785266  -1.00887  0.505764  -1.08557  2.99119  -1.07343  -1.2198  -8.24188  0.153458  0.578632  -1.00953  -0.221275  0.0118718  -14.1424  -106.87  0.111557  1.30355  0.513222  -0.0389381  -0.361879  -0.0325036  -27.0861  1.44973  3.26411  -3.22037  0.937588  -0.622298  0.546643  
0.110489  0.308558  0.313208  -0.460799  0.221869  -1.96673  2.50745  0.990385  1.62889  -5.57518  0.0699805  0.408767  -1.75967  0.0399793  -0.114583  -25.4101  -454.103  0.264544  0.919883  0.817034  -0.413882  -1.70191  -0.0567594  -22.1711  1.66345  3.13035  -4.77307  0.308549  -1.68104  1.17574  
0.0797957  0.262274  -0.284569  0.215431  0.000682382  -2.13732  4.5146  4.26679  6.17671  -0.370706  -0.0196047  0.205329  -1.42717  0.408223  0.0128266  -22.4299  -606.444  0.429365  0.317933  0.865617  -0.652281  -2.43299  0.0356218  -4.5092  0.746698  1.27373  -3.65426  -0.57381  -2.34883  1.32056  
0.139362  0.229488  -0.601439  0.169144  0.160567  -1.58127  6.79442  6.66907  8.59636  1.68818  -0.0304205  0.015594  -0.295135  0.511394  0.407909  -6.22706  -294.12  0.516695  -0.0454026  0.621809  -0.49398  -1.96187  0.0159673  9.81807  -0.482504  -0.760223  -1.23981  -1.10976  -1.09255  1.12893  
0.224532  0.203507  -0.560225  -0.503671  0.593116  -0.523087  6.49223  5.98631  6.80343  -0.76076  0.0265439  -0.177522  0.838236  0.281939  0.784031  10.1742  200.884  0.456458  0.0346921  0.08357  0.0155797  -0.446803  -0.274595  8.28924  -0.922513  -1.02867  0.293451  -0.869951  2.13336  0.918009  
0.236594  0.140526  -0.305834  -0.936306  0.800178  0.40187  2.51325  2.14658  1.93983  -3.88915  0.0722503  -0.397782  1.20731  0.0221745  0.83995  15.2346  392.271  0.271471  0.442565  -0.579567  0.529364  1.05444  -0.712471  -4.50256  -0.429206  1.04855  -0.0587256  -0.0583935  5.48707  0.734766  
0.15914  0.0186226  0.0212934  -0.49645  0.412537  0.647662  -3.46053  -2.21459  -2.54069  -3.36555  0.0789476  -0.580599  0.631618  0.0578225  0.571704  9.65149  147.33  0.0799605  0.907966  -0.977566  0.736432  1.4556  -0.961506  -12.1432  0.126727  4.01101  -1.3525  0.629849  6.76683  0.376659  
0.0773642  -0.0952707  0.300192  0.494146  -0.361532  0.378394  -8.22475  -3.83452  -3.57087  1.18448  0.104847  -0.609803  -0.336872  0.350362  0.235862  3.07496  -202.937  0.00163677  1.16098  -0.78105  0.660805  0.775063  -0.791264  -4.84317  -0.0313807  5.41535  -1.68125  0.679953  5.27195  -0.156022  
0.0802273  -0.0768869  0.395267  1.18438  -0.870911  0.275911  -9.60007  -1.80753  -1.00597  6.52322  0.195168  -0.456516  -0.863737  0.562003  0.0441459  2.4145  -273.837  0.0465661  1.04865  -0.108059  0.574317  0.0794285  -0.312893  9.74298  -0.66075  3.92093  0.0173079  0.225941  2.30632  -0.437236  
0.160467  0.118048  0.263509  1.09687  -0.648108  0.659382  -8.02078  1.53858  2.30964  9.31326  0.294159  -0.230598  -0.56973  0.463361  -0.0133819  5.83585  -19.2222  0.112015  0.615895  0.494564  0.641717  0.141537  0.143506  15.7756  -0.923161  0.603258  3.03572  -0.209689  -0.0941501  -0.012825  
0.230552  0.361793  0.0783922  0.515805  0.136226  1.11559  -5.68548  2.93727  2.8981  8.72352  0.303886  -0.0574082  0.200001  0.188447  -0.0542707  7.47485  280.515  0.110041  0.110768  0.583595  0.72561  0.378372  0.374009  7.25278  -0.428796  -1.88613  5.34951  -0.340965  -0.976698  0.970035  
0.225228  0.455256  0.108819  -0.0138167  0.876849  1.09081  -4.18674  1.36872  0.0244134  5.97551  0.203566  0.0764957  0.772222  0.0274789  -0.110044  4.97026  356.068  0.0693728  -0.185379  0.29043  0.57763  -0.317824  0.467106  -5.86188  0.330269  -1.76332  5.15763  -0.322684  -1.01  1.69999  
0.166147  0.339936  0.429133  -0.328764  1.14275  0.625966  -3.10916  -1.23096  -3.21866  2.73188  0.0787088  0.276414  0.807232  0.0758203  -0.115626  0.919268  210.125  0.0811647  -0.137002  0.140414  0.171743  -1.84343  0.612779  -9.52666  0.547666  0.151253  2.43722  -0.386565  -1.27291  1.40059  
0.122444  0.167967  0.819218  -0.670827  1.01928  0.239647  -1.08518  -2.36096  -2.70949  0.209777  0.0383197  0.541199  0.493079  0.169019  -0.0527283  -1.40049  64.2559  0.152898  0.187844  0.416127  -0.219231  -2.63504  0.819394  -0.91191  0.0179076  1.35897  -0.665973  -0.45635  -1.73847  0.132962  
0.130857  0.137736  0.972107  -1.17853  0.853981  0.239679  2.14206  -1.5442  2.7493  -0.845933  0.139127  0.68225  0.173246  0.150448  0.00109644  -1.44133  110.524  0.172988  0.605771  0.835535  -0.291748  -1.61794  0.901317  9.90567  -0.713868  0.372392  -1.25771  -0.267547  -1.37979  -1.17645  
0.172013  0.271702  0.766368  -1.5293  0.791373  0.468752  5.02866  -0.198771  9.70242  -0.262804  0.365022  0.520453  -0.0306579  0.0631734  -0.010501  -0.561009  311.421  0.0649797  0.90086  0.934592  -0.022257  0.119835  0.727366  12.2646  -0.913247  -1.79905  1.74134  0.235127  0.193974  -1.56164  
0.207256  0.392252  0.305103  -1.32181  0.651446  0.719031  5.92665  0.483001  12.6378  1.13295  0.631995  0.149651  -0.218042  0.0449514  -0.0366351  0.22395  446.704  -0.0625677  0.906117  0.638375  0.313791  0.430943  0.393849  5.94509  -0.341559  -2.91355  6.12258  0.765304  1.73771  -0.897497  
0.217475  0.333343  -0.218624  -0.661517  0.246965  1.00668  4.93246  0.740115  8.75486  1.70084  0.779482  -0.110615  -0.400406  0.104596  0.0105543  0.699964  325.655  0.00621391  0.610276  0.305877  0.424393  -1.01664  0.103886  -0.425167  0.590515  -2.00348  7.63942  0.983359  1.72331  0.0470499  
0.204153  0.124211  -0.638001  -0.199815  -0.323214  1.26669  3.83942  1.24364  0.446823  0.176657  0.654293  -0.044803  -0.399108  0.115384  0.14126  0.538194  -23.5101  0.329529  0.224869  0.239045  0.277931  -1.82107  -0.0603612  -0.359257  1.28726  -0.147498  3.50889  0.805938  0.49337  0.403611  
0.17438  -0.0514776  -0.820544  -0.339935  -0.746059  1.07929  4.24006  1.80255  -6.37115  -2.94711  0.278992  0.212188  -0.0177524  0.0169197  0.269803  -0.803379  -358.125  0.673858  0.041151  0.328573  0.083197  0.415474  -0.170883  3.6323  1.42796  1.08844  -4.91369  0.438424  0.299586  0.0182719  
0.133991  -0.0797676  -0.697304  -0.638162  -0.819494  0.119655  6.21871  1.71185  -7.12775  -5.37069  -0.0723241  0.337583  0.694181  -0.0619778  0.287418  -3.09168  -430.636  0.712806  0.139853  0.269612  0.0155436  4.81997  -0.28642  4.05319  1.13548  1.45453  -12.8045  0.152138  2.59469  -0.508773  
0.0941699  -0.038251  -0.32223  -0.201541  -0.602388  -1.17365  8.71353  0.89728  -2.15871  -4.72876  -0.0770243  0.174737  1.42561  0.0543107  0.144898  -4.90234  -216.263  0.369886  0.285085  0.0304538  0.0114016  7.57663  -0.351037  -2.24722  0.709359  1.7686  -15.6077  0.119759  5.83629  -0.510714  
0.0733192  -0.0705714  0.146326  1.15119  -0.265214  -1.79998  10.6522  -0.0213927  3.51982  -0.760578  0.285531  -0.113208  1.77358  0.374296  -0.106088  -4.68935  49.0708  -0.0816705  0.187367  -0.0788324  -0.128861  5.88719  -0.301549  -10.3079  0.358481  2.32641  -12.3955  0.360372  6.89809  0.0966222  
0.0897206  -0.17141  0.594596  2.44818  0.110395  -1.26079  11.34  -0.656798  4.49741  3.90684  0.633829  -0.271841  1.49612  0.693769  -0.308  -2.38504  75.5467  -0.282064  -0.127918  0.180267  -0.455748  1.0643  -0.210967  -12.3515  0.158316  2.35398  -6.00042  0.744404  4.67007  0.831036  
0.146954  -0.183834  1.02496  2.54248  0.514562  -0.188831  10.0333  -1.15593  -0.0817959  5.57408  0.525344  -0.213127  0.652611  0.7873  -0.27001  0.29051  -196.438  -0.128217  -0.324317  0.623801  -0.755736  -2.7843  -0.229136  -5.74187  0.0834468  1.2169  -0.216651  1.02637  1.39389  1.1958  
0.220536  -0.0253744  1.40674  1.47447  0.880384  0.401844  6.17338  -1.5216  -5.66017  2.58815  -0.0926644  -0.0177256  -0.398381  0.595674  0.0531741  1.27938  -514.537  0.169602  -0.146665  0.82413  -0.760764  -2.87086  -0.375541  4.68071  0.0560414  -0.395187  3.06504  1.00377  -0.0781706  1.13439  
0.262932  0.150631  1.51759  0.531459  1.08391  0.371913  0.330737  -1.39699  -6.52138  -2.85821  -0.793224  0.232673  -1.19441  0.26082  0.44723  0.119469  -553.61  0.334301  0.272551  0.602679  -0.454257  -0.08039  -0.460714  11.8519  -0.0742931  -1.07877  4.34647  0.690734  0.330122  0.953199  
0.237117  0.123755  1.08198  0.740842  1.09183  0.576121  -5.17291  -0.861523  -1.76883  -6.36049  -1.05954  0.482144  -1.48941  -0.0134373  0.591504  -1.55064  -243.04  0.274784  0.577444  0.207157  -0.0959969  2.4859  -0.268229  13.0324  -0.374312  -0.424576  4.9944  0.321277  0.0935488  0.913675  
0.160994  -0.0637093  0.142581  1.62394  1.00762  1.6158  -7.60465  -0.832645  3.19777  -5.15486  -0.742476  0.601291  -1.37007  -0.104672  0.395428  -1.65102  157.779  0.0975941  0.614486  -0.0355944  0.0771904  2.64001  0.205982  11.4091  -0.651384  0.483819  5.57911  0.108624  -2.41195  0.981956  
0.107177  -0.0562749  -0.828896  1.72764  0.885865  2.76682  -5.93302  -1.96135  2.20421  -0.543215  -0.141764  0.428343  -1.10022  -0.0320597  0.13052  0.212873  328.597  -0.0567385  0.580701  -0.109872  0.119381  0.656533  0.731241  11.7251  -0.620898  0.441798  5.53223  0.0240209  -5.56738  0.966006  
0.141548  0.432098  -1.31582  0.389429  0.591761  2.60434  -2.02767  -3.28264  -4.98442  3.70026  0.321482  0.0144468  -0.792412  0.0934086  0.137832  2.4079  194.162  -0.123581  0.728473  -0.21855  0.277872  -1.71773  1.04805  14.7161  -0.247904  -0.335921  3.97009  -0.140564  -6.28762  0.798982  
0.2475  1.19758  -1.21652  -1.44957  -0.0310618  0.705372  0.883894  -2.91045  -11.989  5.2093  0.450062  -0.294322  -0.371305  0.152321  0.430884  3.05593  -44.4977  -0.10179  0.99089  -0.375445  0.645092  -3.05723  1.05541  15.6709  0.104047  -0.52215  0.917095  -0.479527  -3.70039  0.625423  
0.322762  1.6263  -0.856717  -2.29331  -0.833712  -1.60143  0.950693  -0.424571  -12.255  4.73575  0.34814  -0.175291  0.203538  0.0904278  0.67266  1.86265  -156.887  -0.013407  1.01571  -0.310221  0.98359  -3.17525  0.807185  8.91685  0.0337327  0.550319  -2.19596  -0.817136  -0.285815  0.614502  
0.266566  1.27406  -0.580402  -1.7484  -1.35468  -2.48565  -0.838432  2.11993  -5.71297  4.04341  0.22589  0.274262  0.771178  -0.0557482  0.558562  0.0467241  -98.4777  0.0883768  0.611616  0.114868  0.955972  -2.77179  0.400763  -5.8098  -0.366858  1.98836  -3.3794  -0.869128  0.925218  0.736266  
0.085751  0.352425  -0.450607  -0.790391  -1.24936  -1.51975  -2.17768  2.27534  1.782  2.88424  0.195462  0.607001  1.16552  -0.183274  0.159539  -1.13737  27.0924  0.133131  0.0653064  0.559109  0.503607  -2.5603  -0.0660909  -21.0857  -0.574051  2.41953  -1.9079  -0.53663  -0.222901  0.75941  
-0.0934669  -0.447855  -0.344325  -0.478912  -0.690254  -0.0243395  -2.16472  0.101418  4.82831  -0.501297  0.216689  0.543126  1.48214  -0.198256  -0.179827  -1.37441  138.413  0.117591  -0.0950738  0.516034  -0.0580749  -2.64481  -0.455473  -27.1934  -0.210878  1.65875  0.598706  -0.00400864  -0.848267  0.481452  
-0.128341  -0.619931  -0.191487  -0.726177  -0.190655  0.522578  -2.21747  -1.82281  3.54128  -6.22449  0.210674  0.300221  1.91102  -0.0927596  -0.215751  -1.00603  241.622  0.14718  0.314909  -0.0494541  -0.331039  -2.56635  -0.597723  -20.7685  0.470666  0.858557  1.40657  0.445783  1.6856  -0.0561923  
0.00904985  -0.267434  -0.00457242  -0.518814  -0.017619  0.105398  -4.17742  -1.47594  2.01298  -11.1424  0.17079  0.257911  2.29961  0.0337177  -0.0092047  -0.329172  315.07  0.317743  0.884401  -0.57828  -0.186614  -1.90582  -0.416311  -8.36275  0.833046  0.903744  -0.582718  0.621775  6.75552  -0.584163  
0.195374  0.0943929  0.222705  0.751254  0.0753696  -0.043414  -7.94836  0.219058  2.76412  -11.6404  0.174894  0.437609  2.07334  0.0455341  0.209965  0.413075  233.671  0.544008  1.04535  -0.536032  0.168523  -0.841648  -0.0514384  -0.418839  0.584913  1.24356  -3.3878  0.46653  10.7646  -0.83611  
0.258741  0.109133  0.490545  2.42921  0.44015  0.879432  -11.3339  0.761408  4.50201  -7.42448  0.272846  0.452164  0.889095  -0.105611  0.271066  0.702579  -88.9386  0.590628  0.717906  0.0143905  0.42284  -0.0518009  0.205714  -1.2712  0.0765725  0.702102  -3.82617  0.00853386  10.4507  -0.761348  
0.143394  -0.126327  0.678767  3.09764  0.972421  2.20231  -12.0476  -0.56336  4.69531  -1.87725  0.384212  0.0537259  -0.7279  -0.263274  0.156624  0.0523001  -504.081  0.328762  0.376412  0.591342  0.432049  0.013345  0.167462  -5.21757  -0.100981  -0.751178  -0.887983  -0.589074  5.64332  -0.521147  
-0.0239309  -0.262298  0.64439  1.962  1.19253  2.54413  -9.45011  -1.76684  3.00027  1.2446  0.339165  -0.480399  -1.63285  -0.187946  -0.0247706  -1.14832  -685.374  -0.0771171  0.437471  0.914024  0.308021  -0.367108  -0.0522017  -3.32689  0.181684  -1.75492  3.09777  -0.963643  -0.764628  -0.295363  
-0.0583741  -0.112343  0.468901  -0.365611  0.902418  1.42578  -4.55002  -0.828615  1.25899  0.908398  0.048485  -0.633244  -1.19241  0.11489  -0.113997  -1.64521  -475.494  -0.309046  0.727826  1.08681  0.27985  -0.501269  -0.139491  6.35897  0.485149  -1.17074  5.1545  -0.734727  -5.13771  -0.108558  
0.0845956  0.176018  0.442581  -2.30696  0.537612  -0.179498  1.03757  1.61639  0.601144  -1.39864  -0.360565  -0.271648  -0.0217814  0.256848  0.00647276  -0.626534  -137.132  -0.222101  0.726643  1.17938  0.460388  -0.0547048  0.0799965  16.2328  0.330802  0.502513  4.95312  0.0937464  -5.60405  0.144526  
0.258016  0.311623  0.648891  -2.64963  0.651773  -0.929823  5.53637  3.07413  0.166228  -3.58695  -0.609719  0.205109  0.586824  -0.0898539  0.308808  1.18363  -107.735  0.0195509  0.279198  0.941315  0.701214  0.634932  0.428249  16.7587  -0.248984  1.75891  4.80992  0.971938  -2.98324  0.519345  
0.293464  0.172402  0.690022  -1.53376  1.1628  -0.502854  7.30359  2.26259  -0.908603  -4.25038  -0.505936  0.350555  0.0400508  -0.585633  0.600246  2.18666  -438.492  0.160963  -0.137338  0.163862  0.680308  1.00267  0.550477  5.67586  -0.721887  1.87735  6.25519  1.23158  0.133042  0.909895  
0.192166  -0.0792068  0.0792978  -0.243578  1.37537  0.240547  5.54503  0.431664  -1.47686  -2.71012  -0.119153  0.152773  -0.939683  -0.372141  0.658959  1.54379  -611.403  0.142248  0.0336104  -0.813748  0.189751  0.872942  0.314944  -10.2866  -0.669687  1.50396  7.59126  0.743309  1.2939  1.13616  
0.102524  -0.16591  -1.06051  0.00903294  0.852634  0.357076  1.43279  -0.50403  0.570153  0.594298  0.270571  -0.0543529  -1.15823  0.847039  0.415885  -0.0949095  -81.8222  0.115879  0.727751  -1.26034  -0.615814  0.572465  -0.0240326  -21.7871  -0.212474  1.47966  5.71695  0.0778095  -0.170026  1.12484  
0.122757  0.031229  -1.90079  -0.764866  0.0320865  -0.127817  -2.21317  -0.279007  4.93263  3.85133  0.417497  -0.0309802  -0.266171  2.10889  0.00608328  -1.50362  984.175  0.208549  1.2966  -0.792375  -1.28022  0.546683  -0.107731  -23.814  0.128524  1.75084  0.297811  -0.115275  -2.74056  0.961284  
0.192011  0.346299  -1.69281  -1.43444  -0.262083  -0.387497  -2.82899  -0.169067  7.59757  4.84193  0.320812  0.141467  0.883591  2.12648  -0.336932  -2.10178  1698.01  0.352069  1.22993  0.197574  -1.4156  0.902315  0.106719  -17.5638  0.0203577  1.81431  -4.86463  0.16458  -3.98927  0.749685  
0.209439  0.477691  -0.560812  -0.993359  0.165729  0.136829  -0.342395  -1.02848  4.41899  2.99665  0.197872  0.269524  1.1704  1.05961  -0.440182  -2.11484  1319.15  0.381773  0.677321  0.945333  -1.03673  1.22125  0.287969  -7.73636  -0.286691  1.75804  -5.19098  0.291486  -2.71274  0.467445  
0.185792  0.276306  0.642183  0.288485  0.621684  1.0474  2.95635  -2.29509  -3.82632  0.0936632  0.239016  0.286989  0.276943  0.706497  -0.298656  -1.86616  72.9694  0.244346  0.173963  1.05288  -0.523847  0.878307  0.113444  0.740822  -0.274161  2.10432  0.141237  -0.224399  -0.0386835  0.021766  
0.193648  -0.0955587  1.18804  1.16468  0.383465  1.47694  4.48197  -2.88956  -10.9955  -1.71679  0.412421  0.23886  -1.13485  2.25888  -0.0979296  -1.34931  -1053.71  0.0538655  0.0302567  0.7243  -0.262484  -0.354715  -0.344629  5.00724  0.222322  2.65044  7.24322  -1.13683  1.71429  -0.546986  
0.188719  -0.320269  1.03072  0.817365  -0.384551  1.11951  3.59454  -2.50914  -11.0845  -2.22974  0.504559  0.112825  -2.1184  4.15559  -0.09216  -0.486048  -1316.86  -0.0518562  0.15985  0.382134  -0.329805  -1.92875  -0.681944  5.21973  0.754097  2.28493  11.1434  -1.72555  1.39974  -0.988215  
0.010641  -0.238797  0.585679  -0.166199  -0.791514  0.54071  1.69728  -1.76911  -4.26314  -3.21717  0.368592  -0.145541  -2.10704  3.16608  -0.338036  0.537672  -869.527  -0.04451  0.396348  0.245225  -0.514653  -2.87143  -0.595319  4.07563  0.735755  0.386917  10.0404  -1.59881  0.0647964  -1.01857  
-0.380442  -0.00369383  0.181644  -0.435829  -0.28098  0.442867  0.609961  -1.39897  3.21537  -5.79175  0.0918831  -0.460922  -1.11015  -1.84023  -0.548661  1.30265  -404.606  0.0152242  0.717756  0.30223  -0.575  -2.68581  -0.1914  3.89904  0.153449  -1.96645  6.10097  -1.08951  -0.477806  -0.58918  
-0.73947  0.114502  -0.124996  0.634542  0.703643  0.83233  0.768885  -1.61011  5.3809  -8.64102  -0.0888533  -0.604495  0.424595  -7.81033  -0.310316  1.47742  -323.98  0.0770496  1.07502  0.496169  -0.430329  -1.83657  0.15812  4.05578  -0.375114  -2.8611  2.55653  -0.795326  0.219103  0.0474102  
-0.737721  0.0346435  -0.374979  2.29613  1.1926  1.10789  0.999171  -1.96742  2.01244  -8.97152  -0.051004  -0.428161  1.76655  -10.0576  0.413788  1.06817  -438.021  0.128694  1.23139  0.783565  -0.136517  -1.18578  0.216623  1.65972  -0.260612  -1.64596  0.602623  -0.882034  0.951404  0.549012  
-0.33388  -0.0772155  -0.559667  3.24278  0.729524  0.886415  -0.0816491  -1.62965  -2.16924  -5.36481  0.091757  -0.0414459  2.19464  -6.98234  1.0886  0.345452  -396.703  0.15344  0.99652  1.05807  0.226253  -0.990326  0.0823337  -3.93117  0.357722  0.310804  -0.936609  -0.955295  0.521874  0.75471  
0.141753  -0.0365506  -0.685408  2.8668  -0.201395  0.47051  -2.2924  -0.104605  -2.88428  0.54722  0.132876  0.282012  1.46259  -1.63962  1.06738  -0.34962  -171.925  0.127333  0.528165  1.16305  0.580565  -0.731875  0.0236203  -8.51577  0.749251  1.16214  -3.3398  -0.616483  -0.898194  0.753637  
0.329869  0.127177  -0.810948  1.55038  -0.750871  0.393713  -3.71556  1.76987  -0.290238  5.02641  0.0214122  0.402435  0.0923114  1.62392  0.316352  -0.724831  -10.0412  0.0760147  0.184373  0.992848  0.813131  0.0087541  0.178814  -6.10671  0.434238  0.513935  -6.12802  0.0449224  -2.45382  0.721056  
0.207213  0.22069  -0.94245  0.037729  -0.564383  0.69088  -2.66675  2.04624  2.13725  5.07479  -0.0778814  0.432712  -0.947053  1.45353  -0.459969  -0.6256  -54.4132  0.0875971  0.087517  0.539091  0.798285  0.870556  0.438335  4.62752  -0.281877  -0.477688  -7.69304  0.581307  -3.87679  0.716972  
0.0457211  0.1277  -0.983625  -1.10334  -0.0412295  0.88369  -0.0726652  -0.180132  1.5448  1.04097  0.0151507  0.557608  -1.0472  -0.0150962  -0.54768  -0.142537  -197.212  0.213457  0.0392384  -0.144324  0.500697  1.27472  0.577492  17.858  -0.664586  -0.631151  -7.41183  0.723623  -5.3152  0.639115  
0.0591748  -0.0546286  -0.865543  -1.43743  0.161145  0.62858  0.65889  -2.91387  -2.14418  -3.4874  0.290183  0.798678  -0.439298  -0.328448  0.0151259  0.435514  -294.794  0.369724  -0.0673994  -0.963964  0.0486896  1.44705  0.461806  25.3997  -0.421978  0.0486577  -6.72801  0.654244  -6.13421  0.351785  
0.185163  -0.137115  -0.678007  -0.68423  -0.227726  0.141142  -3.09984  -2.73789  -6.88151  -4.68205  0.552524  0.996641  0.121665  0.664016  0.5214  0.878499  -357.185  0.391404  -0.0155268  -1.73322  -0.337096  2.26647  0.142612  23.563  0.0370739  0.736297  -7.53374  0.722447  -4.93356  -0.140631  
0.236956  -0.0502324  -0.560675  0.84119  -0.873008  -0.121793  -9.70043  1.134  -10.0523  -2.19007  0.624788  0.988704  0.160315  1.4706  0.445845  1.11521  -449.169  0.225223  0.374551  -2.15359  -0.508604  3.82451  -0.199036  15.2832  0.181668  0.925917  -9.64752  0.982571  -1.4026  -0.626974  
0.162164  0.092139  -0.504199  2.0203  -1.16487  -0.0244333  -13.6312  5.09382  -9.69195  0.450075  0.494355  0.756864  -0.137883  1.23645  0.0159333  1.05327  -512.964  0.0215424  0.803383  -1.93475  -0.480337  4.64762  -0.381252  6.32715  -0.0181775  0.923022  -10.3232  1.09098  2.42069  -0.804448  
0.0673928  0.135404  -0.35892  1.73379  -0.730191  0.184923  -10.2586  4.59606  -5.1526  -0.744226  0.270312  0.403141  -0.285233  0.44772  -0.156272  0.577214  -404.204  -0.0116642  0.730488  -0.997705  -0.364903  3.0211  -0.32964  0.433045  -0.160051  1.30298  -6.85611  0.683456  3.83192  -0.501374  
0.0270339  0.0556735  -0.0692021  0.0578914  0.27566  0.311034  -0.545349  -0.629841  2.32924  -5.90324  0.0369075  0.0206955  -0.123332  -0.266106  0.117819  -0.241995  -108.586  0.150847  0.0765903  0.416439  -0.242539  -0.901711  -0.112315  -2.6335  -0.0568264  2.16784  0.334041  -0.1939  2.54345  0.162385  
