0.359217  -0.604678  0.38738  -0.761108  2.17312  -2.47593  9.95741  -19.5624  -1.29544  -3.12472  -0.273717  -25.8072  2.04286  1.75521  -7.15277  -3.2108  71.1352  1.45255  1.11418  -6.55217  3.96229  0.477305  -6.29844  -0.98019  0.0561308  -3.66351  11.7171  11.7325  5.77367  -1.59269  
-1.05944  -3.63196  -1.1944  -1.59978  -9.10044  9.91969  18.3739  -60.1014  -7.30182  -6.57265  -9.31268  -35.1357  -10.0595  -0.120406  2.41162  1.62748  -139.138  -15.7729  -6.69977  -12.9601  -0.616744  -0.049627  -8.20837  -3.39126  -3.32454  -10.5886  -30.7951  1.64999  -2.00562  -0.0900636  
-1.9924  -4.63244  -2.09138  -3.0897  -14.8242  10.639  13.6639  -54.5643  -11.2438  -9.95384  -15.6825  -19.0764  -15.1365  -1.76485  6.97538  4.43592  -221.943  -23.0395  -12.3259  -15.0074  -6.47816  -0.674799  -17.6557  -5.09051  -6.14735  -15.4044  -52.2808  -6.12351  -7.7992  -7.6059  
-2.24707  -3.89278  -2.10768  -5.4925  -15.4336  0.638615  -1.89421  -10.8486  -13.7051  -12.084  -17.1074  15.1792  -12.0127  -2.76794  6.43874  4.14043  -173.932  -18.9593  -14.5868  -13.5817  -11.9114  -1.30768  -30.4506  -5.75547  -7.98706  -15.3821  -50.724  -9.73517  -10.982  -19.7665  
-1.9672  -3.20254  -1.58034  -8.3142  -15.9174  -8.04587  -12.9324  19.5504  -15.9924  -11.3193  -13.048  34.045  -5.65938  -2.82417  4.93245  1.3381  -95.0948  -10.5775  -13.8781  -13.1909  -13.4186  -1.66833  -33.9699  -5.65848  -8.56864  -9.4413  -40.9471  -8.79922  -11.7582  -22.1227  
-1.43072  -3.2375  -0.972597  -10.2579  -18.7511  -5.33294  -8.50243  2.61828  -16.8176  -7.42978  -5.85791  16.7279  -2.03952  -2.14939  5.90181  -1.79956  -58.7878  -5.5819  -11.8807  -15.592  -9.7269  -1.54408  -22.2291  -5.22223  -7.76078  -0.778843  -35.3747  -4.9508  -9.98239  -6.9252  
-0.833557  -2.88696  -0.459789  -9.82255  -19.93  7.26022  6.21211  -39.657  -13.4419  -2.32463  0.302974  -17.5113  -2.78611  -1.40077  8.75237  -2.92733  -39.4823  -5.58601  -10.2497  -16.8584  -3.66874  -1.08119  -3.33763  -4.22463  -5.63494  4.77013  -31.106  -0.79604  -5.71944  16.1259  
-0.256343  -1.41144  0.0656099  -6.50851  -13.4674  19.5258  16.2467  -57.4162  -6.38371  1.48857  2.74362  -28.4965  -4.79273  -0.999319  10.601  -1.67799  17.8203  -6.70435  -9.30603  -11.7757  0.503453  -0.726602  9.94588  -2.02488  -2.72613  4.32002  -17.2199  2.12076  -0.771033  28.4608  
0.242374  0.0293244  0.651793  -1.63338  0.64048  22.5571  12.8627  -29.9636  -0.634204  3.11817  2.51826  -1.38567  -4.44383  -0.644175  9.74176  -0.397392  92.6896  -5.15349  -8.02528  -0.649989  1.20067  -0.742738  14.4453  0.976569  -0.222623  1.00755  7.90309  4.1888  1.79873  21.3386  
0.57701  -0.0642157  1.07396  2.19994  14.0549  15.9262  1.1861  14.7224  -0.813261  3.69096  2.91384  33.8281  -1.57153  0.303285  6.76533  -1.75634  102.913  -1.09806  -5.45487  8.99279  0.341222  -0.829988  17.2113  2.67829  0.597665  0.23394  30.5993  6.6234  0.798513  3.95109  
0.708029  -1.11041  1.05077  2.92552  17.0893  7.14878  -7.45266  35.8521  -6.29739  4.60602  5.48094  36.3678  0.752135  1.90022  3.13523  -5.18814  21.2683  2.4649  -2.09102  8.19829  0.438407  -0.400347  22.1157  1.36278  -0.379712  3.32406  34.323  9.50981  -0.965359  -7.31854  
0.724067  -0.908133  0.643684  0.651039  8.07983  4.91029  -7.50916  23.9974  -12.2563  5.80322  8.16071  2.96657  -0.1873  3.27337  0.145079  -6.58619  -66.3294  3.29801  0.434702  -4.65432  1.87347  0.684873  21.7715  -1.44038  -1.52512  5.93168  16.6612  11.0697  0.866079  -5.59014  
0.770943  1.40479  0.277759  -2.43985  -4.65304  10.5142  -2.16312  3.41455  -14.5187  6.10066  7.75815  -27.4503  -3.88739  3.36501  -1.08676  -2.64717  -56.4287  1.73743  1.07097  -20.1984  3.34518  1.79852  7.29784  -1.66907  -0.702573  3.14859  -6.94367  9.04462  7.13616  1.87849  
0.867172  3.99412  0.278531  -3.90437  -10.6748  14.6609  3.25482  -2.61408  -12.1702  4.83536  3.87322  -18.9079  -7.25647  2.03332  -0.174991  4.56635  39.7752  -0.460878  0.48174  -24.8911  4.15104  2.11981  -16.9571  2.60813  2.42245  -4.5355  -16.6124  3.17235  13.5221  4.24367  
0.831354  4.59782  0.466535  -2.98398  -7.47819  5.3452  7.31776  2.83495  -6.41429  2.6027  -0.368384  21.9852  -7.67266  0.253321  1.16479  8.7278  106.175  -2.04199  0.194339  -13.8985  4.9305  1.48127  -35.1869  8.06474  5.50118  -11.2512  -5.75577  -3.67151  14.8298  -0.824706  
0.45341  3.30682  0.347363  -1.01222  -2.01243  -18.0133  11.3504  1.25217  0.873298  0.42258  -1.59579  56.4493  -5.15115  -0.81248  -0.313989  5.69212  69.0352  -2.85266  0.777559  2.45122  6.10796  0.481625  -37.4976  9.22481  5.57683  -11.8439  13.85  -7.23761  10.596  -6.57021  
-0.238921  1.99296  -0.270915  -0.12805  -2.2889  -39.5703  15.255  -13.9313  6.83549  -1.25637  0.388469  55.612  -1.83667  -0.856021  -5.39922  -1.73863  -2.31754  -3.03227  1.27888  7.84815  6.66702  -0.244623  -29.8572  4.7271  2.15748  -7.2519  23.6884  -5.42604  5.44127  -6.42379  
-0.915319  1.33359  -0.976429  -1.42365  -8.19682  -40.7311  17.4847  -29.1938  8.26087  -2.33276  2.75624  24.1559  0.148342  -0.475032  -9.55703  -6.32727  22.8183  -2.44885  0.56593  -2.8742  5.21119  -0.645183  -23.333  -1.06398  -2.08642  -3.01543  15.5872  -0.240736  3.63823  -1.04639  
-1.19518  -0.0461938  -1.16855  -4.02493  -12.0165  -20.345  19.0187  -29.1521  4.29533  -2.36159  2.81353  -13.6928  0.412617  -0.318511  -6.33163  -3.50268  168.732  -1.12358  -1.16338  -17.5846  1.96803  -1.03307  -18.6721  -3.3923  -3.96286  -2.69237  -2.19181  4.16527  4.19537  3.78763  
-0.969705  -2.93782  -0.718256  -5.79868  -7.86463  2.24184  23.712  -14.599  -2.06924  -0.867579  0.482682  -35.875  0.0790751  -0.379254  4.91182  4.42942  307.093  0.268724  -2.59203  -20.2241  -1.08869  -1.41744  -8.86093  -2.4333  -2.85907  -3.81096  -14.8625  5.44026  2.4082  4.03883  
-0.475166  -5.4734  -0.111307  -5.14327  0.930456  7.8503  32.5514  0.450088  -6.82621  1.48632  -2.18979  -30.584  0.369971  -0.140484  16.1414  10.7499  292.189  0.933056  -2.88856  -9.01805  -2.27781  -1.34138  5.14217  -1.9334  -0.947078  -1.15519  -15.5301  4.56906  -3.86852  0.77521  
-0.029172  -5.04838  0.101781  -2.30352  5.50582  -1.16196  39.311  6.04926  -8.62953  2.90973  -3.25963  1.57464  1.44681  0.73639  17.6955  10.2604  119.393  0.775102  -2.52841  2.27141  -1.85982  -0.414323  11.5002  -3.67808  -0.507164  6.20231  -9.68973  3.35059  -10.719  -2.40909  
0.276882  -1.90042  -0.0997307  0.868852  1.80959  -4.87752  34.9961  5.20502  -8.84192  2.36724  -2.36773  41.1337  2.40894  1.98109  8.52228  3.18214  -71.4818  0.260569  -2.30354  1.43377  -1.24177  1.16364  3.79805  -5.63201  -1.55663  12.8356  -6.89075  1.54829  -12.097  -3.22997  
0.586473  0.828971  -0.260031  2.33243  -4.64858  8.82817  17.9229  6.08487  -8.3816  1.11624  -0.549315  55.0138  2.37708  2.92628  -2.5625  -5.48367  -145.754  -0.548349  -1.90122  -7.96385  -1.02856  2.73379  -6.72975  -5.75413  -2.34666  12.6713  -10.2279  -2.03903  -7.21114  -1.73283  
0.984874  1.02754  -0.0444269  1.11957  -5.37608  28.2689  -2.29443  10.5195  -6.48885  1.48458  0.686502  25.6181  1.41764  3.0456  -6.82125  -9.68795  -104.729  -2.21167  -0.123566  -12.2226  -0.457989  3.69139  -4.59007  -5.08402  -1.77723  5.87816  -14.6928  -6.01815  -2.46325  0.794844  
1.27284  0.179276  0.334891  -2.36312  1.18332  31.7483  -12.6703  13.5155  -2.98312  3.83431  0.371045  -22.8752  0.461498  2.34976  -4.84976  -6.67514  -63.4124  -4.60465  3.2804  -4.47983  1.21875  3.8011  6.68018  -5.39202  -0.694892  -1.42181  -14.2322  -6.08579  -4.54052  2.62525  
1.12623  0.920244  0.375089  -6.61462  8.05287  14.467  -7.49885  11.5226  0.0426881  5.50706  -1.15328  -42.9476  0.300928  1.34752  -3.94996  0.883205  -109.882  -5.81903  6.57917  8.13796  3.34598  3.13551  5.56546  -5.38456  -0.513748  -4.16777  -8.12879  0.284889  -11.7241  2.03375  
0.503051  3.0497  -0.0855022  -9.53413  8.01225  -4.70126  8.52182  7.15765  0.499447  3.54698  -2.349  -17.425  0.654322  0.688592  -7.43013  6.92463  -202.489  -3.48688  7.34366  14.1675  4.33197  1.95653  -19.164  -2.06945  -1.17308  -3.55699  -0.387953  10.0825  -14.1117  -1.47516  
-0.189873  3.8336  -0.607616  -9.36308  1.58579  -5.71294  24.7761  5.86981  -0.748177  -1.64622  -2.00609  14.8516  0.413696  0.683607  -10.2597  7.14886  -216.772  2.23767  4.91068  10.4312  3.35424  0.684359  -49.288  4.03108  -1.02277  -4.42014  5.20515  17.2636  -4.30096  -5.92872  
-0.448326  2.08821  -0.594455  -6.17761  -4.53901  8.21946  30.1215  10.1977  -0.875843  -6.03873  -0.781398  2.76092  -1.12668  1.00771  -6.46197  2.70994  -91.3874  7.61121  1.2373  3.13562  1.18481  -0.2691  -54.9865  7.70307  1.11803  -8.58029  8.15202  18.9501  13.0536  -7.79314  
-0.19896  0.0710561  0.0437403  -2.40615  -5.61247  14.3641  16.7618  17.9445  0.773034  -5.64639  -0.610007  -51.9762  -3.26693  0.905373  1.93696  -1.54469  86.1124  8.1101  -0.991252  -0.812938  -0.69293  -0.819535  -29.9229  4.86441  4.05261  -12.5146  9.84183  17.2382  24.8224  -5.39124  
0.118243  0.358265  0.769027  -0.943191  -3.49492  -1.47797  -14.2444  23.4766  1.00469  -0.337829  -2.18271  -90.4839  -4.27268  -0.0954878  6.95806  -2.42505  161.15  2.64139  -0.985723  -0.617695  -1.44614  -1.27622  0.964045  -1.87948  4.97085  -11.9925  10.6941  14.8603  23.1156  -1.45402  
0.0524156  2.20853  0.982205  -2.06544  -2.98992  -26.7696  -48.992  19.6736  -3.73464  6.04229  -3.66173  -62.6854  -3.00026  -1.55665  5.25453  -1.08942  82.3079  -5.19005  -0.406658  -0.476338  -1.25941  -1.90758  11.2136  -5.77319  2.37219  -7.37849  9.63819  11.2423  13.6523  -1.1168  
-0.317586  2.66175  0.673696  -2.69478  -5.32078  -36.0525  -66.9856  1.78524  -12.5458  8.81424  -2.66623  14.0413  -0.105087  -2.31701  2.69056  -0.591709  -35.4982  -10.1611  -1.32251  -4.44982  -0.653517  -2.48029  3.38144  -3.63687  -2.0785  -2.96156  6.17977  4.57201  8.5996  -6.16151  
-0.460932  0.792407  0.415415  0.401552  -6.93594  -20.5552  -57.5746  -26.5949  -19.8182  5.76157  0.64312  73.9894  2.42105  -1.54888  6.27505  -1.83422  -39.9465  -9.68422  -3.89179  -12.5956  0.156731  -2.43494  2.43054  0.986668  -5.15537  -1.49938  1.74375  -3.85603  12.1794  -11.6876  
-0.0480683  -1.01087  0.671339  6.5836  -4.21335  1.47493  -30.059  -51.8259  -20.1147  -1.72457  3.43738  73.8544  3.12854  0.327335  14.1771  -2.98601  80.276  -5.2648  -6.16471  -20.5326  1.18577  -1.60182  21.7948  2.78207  -5.46976  -1.05296  -1.72641  -9.74722  16.4009  -10.0338  
0.58367  -0.411135  1.20385  11.1723  1.95079  6.01411  -3.08058  -57.7609  -13.4555  -9.66436  3.45226  31.7316  2.39013  1.8996  17.3437  -2.37704  184.481  -0.203622  -6.07718  -22.3229  2.30003  -0.56028  44.6882  0.822813  -4.83152  1.96206  -4.14097  -10.4671  11.422  1.00522  
0.750035  1.7102  1.29541  9.83769  7.09356  -9.10982  15.8864  -38.0613  -5.3202  -13.7454  1.63373  -4.26053  1.66982  2.08448  10.8695  -0.581319  153.448  3.64766  -3.45585  -15.7108  3.11627  -0.093967  43.6336  -1.7039  -5.69506  7.33427  -6.72014  -7.69692  -2.22184  14.4702  
0.180967  2.63332  0.557245  2.90672  7.90038  -22.5002  34.7585  -2.32901  -1.26258  -11.8577  0.843369  -10.6483  1.73789  1.13564  0.504871  0.65159  34.4676  6.76086  -0.214652  -5.52222  3.23074  -0.349007  14.032  -2.53585  -7.48868  10.1458  -9.05899  -4.53623  -14.1582  19.8948  
-0.660667  1.39478  -0.590328  -4.92263  4.82949  -14.3357  58.0726  29.5837  -1.49823  -5.53525  2.31826  -2.44521  1.82393  0.220787  -4.31942  0.428978  -23.3315  9.92457  1.30787  -0.865135  2.47478  -0.725793  -18.65  -2.67487  -6.58795  6.10346  -8.29373  -1.78482  -15.7725  13.2986  
-1.0857  -0.505517  -1.33125  -8.82267  0.413926  11.1716  71.1076  40.1395  -1.57478  1.06877  4.22406  -2.80393  0.90162  0.054527  -1.81751  -0.89996  40.6436  12.1756  0.289408  -7.24411  1.08159  -0.64854  -25.7973  -3.57627  -0.562619  -2.79015  -2.9218  1.2287  -9.13555  0.956546  
-0.888102  -1.6482  -1.26604  -7.54995  -3.46731  31.0223  52.1625  24.7755  1.38821  4.42461  3.87806  -15.8364  -0.627484  0.18772  0.818523  -2.72111  125.176  11.364  -1.99715  -20.3303  -0.287458  -0.224739  -5.65775  -4.16603  8.09452  -9.33446  3.45822  3.55838  -3.73222  -7.0962  
-0.462038  -2.30949  -0.72029  -3.47754  -5.98382  28.4805  2.20273  -4.7767  3.97732  4.28482  0.614358  -30.8005  -1.18573  -0.242675  -2.7779  -4.40231  100.139  6.97108  -3.28493  -27.9126  -0.803919  -0.0416134  16.4563  -2.18658  13.6739  -8.37749  4.76489  3.20828  -6.0131  -6.54869  
-0.270641  -3.08067  -0.280031  0.097875  -6.46932  9.49382  -46.8963  -27.0541  0.352983  3.10398  -3.91696  -39.0793  -0.00797251  -1.24142  -10.0995  -4.89015  -27.9481  1.3537  -2.15245  -18.9622  -0.128018  -0.412352  16.4903  2.23427  12.9615  -2.40994  -0.571724  0.969061  -13.4515  -1.44998  
-0.360534  -3.30144  -0.180692  1.52899  -5.12086  -6.15663  -60.587  -26.3489  -8.88338  3.06801  -7.79166  -38.7633  1.5759  -1.79524  -13.0889  -3.2771  -125.098  -2.69154  0.855486  6.54686  1.10878  -1.01837  -4.07283  6.02854  8.5118  1.13431  -7.08654  0.767832  -18.1423  1.41407  
-0.444789  -2.06423  -0.222435  1.30275  -4.4448  -6.26503  -36.0703  -6.54381  -14.2883  3.98337  -10.2339  -27.6554  1.61007  -1.08468  -8.10459  -0.419309  -92.3979  -4.8986  3.62657  34.647  1.73306  -1.29273  -23.3979  6.39557  5.44281  -1.89447  -8.06511  4.54297  -15.1021  -0.996152  
-0.321354  -0.0563727  -0.138884  0.757837  -7.75496  3.27114  -1.98011  11.0709  -6.93988  4.14325  -11.2587  -6.08464  0.0054946  0.414961  -0.274563  0.867152  21.9092  -6.92652  4.16757  45.0524  1.22211  -1.0297  -24.6759  3.62724  5.57893  -7.92743  -2.78894  8.5371  -6.84815  -6.79832  
-0.0633115  1.04737  0.123048  0.404251  -14.4542  8.21482  14.4153  8.18485  10.3041  2.70152  -10.8288  14.4297  -1.22421  1.37669  2.35575  -1.62725  90.1627  -8.8735  2.31032  27.3098  0.389048  -0.527655  -11.9039  0.32213  5.66382  -10.2062  3.2265  7.51646  -0.586095  -12.4058  
0.164408  0.996339  0.455609  -0.449778  -18.053  2.66916  12.9959  -11.6905  23.5345  0.726512  -8.80103  14.436  -0.457077  1.14397  -2.2539  -6.60167  54.9254  -7.97298  0.012347  -6.9066  0.531563  -0.212028  -0.13414  -1.34647  1.8882  -6.54179  4.44165  1.8876  -1.18765  -15.1241  
0.305308  1.39519  0.730589  -2.46335  -11.4375  -5.86185  11.8456  -27.6022  21.5991  -0.112322  -5.27328  -11.469  1.42886  0.469897  -7.98207  -9.67852  -18.8893  -2.12307  -0.332987  -29.6031  1.82731  -0.232628  4.02712  -0.952306  -4.9877  -1.21627  0.0755773  -2.04368  -6.36049  -13.3824  
0.37496  3.32481  0.811544  -4.70218  5.05763  -6.91563  19.7739  -24.7873  7.43366  0.59571  -0.770869  -42.5505  2.24999  0.541998  -6.87107  -7.43807  -39.0144  6.02019  1.58568  -20.6936  2.91974  -0.393567  6.12768  0.79634  -10.098  0.68744  -6.73605  -0.0576298  -8.6956  -6.88872  
0.342451  5.52428  0.576204  -5.0598  22.1334  0.463828  26.1912  -9.7835  -5.89236  1.70543  3.68832  -49.4905  1.45432  1.46404  2.90989  -0.905646  -1.19033  10.2193  3.23663  11.1696  2.41387  -0.401215  9.99348  2.70601  -9.64703  -1.10006  -12.0669  4.22375  -3.11636  2.34283  
0.16231  5.76367  0.0762829  -2.68571  29.7249  7.59274  17.8566  0.249558  -8.90635  1.98689  6.6109  -25.7193  0.86244  2.09294  15.066  5.28769  8.89602  6.73797  1.6411  35.0571  0.60931  -0.17785  9.03527  3.16768  -4.80058  -3.0565  -12.4073  3.61048  7.52681  10.1629  
-0.0980454  3.55637  -0.370852  0.317514  26.2427  7.64017  -2.07088  -0.874355  -3.48446  1.47541  6.75881  6.55352  2.02423  1.47857  20.4557  7.04507  -73.9022  -1.51418  -2.87152  28.4885  -0.707433  0.0409992  -2.47699  0.973626  -0.0559875  -2.95108  -5.30246  -3.6058  14.5363  12.9108  
-0.273237  0.572087  -0.42986  0.674075  18.6386  3.87387  -17.465  -2.96143  2.14893  1.18794  4.36872  22.7164  3.59259  0.129177  14.8964  4.06526  -198.668  -7.60496  -5.84755  0.379718  -0.287011  -0.0507431  -14.9579  -3.04618  1.42542  -1.83752  8.12456  -11.5524  11.7141  10.281  
-0.267786  -1.45126  -0.12686  -2.10181  13.7654  4.46369  -18.7195  5.38129  2.86466  1.62018  1.41966  22.5592  2.43771  -0.512401  2.70471  -0.805034  -228.921  -7.08595  -2.68887  -19.8586  1.14936  -0.442718  -10.407  -5.81133  0.276002  -1.28604  21.9151  -13.6547  1.76114  5.23208  
-0.147023  -2.20328  0.149814  -4.35611  11.5561  10.6296  -12.8595  22.038  -0.359118  2.05881  -0.0519693  22.9935  -2.64087  0.188187  -7.01412  -4.65272  -78.4885  -1.72885  6.00579  -15.0508  1.84354  -0.725165  13.0391  -4.56056  -0.99856  -1.13809  29.382  -9.56383  -6.20696  0.950905  
-0.0222584  -2.14646  0.120683  -1.96268  7.58407  13.9614  -13.2333  33.6843  -3.90651  1.68701  0.0539633  28.7362  -8.93254  1.23488  -8.09216  -6.3472  183.713  2.75985  13.71  2.42465  1.12381  -0.50548  31.4655  -0.0597057  -1.28417  -1.1618  29.3985  -3.96002  -5.21185  -1.75044  
0.0786114  -1.3459  -0.0385272  4.4758  0.0574012  7.18603  -23.3122  29.6832  -4.80792  1.06425  0.0466366  23.5209  -11.9818  1.14405  -2.12191  -6.01951  377.671  2.19131  13.6738  7.52807  0.0354553  0.0755644  19.8017  3.60532  -1.44777  -2.80828  26.756  0.0153506  3.24142  -4.17343  
0.185703  0.308831  0.0661849  9.22005  -7.96112  -4.96744  -33.2838  11.446  -1.78489  1.66734  -1.23007  -4.65565  -9.50572  -0.276027  3.71264  -4.07624  371.871  -2.49596  5.73781  -7.73009  -0.171782  0.388762  -15.4041  3.0702  -2.36371  -6.79412  25.6158  3.4436  11.2809  -7.41526  
0.276321  2.17554  0.510122  7.12162  -12.4153  -9.98857  -31.8864  -9.04219  3.82117  3.60192  -2.92892  -38.2304  -2.9585  -1.62703  3.76008  -1.33952  201.598  -6.28419  -3.20063  -26.6097  0.437052  -0.0168217  -37.1535  -0.734766  -3.25209  -9.68649  24.3301  7.85414  12.3244  -10.5998  
0.272648  2.95738  0.918027  -0.46228  -12.1302  -2.75962  -18.5906  -17.8504  7.33085  4.66721  -3.50573  -44.4615  4.09977  -1.45709  -0.865742  0.555067  20.5532  -4.75697  -6.10254  -28.4578  0.958349  -0.874171  -18.2403  -3.73612  -2.48884  -6.16165  18.4079  11.4506  6.6255  -11.0968  
0.134741  1.76015  0.903302  -6.55871  -8.39093  7.05908  -3.24928  -8.97906  3.79423  2.62858  -2.98123  -13.7481  8.48156  0.129138  -4.1946  0.409862  -60.8682  1.56338  -2.69427  -12.7126  1.21427  -1.51293  25.8778  -3.29874  0.366776  3.92039  7.54583  11.1134  -0.285746  -6.81609  
-0.0892118  -1.20163  0.518843  -5.93617  -2.73235  6.17362  3.94078  9.32704  -5.99258  -1.71057  -2.95172  24.3011  8.82139  1.59182  -2.27132  -0.713488  -67.1572  7.24378  1.01669  1.60245  1.90357  -1.65325  52.8067  -0.752611  3.94652  12.9419  -2.90683  7.25432  -3.79526  0.97648  
-0.31051  -4.66503  0.163298  -0.783873  3.38888  -5.72942  1.77195  18.934  -14.0407  -4.69206  -4.39207  30.1829  5.78034  1.56807  2.52511  -0.0429346  -88.9398  6.95635  -0.118313  -1.23221  3.04906  -1.64742  40.8238  0.855876  6.44111  12.8818  -7.77856  4.22703  -3.94176  7.17798  
-0.449814  -6.60334  0.10759  1.85923  7.59863  -14.5212  -2.46037  8.68064  -12.5931  -3.49319  -6.3524  -2.25016  1.60367  0.179691  4.29074  3.51123  -149.502  1.098  -4.79156  -15.2953  3.26505  -1.85377  11.5619  0.538763  7.10865  4.89284  -7.86437  5.13391  -3.56432  6.40387  
-0.426761  -5.09565  0.239093  -1.63353  7.32642  -7.99563  -1.41739  -11.531  -3.09779  1.01934  -7.30287  -40.0311  -1.18477  -1.20224  0.609773  7.00171  -176.111  -4.3082  -7.264  -20.3449  1.45283  -1.97071  1.67226  -0.113682  6.36804  -1.43987  -8.79652  7.47556  -4.07782  -1.71576  
-0.167444  -0.12018  0.281483  -7.08495  2.27253  9.24879  4.58583  -18.4522  4.53471  5.49313  -7.01905  -46.0736  -1.59825  -1.30372  -4.29601  6.00615  -98.4047  -4.1135  -4.27593  -6.04573  -1.13511  -1.262  18.7456  0.177887  4.71473  0.410559  -14.5113  5.81911  -4.37974  -11.3202  
0.31347  5.35524  0.150505  -7.33749  -4.68914  20.0181  9.35135  -1.55172  2.43201  7.38385  -6.34098  -17.1036  -0.857493  -0.00795379  -4.35138  0.106397  51.7493  0.294144  1.30809  15.0369  -1.77681  0.531512  35.445  0.451063  2.36681  5.94521  -22.082  -1.3076  -3.62923  -15.4583  
0.838963  7.2597  0.0139995  -1.09505  -9.75269  12.9759  9.3511  21.8756  -6.9665  6.25681  -5.58072  18.2063  -0.940737  1.68787  0.785212  -5.33814  165.092  2.87748  4.10902  21.9091  0.323256  2.66907  25.4443  -0.811157  -0.303856  5.34397  -23.731  -8.73033  -3.22589  -12.6494  
1.14663  4.44716  0.0449629  4.92853  -11.2317  -5.40043  8.40034  23.9018  -14.6712  2.86275  -4.39057  31.9143  -2.34906  2.58025  4.5132  -4.33792  170.131  0.291711  2.50598  9.98795  2.42417  3.94068  -6.14934  -2.94938  -2.49255  -3.898  -14.6082  -10.2007  -4.72541  -7.52716  
1.08889  0.215693  0.223604  3.53403  -10.1735  -17.8706  12.0127  -1.64942  -15.2383  -1.491  -3.22975  23.6495  -3.69114  2.18183  0.732323  2.91653  102.138  -4.32776  0.190365  -3.45007  1.10442  3.67984  -33.5885  -3.38835  -3.40097  -13.4744  0.873522  -5.77154  -6.50914  -4.67825  
0.749876  -1.28004  0.399149  -4.24383  -8.18846  -13.838  18.3115  -30.1358  -10.5201  -4.59748  -3.78183  14.3859  -3.49929  0.959011  -8.25554  9.48039  47.178  -5.70005  1.38105  -0.595501  -3.48011  2.21566  -42.4691  -0.758184  -3.16603  -14.182  11.8412  -1.69439  -4.73234  -3.17294  
0.360085  0.14841  0.483305  -9.95896  -5.55994  1.34942  17.5558  -32.7223  -4.18649  -4.39202  -6.89085  20.2365  -2.09695  -0.236426  -13.1324  8.67107  37.0092  -3.10695  5.60745  15.7228  -7.29457  0.451998  -40.3839  3.22559  -2.76567  -6.38458  11.5759  -2.27009  1.50277  1.46443  
0.0884788  0.732368  0.512808  -7.45047  -1.68413  13.3828  2.75056  -8.84435  3.55774  -1.71068  -10.4977  33.042  -1.14108  -0.977903  -7.45045  1.12201  22.0764  -0.724907  8.14663  27.487  -6.76308  -0.884998  -37.0854  5.56188  -2.88826  1.68761  4.71214  -3.71537  7.62629  10.4138  
-0.0735825  -2.02829  0.544888  0.16124  3.04758  13.3538  -20.7425  12.9982  13.368  -0.923961  -10.7423  30.6485  -1.51368  -1.5076  4.99962  -5.93608  -47.238  -1.58267  5.52352  24.9176  -2.66317  -1.63371  -27.5979  5.12828  -3.03577  4.55833  2.59233  1.51945  7.97136  18.2883  
-0.23335  -5.51343  0.560169  4.5302  6.67532  4.50724  -38.3995  7.04697  21.3906  -5.60994  -5.66487  1.53566  -2.34604  -2.1821  13.8669  -6.19434  -136.71  -3.74721  -0.436136  16.5186  0.980238  -2.026  -2.9576  3.32663  -2.22389  4.72622  10.4865  14.1093  2.48078  17.5702  
-0.414335  -4.83063  0.503167  2.16951  7.56591  -3.07393  -39.8488  -21.7252  21.212  -13.3264  2.53294  -38.5188  -2.16097  -2.83962  12.5839  -0.255388  -152.021  -3.68445  -4.61241  13.9157  1.40554  -2.22983  28.6431  1.78152  -0.627586  6.64772  21.02  24.0996  -2.63739  6.1471  
-0.489496  0.869896  0.355777  -1.86935  6.46231  -2.78964  -27.0238  -43.2326  12.0256  -16.485  9.31192  -57.218  -0.695749  -2.94692  4.0906  5.88129  -50.1686  -1.65888  -3.98643  15.3006  -0.511519  -2.05224  44.2426  0.494219  0.0383589  9.06304  21.8389  20.1375  -2.01578  -10.1048  
-0.287456  6.5273  0.168508  -0.855629  5.77748  3.40392  -9.09576  -33.9548  1.19839  -9.89151  11.8983  -35.2689  0.947735  -2.39796  -3.50091  7.29205  93.7373  -1.11619  -0.441733  11.4823  -2.13713  -1.09194  31.735  -1.36578  -1.80731  6.71277  9.44213  2.05524  2.7078  -21.951  
0.222657  6.46474  0.0358071  5.15875  6.53731  8.65353  6.71101  -0.454444  -3.3974  3.12655  11.4172  11.0337  1.72124  -1.86215  -5.20319  4.29628  155.791  -2.85049  1.78745  3.0612  -2.16466  0.709855  5.29866  -3.59515  -5.36791  -1.164  -6.47817  -17.2162  5.07119  -23.6353  
0.844016  0.797086  0.0467349  9.70865  6.71915  8.72677  17.3379  28.0142  -2.51434  13.5242  11.1328  38.6957  1.76475  -2.04528  -2.51315  0.678908  96.7673  -2.74818  0.857653  0.346498  -1.21616  2.66481  -10.5887  -4.92525  -7.64127  -7.83917  -12.8391  -23.3755  1.56061  -16.0888  
1.22947  -4.56976  0.195018  7.9567  3.80973  5.33881  19.8574  28.589  -3.71754  15.1707  12.8188  18.2111  1.96242  -2.74301  -0.178507  -0.812445  7.36184  2.73882  -0.900599  4.26983  -0.182943  3.62871  -7.39162  -4.74956  -6.26187  -6.51109  -5.60345  -14.0657  -4.69252  -4.85688  
1.08841  -4.25316  0.307367  2.184  -1.27657  2.63544  10.7484  6.82569  -10.6528  9.84054  14.9161  -33.3362  2.73966  -2.97482  -1.1448  -0.560777  6.50556  10.4548  0.0875816  -0.484849  0.774018  2.90849  3.04834  -3.92008  -2.02449  1.32071  7.4022  -0.371679  -8.27456  4.51537  
0.428778  1.1339  0.168213  -1.59547  -4.51143  1.81475  -7.89283  -8.94283  -17.4317  3.7592  14.1024  -61.5832  3.47677  -2.18009  -4.56626  -0.316894  102.954  12.8479  4.43159  -24.4038  1.53129  0.96213  7.70614  -3.47101  1.78157  7.47918  14.5806  4.35255  -7.35219  9.79317  
-0.330337  6.20505  -0.155283  -0.842105  -3.75385  0.883073  -24.937  4.54086  -15.964  0.960825  8.61388  -27.1899  3.08374  -0.979596  -7.34589  -0.711373  187.114  6.88476  8.78056  -52.0783  1.38356  -0.89597  7.62045  -3.19252  2.57642  6.71573  10.4362  -3.31673  -4.04731  11.9408  
-0.559589  6.7981  -0.175267  1.44511  -1.97685  -0.399496  -27.1809  40.8054  -6.62237  0.964162  0.245289  48.9957  1.1117  -0.438343  -6.793  -0.980319  161.434  -1.74749  9.05329  -55.044  -0.0746479  -1.57735  11.6132  -2.26439  0.793342  2.14251  -0.712847  -14.9436  -0.567778  12.8596  
0.067858  3.91214  0.594921  1.40258  -4.04576  1.57912  -11.5072  66.8666  2.08838  1.66518  -6.9486  100.64  -1.6033  -0.697434  -2.69689  -0.434414  57.4717  -5.06692  4.50903  -26.3052  -1.80701  -1.09577  20.6309  -1.07109  -0.996356  0.315789  -8.83049  -19.0301  2.62171  13.4393  
1.16263  1.6149  1.95628  -1.08846  -10.7927  9.07113  11.0417  53.4615  4.55396  2.20656  -10.0795  82.0925  -3.34344  -0.711229  2.17136  0.6698  -6.08869  -1.85034  -1.44149  8.84791  -2.00027  -0.402113  25.4675  -1.27133  -0.567874  3.12372  -6.29278  -11.2121  4.78512  13.6993  
1.83237  1.88532  2.94264  -3.33796  -17.8898  16.8048  24.1477  4.35933  5.14322  2.56081  -9.7242  18.2165  -2.88863  0.49944  4.033  1.7208  33.7864  1.88087  -4.52206  22.2661  -0.139691  -0.384309  18.1547  -3.47822  2.43274  6.2538  5.31429  2.97532  3.90825  13.7428  
1.48366  2.68001  2.67154  -3.90583  -20.4969  15.2465  20.1636  -44.5056  11.5707  2.23491  -8.78098  -21.6421  -0.822746  2.55487  1.34019  2.43078  114.294  1.2431  -3.56228  14.3659  2.19937  -1.03792  0.124886  -5.58798  6.70197  5.17474  15.9421  13.8072  -0.549947  13.8055  
0.408312  1.10024  1.26519  -4.15874  -17.2551  2.11063  6.06347  -56.3223  22.9598  1.05427  -9.07386  0.0286959  0.679415  3.91811  -3.60546  2.52295  124.021  -1.16  -1.1595  7.62415  3.12963  -1.60877  -20.9952  -4.58013  10.0555  0.399645  16.2331  15.4917  -5.08562  13.3524  
-0.564289  -2.57542  -0.295012  -5.60658  -9.33887  -12.2708  -3.50348  -25.1026  28.5195  0.681584  -9.37734  47.6568  -0.138315  3.351  -6.82503  1.30998  27.5461  0.912223  -0.52652  13.186  2.7196  -1.49144  -37.5121  -0.179787  10.0935  -3.69662  7.15162  9.65408  -4.7738  10.8401  
-0.969082  -5.08837  -1.23768  -7.11983  1.90479  -15.2417  -0.337877  21.1875  19.5581  3.47171  -6.95684  54.22  -2.71934  1.08717  -6.60582  -1.40747  -105.349  8.41872  -2.08529  17.5062  2.71807  -0.860913  -43.2538  4.20276  5.85324  -3.91088  -1.11791  2.30965  1.29409  5.16617  
-1.06662  -4.19235  -1.6556  -5.72696  14.3251  -7.24093  9.54678  44.8561  0.509762  9.05387  -0.817663  -3.28967  -4.59713  -1.40235  -4.86102  -4.05048  -180.921  14.7155  -3.36214  5.20177  3.82524  -0.373929  -34.2319  4.9244  -0.568858  -1.07848  -1.25022  -1.85186  8.45804  -2.63165  
-1.24891  -1.23051  -1.97023  -0.260349  23.256  -2.56936  11.8215  25.9022  -14.3399  13.2256  6.72044  -77.8233  -3.99464  -2.6656  -4.38743  -4.13867  -170.294  12.9042  -2.04472  -15.562  4.00409  -0.346009  -13.7457  2.14306  -4.76894  1.45399  2.62684  -2.64745  10.7859  -9.60453  
-1.37778  0.906131  -2.09879  6.5781  23.7122  -12.1974  -1.0182  -26.5684  -14.7371  11.7672  11.7133  -105.358  -1.71527  -2.3207  -5.51465  -1.33536  -117.48  3.81824  1.41157  -20.7709  0.554533  -0.429836  5.52643  -0.554753  -3.71458  1.09121  0.453396  -3.06126  6.31642  -13.1854  
-1.03581  1.4999  -1.61361  10.3391  15.4717  -28.4076  -20.5861  -82.2185  -3.2785  5.31269  11.6604  -68.6268  0.0766771  -1.06349  -6.10393  1.0815  -78.2932  -4.84423  4.3112  -1.21933  -5.93713  -0.174541  10.5124  -0.609604  1.18268  -2.03264  -9.94676  -5.61233  -1.99168  -13.2621  
-0.33243  2.39637  -0.668858  9.0448  4.62504  -32.0663  -29.5911  -108.329  9.22548  -0.727838  7.10098  -6.06972  0.453759  0.189257  -4.4796  -0.648177  -66.2525  -7.09579  4.49448  24.579  -10.9576  0.303753  1.86404  0.566753  5.29621  -5.34504  -18.4524  -9.94121  -9.23263  -11.9688  
0.0327658  4.71889  -0.13865  4.92255  -1.44824  -15.2739  -19.2605  -90.2426  14.8051  -1.68266  0.992702  35.1447  0.390426  1.0934  -1.57067  -5.7417  -52.037  -4.52081  2.22357  31.5261  -10.3131  0.475807  -4.94675  -0.0986975  5.13064  -6.01965  -14.1877  -13.2195  -11.3249  -11.2808  
-0.280715  6.65235  -0.499966  1.94735  -0.397008  7.59398  1.05692  -41.6903  13.5745  1.56691  -3.07865  41.7787  0.820668  1.90758  0.395259  -8.35694  -5.66269  -2.95557  -0.378501  16.0471  -4.85145  0.195291  3.13934  -2.6783  1.22683  -3.53626  0.474503  -12.4085  -6.67578  -10.8273  
-0.564173  5.55624  -0.932222  1.90903  4.34819  14.6719  13.345  5.71097  9.55055  3.91035  -2.81056  33.7405  1.19966  2.85991  0.672494  -3.5903  63.6357  -4.85404  -1.2957  -2.34601  0.321647  0.0654612  19.9785  -3.49721  -3.21043  -0.284932  11.4057  -6.74887  2.56212  -8.47574  
0.19391  1.61911  -0.135125  3.13428  8.00942  0.341339  8.99291  28.578  5.22162  1.44317  1.25567  32.2741  0.706532  3.59653  0.540778  6.32377  110.676  -6.76045  -0.246782  -5.02476  1.67169  0.721401  25.2656  0.328845  -5.45034  0.922576  9.10616  1.24626  10.63  -3.25471  
1.89376  -1.97005  1.91579  2.84034  8.29353  -19.1372  -3.99851  28.8778  1.17707  -4.9453  5.52887  37.0592  0.016111  3.44095  1.14667  13.3263  98.3177  -4.45134  1.22251  6.4394  0.996104  1.8971  7.91317  6.55613  -4.90082  -0.0526289  0.0728822  7.13836  11.9016  2.54642  
3.08282  -2.72018  3.51883  0.0627873  5.19173  -23.3296  -11.4319  23.5747  -1.51891  -11.1603  5.65726  33.0582  0.631491  2.20531  1.65901  11.6623  37.1316  1.2078  1.26142  15.8881  2.47014  2.53973  -19.0898  9.40705  -2.80735  -0.693846  -0.895452  7.64535  6.17524  4.95961  
2.37682  -1.56389  2.88865  -3.62343  -0.696681  -7.72674  -7.48235  21.379  -1.69316  -13.7321  0.478009  12.0285  2.38479  0.587823  0.348719  3.58548  -19.7503  5.03107  -0.307708  12.5073  6.74236  1.89285  -30.7716  5.61983  -1.25452  0.85211  11.2802  3.12038  -0.873997  2.35296  
-0.049201  -1.14701  0.0752082  -5.7853  -8.01772  14.5584  2.47084  16.7843  -0.518784  -11.9326  -6.15952  -15.5396  3.11277  -0.438583  -2.81499  -3.65575  -29.7947  3.65428  -1.53419  0.457404  9.91496  0.266654  -16.5024  -2.09962  -1.98569  3.5138  25.2415  -2.594  -3.74358  -2.45847  
-2.59823  -2.23599  -3.01454  -5.24211  -13.5737  27.5468  10.2536  6.80162  -1.0492  -7.40943  -8.80753  -32.1434  1.46815  -0.638211  -5.69606  -5.75273  -0.0514102  -0.697038  -0.384371  -9.89521  8.75268  -1.35989  8.92024  -8.17502  -4.82245  4.9867  25.6281  -5.18957  -2.58321  -4.98069  
-3.77066  -3.06945  -4.4394  -2.837  -13.4428  25.8674  12.1244  1.82615  -4.04843  -2.98564  -6.17776  -33.6436  -0.940513  -0.784062  -6.3701  -4.83556  30.4121  -2.86884  2.48402  -14.9774  5.03338  -2.25867  22.4934  -9.82061  -6.94264  4.65314  10.2408  -3.22049  -1.60548  -3.35918  
-3.34271  -2.18254  -3.82193  -0.544176  -6.79166  14.8043  7.98016  11.0729  -5.92543  -1.31651  -2.70361  -33.6925  -1.43164  -1.79553  -5.33101  -5.28327  45.2621  -0.3846  3.63985  -18.4089  2.92591  -2.34258  18.7756  -8.62871  -5.08006  3.579  -7.66768  0.716826  -2.8565  0.427502  
-2.16909  -0.470888  -2.2414  0.271395  1.74239  2.13846  -1.38879  23.2788  -2.92236  -3.12113  -3.15575  -44.9486  0.0896559  -3.65788  -4.71036  -7.85082  70.4898  4.42107  0.575682  -20.5406  2.8716  -1.91169  13.3269  -7.16459  0.654517  2.13566  -13.5846  1.9827  -4.14835  3.77089  
-1.19577  0.245157  -0.966074  -0.0566126  5.13757  -7.4937  -13.0278  15.2995  2.97564  -6.04089  -6.29454  -58.2601  0.926086  -5.28383  -5.31294  -9.25127  123.889  7.17694  -4.69664  -13.6257  0.55943  -1.36144  20.2036  -5.71816  5.98216  -0.592335  -5.81398  -2.16626  -3.26284  6.4775  
-0.794455  -0.0967853  -0.490074  -0.0526345  0.966874  -12.506  -19.9844  -16.9307  4.91775  -6.16547  -5.56439  -49.3337  -0.702581  -5.44044  -5.22859  -6.79261  164.978  5.25525  -6.80768  7.85931  -6.88259  -1.08277  31.6009  -3.19277  6.90451  -4.46165  4.99148  -9.79583  -1.70577  9.92428  
-0.749493  0.12166  -0.509794  1.04013  -4.85676  -12.828  -16.2441  -46.7931  -0.895783  -1.74303  2.9885  -8.26694  -3.01022  -3.72202  -1.85277  -1.85853  121.031  -0.580809  -2.63983  34.8485  -15.3592  -1.21516  27.1652  0.0689741  4.73949  -7.07232  7.93781  -15.32  -2.45547  13.8746  
-0.556998  1.58041  -0.403247  2.24418  -2.80616  -9.30997  -4.65864  -45.1444  -9.61338  4.57938  14.8154  42.0384  -2.77951  -0.77413  4.93415  1.77241  -27.8181  -6.80239  4.81593  47.055  -16.8741  -1.34147  2.11471  2.04457  4.84026  -6.50227  1.70679  -14.1316  -5.34975  15.5597  
0.202592  2.76285  0.288692  2.16716  10.335  -3.3244  3.04472  -15.1237  -12.0398  7.92608  20.402  64.7117  0.569438  2.21208  11.9955  2.12374  -204.699  -8.975  9.17914  32.822  -8.45884  -0.733497  -22.1043  1.69729  9.679  -4.22554  -6.59666  -6.92847  -7.27067  12.4361  
1.46461  2.00906  1.50179  1.27903  26.4411  4.18184  -1.88801  11.4594  -4.57057  5.83375  14.9121  43.9744  4.32788  4.14532  15.2747  0.866318  -294.854  -4.67527  7.32518  3.25409  3.59699  0.78204  -20.4589  0.570153  14.5938  -3.26842  -10.0448  0.935071  -6.89494  5.15329  
2.52765  -0.0503385  2.54177  1.75523  32.2574  12.6516  -14.3337  11.8151  6.64971  0.446932  3.03454  0.368071  5.86798  4.46058  12.9057  1.13761  -248.229  3.74552  2.35159  -16.755  9.62983  2.32127  5.61062  0.945068  12.4515  -3.7736  -8.11138  4.88643  -6.5369  -2.70186  
2.53338  -1.22144  2.52574  4.50315  21.7697  19.7333  -20.0538  -3.5251  12.2196  -4.02512  -6.11293  -29.1878  5.33739  3.30749  6.37556  4.03532  -119.185  9.63762  -0.459258  -11.7742  6.00334  2.69526  28.6713  3.00307  2.21551  -2.56535  -5.625  5.68007  -7.86728  -7.53267  
1.32348  -0.651169  1.23142  7.26374  2.07613  20.7355  -12.4472  -8.61527  9.15406  -5.3596  -7.64861  -20.5094  4.53443  1.45559  -0.900312  7.36016  -6.56646  7.56044  0.448834  11.7369  -2.03131  1.68974  25.1956  4.7344  -8.96719  1.99666  -6.84257  7.78256  -7.48701  -8.18068  
-0.264689  0.0544838  -0.51965  7.03651  -13.2774  11.9739  -0.848556  4.18892  3.2905  -4.63451  -3.90432  24.4913  4.1083  -0.181661  -6.18387  7.71988  35.6456  -0.721055  1.97385  35.3411  -6.55981  0.317067  -1.00114  4.56044  -12.8322  6.89602  -10.6072  13.4256  -0.0314108  -6.25985  
-1.14244  -1.01602  -1.52795  3.95857  -15.8618  -4.4402  1.43433  18.964  2.34188  -4.14766  -0.041414  80.2063  3.0188  -1.19465  -9.19887  3.92625  30.9897  -6.87099  0.926805  46.4148  -4.715  -0.343625  -26.3304  3.1449  -8.2816  8.05767  -10.917  19.2789  13.8921  -4.68667  
-1.03193  -3.60115  -1.35763  1.36832  -7.83655  -20.4659  -5.86175  22.1559  7.71888  -4.94947  1.24092  109.945  0.58658  -1.93352  -11.458  -1.55363  36.5356  -4.22521  -1.99149  44.6088  0.0600251  -0.322162  -32.0918  2.34728  -1.5798  5.93661  -2.62214  19.6262  24.9908  -5.43059  
-0.616018  -5.65412  -0.675183  1.54018  2.04365  -27.8613  -9.83049  20.8795  13.3442  -6.27144  0.428816  90.93  -2.16674  -2.94644  -13.7719  -4.69743  73.1603  4.84907  -3.3741  35.3043  3.02314  -0.469388  -18.2547  2.92678  0.961022  4.84175  12.4768  12.121  22.819  -7.53333  
-0.65949  -5.79562  -0.432197  2.81497  6.14921  -24.7204  -2.8535  28.8577  12.2267  -6.74853  -1.32881  39.3319  -3.54935  -4.10493  -14.6415  -3.77975  98.7506  11.2472  -1.41018  22.7012  2.92249  -1.20945  1.51799  3.88294  -0.889029  6.56445  25.0437  -0.182164  6.48367  -7.46084  
-1.15651  -4.61197  -0.835296  2.11795  2.7737  -16.0841  5.55766  41.2364  3.9221  -5.75615  -3.48769  2.10626  -3.12872  -4.43903  -11.6354  -1.01631  52.8134  9.0487  2.21557  9.94453  1.73643  -1.97888  11.0404  3.77753  -2.54308  7.07945  24.6826  -11.6735  -13.1342  -2.7613  
-1.43783  -3.4197  -1.24702  -0.62295  -4.08039  -8.18575  0.749717  34.935  -4.49029  -3.98849  -5.27277  9.42098  -1.83527  -3.07256  -4.50921  -0.0059774  -74.0556  1.76729  4.6941  0.535856  1.44367  -1.92039  0.823928  2.21522  -0.823502  1.55446  9.02816  -17.9628  -21.9939  3.94439  
-0.97537  -2.49539  -1.0003  -2.14273  -8.64078  -2.50312  -14.7472  -1.59906  -5.11432  -3.03189  -5.4245  34.1382  -0.578862  -0.35425  3.55731  -1.78194  -215.384  -2.17855  5.33118  -4.42533  2.26487  -0.811233  -24.3883  0.0107806  2.47108  -8.48134  -12.6027  -17.5612  -14.1477  5.84132  
0.0794483  -1.05713  -0.129103  0.181232  -8.49287  4.04607  -18.777  -45.8698  2.86799  -3.9982  -3.65084  19.3316  0.663248  2.1043  8.33018  -3.83386  -284.862  0.967978  5.6325  -8.12497  3.4493  0.842075  -44.3627  -1.66768  2.99576  -15.2502  -25.1816  -11.9146  4.13229  -1.05712  
1.11363  1.28013  0.7533  5.16893  -6.47871  13.0061  6.09984  -57.9851  11.8782  -6.06474  -1.68324  -47.4715  2.19398  2.76043  7.85177  -3.1795  -260.896  6.50848  6.66218  -13.9829  4.28571  2.34007  -36.3734  -2.06274  -1.13207  -12.3875  -20.1608  -4.81837  19.919  -11.8027  
1.62664  3.60544  1.13279  9.16731  -6.69468  19.9486  48.9949  -22.5811  12.9658  -6.52878  -1.7273  -105.69  3.60471  1.54079  3.5077  0.181241  -205.089  7.0883  7.34763  -19.3168  4.00563  3.16507  2.18417  -1.12463  -7.16001  -1.49746  -3.70312  -0.425029  23.2472  -15.0928  
1.55808  4.4767  1.03629  9.50461  -8.60321  17.3499  77.4679  30.2496  4.51106  -3.12103  -3.86967  -85.5728  3.8939  -0.17906  -1.63225  3.28127  -188.094  0.67029  5.74555  -16.4284  1.95015  3.04167  46.2262  0.534781  -10.3914  9.358  7.82733  0.0166361  13.4605  -4.07275  
1.19781  3.4611  0.864009  6.06045  -7.2667  2.99483  69.0006  51.5701  -6.03057  3.42175  -5.56221  6.2649  2.54159  -0.993904  -4.95718  3.49576  -195.088  -7.8314  1.58402  -1.98041  -1.09556  2.04326  63.4448  1.93166  -8.48597  13.2149  2.81155  -0.682002  -1.76457  15.3465  
0.910323  1.79242  0.935348  0.432661  -0.865147  -15.4608  32.5243  21.6101  -9.35008  9.45993  -4.20975  89.8236  0.387345  -0.738163  -5.435  1.25984  -134.428  -11.749  -3.10325  16.6483  -2.43792  0.741661  44.5409  2.26688  -2.9335  9.96205  -13.7144  1.15177  -13.0138  28.3139  
0.873532  1.46603  1.21062  -5.09522  4.77726  -25.5584  -2.85361  -30.742  -3.1404  11.4859  0.152766  102.856  -0.811337  -0.342174  -3.83631  -0.485451  42.0076  -8.67308  -5.82163  26.1276  0.00226897  -0.0890843  10.4592  1.42748  3.31369  5.22228  -23.8327  5.55812  -15.6887  24.6139  
0.948999  3.36933  1.34879  -7.99656  3.05137  -21.037  -17.1602  -56.5133  6.12774  9.01051  4.99017  67.4286  0.0800075  -0.591615  -2.16818  0.74319  247.89  -1.96113  -5.71985  19.445  4.32982  -0.145673  -9.52868  0.0228531  8.72717  4.29522  -14.2109  8.67064  -12.1348  8.51217  
0.784096  5.9909  0.979708  -6.61885  -2.60488  -6.99359  -14.6907  -32.9737  9.89726  4.30459  8.01229  47.8933  2.25126  -1.30828  -2.01922  4.66012  324.52  2.49835  -3.92416  2.66924  5.26142  0.138451  -3.82852  -0.976966  12.856  6.85444  10.1736  7.43306  -8.18644  -5.52432  
0.144511  6.29249  0.0136586  -1.83159  -0.174073  6.06652  -12.2943  18.1246  5.54949  -0.0543613  9.26985  63.0836  3.38253  -1.77914  -2.64981  8.41238  203.442  1.28016  -2.19241  -10.4199  -0.459401  0.138096  16.0305  -0.729737  14.0651  7.41635  30.7524  3.24447  -7.21974  -6.97221  
-0.769077  2.57976  -1.19836  3.03852  15.2914  11.7597  -18.5193  53.8381  -1.80664  -2.9865  10.3328  68.1099  1.83969  -1.65011  -1.31768  8.91234  -16.1773  -3.37056  -1.47123  -10.4508  -9.49201  -0.191809  30.3246  0.998135  9.68203  1.72683  33.8138  0.0118592  -7.11826  1.06795  
-1.37985  -3.25682  -2.01165  4.94852  31.4207  10.888  -26.8236  48.3651  -4.97348  -4.56995  11.6805  23.0485  -1.39307  -1.12114  3.40029  5.31429  -168.882  -5.10149  -1.41033  -0.261346  -14.2099  -0.298578  27.3739  3.51399  0.169996  -7.28306  22.8443  -0.745974  -3.09351  6.38006  
-1.19084  -6.91507  -1.92169  3.88991  30.1983  6.79233  -26.6999  10.8004  -1.69557  -5.17114  11.5934  -51.8576  -3.45516  -0.411522  8.96247  -0.258289  -180.407  0.462714  -0.990637  8.07785  -10.5006  0.281727  9.28324  5.32076  -7.88116  -11.1923  12.3005  -1.06694  6.25361  1.04084  
-0.241923  -5.60496  -0.963959  2.33116  10.325  1.41624  -16.0471  -28.2405  3.43829  -5.32298  8.16809  -107.274  -2.67607  0.545983  10.8926  -4.52132  -104.672  10.5278  0.453065  4.16923  -2.29897  1.35481  -11.9593  4.98216  -6.33582  -5.05578  11.3906  -3.08884  16.0467  -10.2639  
0.857585  -0.796649  0.26154  2.19539  -8.49254  -3.58235  -1.48742  -43.693  3.86964  -5.78512  2.15274  -127.035  -0.642921  1.68401  7.96014  -5.75554  -23.1937  16.8227  2.52125  -10.5799  2.74984  2.2085  -22.982  2.41175  5.23024  5.89649  16.4552  -6.10581  18.9319  -15.6472  
1.36424  3.20801  1.00299  2.87264  -7.36575  -5.1899  11.1666  -32.4999  -1.95865  -6.77702  -2.9695  -132.136  -0.512692  2.42417  3.9974  -4.81329  46.411  13.7359  3.92359  -23.0513  1.6445  2.18924  -18.348  -0.701972  16.6402  10.4671  18.2156  -8.11654  12.2246  -8.95271  
0.936415  3.44669  0.872513  2.51466  9.68486  -2.58802  22.6253  -9.44989  -8.37734  -7.2715  -4.23273  -130.628  -2.90777  2.16484  3.5677  -3.54505  126.548  4.16236  3.54546  -20.2719  -1.20394  1.14231  -4.42074  -2.14822  16.3592  3.4013  12.9023  -8.98261  1.09142  3.67188  
-0.0963816  0.717636  0.10626  0.530407  20.8269  -0.920655  36.2376  7.98066  -7.72604  -5.74023  -2.17508  -98.0924  -4.36487  1.14421  6.4739  -2.51387  200.589  -3.88966  1.52717  -2.2707  0.102884  -0.451783  5.30679  -1.22351  4.18147  -8.08861  4.69602  -10.1938  -6.0035  10.632  
-0.945335  -1.96257  -0.634354  -1.82512  12.3913  -7.02616  50.0091  11.8728  1.84441  -1.94371  -0.0495698  -21.7459  -0.814053  0.41426  7.82975  -0.789043  206.43  -6.04189  -0.684988  17.276  5.66634  -1.65069  1.21026  0.661781  -7.47649  -11.1248  -0.411854  -11.6661  -4.80232  7.27909  
-0.957556  -2.73473  -0.781343  -2.94416  -6.5633  -19.93  55.0162  5.93354  13.9167  2.46925  -0.0290775  59.3922  7.16313  0.651095  3.7453  2.11264  116.497  -5.20582  -1.41864  23.9807  9.74431  -1.61484  -14.1428  1.62128  -6.4472  -0.666953  -0.692045  -10.5069  1.57636  0.0647672  
-0.161286  -2.37088  -0.298861  -2.22659  -17.5724  -29.0865  41.9686  -1.55082  19.64  5.43442  -0.924391  86.1652  13.7369  1.18595  -4.12905  4.76845  -12.6561  -6.26707  -0.105997  16.7002  7.70846  -0.335334  -27.3392  1.40095  5.89535  14.7462  1.21327  -4.32448  6.52185  -1.73072  
0.739461  -2.66703  0.323575  0.112038  -14.4192  -25.1902  10.1459  -5.86893  16.0238  6.13391  -0.0665086  48.5474  13.2455  0.62107  -10.3534  4.98385  -96.1938  -9.43356  2.36136  6.88429  1.47201  1.19039  -23.5992  1.41146  16.2216  21.3149  2.00958  4.72971  6.28995  3.30249  
0.99491  -4.11535  0.526096  3.59951  -5.9601  -11.1803  -28.8244  -7.88197  8.26299  4.87132  3.019  0.550506  6.22492  -1.50556  -11.101  2.28908  -108.75  -10.4139  4.38222  5.77155  -3.01914  1.79127  1.22083  2.52868  13.9514  13.4992  0.66996  10.2689  2.52125  7.98058  
0.494026  -5.4252  0.175575  7.201  -0.32221  0.910875  -55.6171  -9.55407  3.81467  1.98194  5.69532  0.246426  -0.942622  -3.94111  -7.33718  -1.28662  -91.9406  -6.43737  4.68703  14.346  -2.75804  1.24528  35.1025  3.48523  2.08733  -1.12925  -1.42132  6.75329  -0.8525  5.77468  
-0.183932  -5.04296  -0.359167  9.06392  5.19234  4.03891  -55.8612  -9.03818  4.82596  -1.87337  5.15638  48.3133  -2.54156  -4.8165  -3.13444  -3.10735  -78.2454  0.379847  3.0178  25.7549  -0.513532  0.431946  56.6338  2.13206  -7.39578  -9.77824  -2.42588  -5.48767  -2.14233  -1.60975  
-0.389945  -2.75398  -0.598558  7.88874  15.2677  2.59824  -33.4238  -1.40946  6.93597  -4.50264  1.56144  95.2394  0.875459  -3.4669  -1.7277  -2.36369  -51.324  5.87823  0.169801  34.2396  -0.483269  0.305845  51.0708  -1.69161  -7.13783  -6.65474  -2.1499  -19.7764  -2.63602  -7.02934  
-0.0361199  0.12475  -0.410243  4.7645  24.2616  4.02312  -11.1226  16.0251  5.13166  -3.01778  -2.0926  97.4581  3.80041  -1.02716  -3.23351  -0.368773  5.07591  8.18021  -2.51688  39.0345  -2.76533  0.879682  22.5334  -5.23384  -1.17488  2.63188  -2.38195  -27.6272  -3.80283  -6.71194  
0.427513  1.86036  -0.0655171  2.47891  20.4151  8.24184  -11.3319  39.0717  -0.392467  2.79805  -3.00455  53.9555  2.17947  0.79221  -5.26351  1.22562  56.6114  8.06773  -4.072  40.7702  -3.67865  1.39522  -9.66563  -5.22935  1.62976  7.97772  -5.10202  -24.7819  -5.3265  -3.78193  
0.577665  1.57291  0.112373  2.2081  2.36334  9.93855  -31.4227  57.5413  -4.53603  8.50786  -0.914176  -6.12845  -2.26335  1.30194  -5.19982  1.98164  52.0929  6.59376  -4.59526  37.5872  -1.14079  1.3367  -27.5678  -1.0735  -1.77804  5.14062  -10.027  -14.0054  -6.0315  -2.91462  
0.433618  -0.197476  0.0885296  1.89586  -15.3146  8.43278  -42.826  62.4467  -2.86837  8.43593  2.42868  -53.6009  -4.28382  1.14761  -2.2102  2.44227  -2.88388  4.26388  -4.84053  26.0667  2.16898  0.933209  -27.7149  4.65331  -6.36497  -0.888782  -14.3341  -2.375  -5.62127  -3.78268  
0.301499  -1.89128  0.0786558  -0.63942  -17.2786  8.89303  -22.2863  54.1143  3.78163  2.01465  5.43518  -75.9215  -1.05676  1.27455  2.21508  2.93878  -45.5028  2.35814  -4.89749  4.55427  2.05383  0.629265  -18.9172  8.69585  -6.43089  -2.15803  -15.2768  4.93448  -4.45779  -1.81039  
0.338304  -2.05369  0.239649  -3.46823  -5.04436  12.9523  17.1218  43.2317  10.2632  -4.25684  7.80808  -75.4811  4.9173  1.83967  5.43137  3.07978  -39.8587  3.04485  -3.55797  -24.9786  -1.82345  0.37277  -9.93379  9.79418  -2.66314  3.69777  -12.8419  8.55196  -2.08793  5.29132  
0.406059  -0.409635  0.481745  -1.76536  5.17778  13.8536  35.9601  40.9151  12.0887  -2.88554  9.73235  -62.0178  8.6927  2.249  5.74787  2.38254  -22.8228  7.05868  0.305566  -56.3285  -5.37361  -0.23661  -2.30958  8.90065  -0.49009  11.6488  -9.46609  12.5318  2.57658  13.9285  
0.323447  1.87543  0.590178  5.52025  2.16469  5.65721  14.3188  46.257  9.23256  6.11788  10.6014  -45.4205  7.95287  2.0497  3.6283  0.994861  -43.0712  11.9138  5.62138  -78.3974  -5.01313  -1.18058  5.51527  7.33113  -2.77718  15.3368  -7.21605  17.9951  8.66533  18.2227  
0.123145  3.00075  0.452117  12.1591  -7.57049  -6.45126  -21.154  45.0541  5.43498  13.8847  9.00087  -29.577  4.71596  1.49542  1.0439  -0.336808  -81.4565  13.2499  8.96792  -77.6302  -1.75559  -1.7198  11.4554  5.33936  -6.20087  13.2082  -5.7149  20.4204  12.1675  15.6994  
-0.0134567  1.85996  0.122319  10.2452  -9.38063  -10.933  -26.5239  23.5343  4.33895  11.1663  4.04645  -12.8365  2.45115  1.17547  -0.30901  -0.945359  -71.5079  8.47572  7.39664  -46.799  0.570744  -1.07511  10.8852  2.45223  -5.38234  8.19474  -3.22307  14.3561  9.15581  8.36431  
-0.0203058  -1.04898  -0.289631  -0.461828  0.478067  -4.9874  6.42218  -16.0866  6.21312  -1.78521  -3.37148  6.23539  2.17828  1.26611  -0.346773  -0.866688  4.01425  -0.955898  1.59833  5.83183  0.469483  0.63812  3.83676  -1.31706  0.43837  3.00832  0.74859  0.537697  0.396398  -0.740393  
