-0.0407095  -6.011  -0.636021  -2.83274  0.0293276  2.81102  2.7375  8.22172  -11.2875  -1.10409  2.22899  -8.5839  -2.16358  -1.06098  -3.12093  2.62161  -3.90683  -18.9717  -16.0156  1.56414  3.31048  -7.43885  0.0394003  9.80545  -17.566  2.59992  0.555656  2.12926  -9.96889  12.6316  
1.3837  9.16834  -4.6324  2.60482  1.26812  0.193925  -6.77913  -6.46641  71.3528  3.39471  19.3084  28.4526  -1.61619  2.16041  4.93743  2.7535  -5.78955  16.6537  35.8843  1.98403  1.58361  -1.10153  2.42988  2.67563  8.25394  3.35958  1.52332  23.0256  103.239  10.2298  
1.8199  21.785  -7.04661  7.07944  1.56383  -3.66121  -12.2707  -16.813  98.8748  10.4727  29.2477  43.5464  0.796287  3.4103  10.5578  -0.336857  -0.16854  39.232  54.5362  -0.268601  -1.67764  6.99171  5.76485  -4.63834  38.1394  2.39008  2.62692  54.4184  167.611  3.83651  
1.05311  28.4781  -8.73835  9.30287  0.72884  -8.23388  -11.6496  -21.0936  71.0683  17.8921  29.0873  34.7494  4.24507  2.63534  12.8034  -5.57369  10.5885  43.7109  32.0848  -4.62761  -6.09762  14.2214  8.73736  -11.0162  63.1113  -0.254352  2.89371  85.384  166.261  -4.92573  
-0.207409  26.9912  -11.4849  8.49834  -0.536391  -11.1674  -6.26243  -20.6055  31.6304  19.9786  21.57  18.4941  6.05227  1.50377  12.5027  -8.64683  16.7728  35.2178  -5.85288  -7.76456  -9.31214  15.5401  8.98874  -14.6134  67.9535  -2.75312  0.93181  90.0217  115.472  -8.37038  
-0.938571  18.8331  -14.3325  5.56651  -1.25472  -10.2295  -0.310861  -17.5082  12.7311  13.8061  12.9223  10.2797  4.93565  1.44748  11.0542  -7.00993  12.9108  23.9479  -19.9627  -7.10883  -8.86843  9.52161  6.20913  -14.3227  49.4633  -3.19261  -3.19922  55.3251  51.2114  1.21052  
-0.667733  8.80098  -13.2465  2.90929  -1.00616  -5.6497  2.21989  -12.7546  7.931  3.09619  8.26701  10.5487  2.46546  2.2391  9.06253  -2.62225  3.94022  17.2362  5.68979  -3.39128  -4.51152  0.459952  2.87621  -10.3476  21.986  -1.30637  -7.24803  -2.20889  28.5777  23.9496  
0.179093  1.44432  -5.74718  2.3733  -0.228735  -0.311667  0.818876  -6.67507  -1.90415  -4.58008  8.05383  9.90624  0.964632  2.59447  6.25733  0.595219  -1.09018  15.1862  43.5659  0.356791  1.33435  -5.67637  1.58161  -3.762  3.05364  1.21252  -8.33453  -50.4823  101.481  49.4791  
0.769047  -1.71477  4.88137  3.31474  0.292302  2.74642  -1.40666  -0.984511  -15.3336  -4.35808  8.6494  3.54806  0.735022  1.85583  2.56771  1.04205  0.602989  13.0197  47.4843  1.85514  5.46354  -6.3145  2.41335  3.77801  -3.05352  2.14173  -5.38587  -69.2158  254.809  61.8387  
0.693342  -1.74937  11.7108  3.15094  0.231146  2.92959  -1.21705  1.69605  -16.3771  2.1685  6.51099  -3.47059  0.138968  0.644543  -1.0607  0.218648  3.70325  7.232  3.55195  1.38817  6.41025  -2.6438  3.40354  10.0154  -4.74593  0.551669  -0.0599857  -61.3709  368.547  50.3158  
0.279853  -0.575368  11.1032  0.324678  -0.0227119  1.91177  1.34017  1.32258  -2.45933  8.99593  1.99917  -4.5116  -1.84224  -0.115524  -3.14786  -0.19104  2.52746  -0.631934  -47.0372  0.912298  5.16379  3.27611  2.98178  12.7631  -8.95245  -2.61654  4.45867  -40.3322  299.755  18.9131  
0.100079  -0.0431052  6.52793  -3.58565  0.0922263  1.1195  3.23785  1.90723  9.25403  10.9727  -1.09445  -0.177956  -4.09457  -0.367875  -2.97762  -0.42725  -2.38083  -5.86387  -47.0772  1.81117  3.51729  9.44028  1.34883  11.5391  -12.7818  -5.57683  5.4729  -14.1274  31.7371  -14.147  
0.283998  -1.45409  4.29545  -5.18427  0.605719  0.274037  2.05155  7.15942  4.55874  7.37481  0.189011  3.24691  -4.73863  -0.758825  -1.19432  -1.26029  -6.32604  -5.74915  13.011  3.55661  2.01329  12.5491  -0.222879  8.16444  -10.0452  -7.32323  2.25385  15.6206  -279.042  -29.0263  
0.449154  -4.19231  6.14135  -2.94994  0.986119  -1.22312  -1.33357  14.7005  -9.69086  1.58658  4.3644  2.11038  -3.40876  -1.49582  0.817565  -1.75412  -7.03058  -2.38042  78.869  4.31141  -0.176524  8.52888  -0.674498  5.31163  -1.28992  -7.95213  -3.54097  44.1089  -433.134  -19.6738  
0.27393  -5.18892  7.45805  0.934777  0.810265  -2.34319  -3.66554  17.1567  -15.6847  -2.03029  6.43082  -1.13946  -1.4909  -1.89675  1.92139  -0.0145807  -6.65901  -0.416527  86.2384  2.77759  -3.47597  -3.55535  0.268197  4.49067  6.0629  -7.5036  -8.59164  60.3468  -360.227  2.05841  
-0.0571012  -1.50571  3.33238  2.75432  0.290461  -1.11547  -2.68476  10.5374  -4.94951  -1.51985  2.73296  -2.6779  -0.16586  -1.29355  1.76315  3.766  -7.52433  -2.35497  27.9423  -0.416418  -6.57467  -18.7764  2.0605  5.38381  6.68502  -5.12036  -9.83936  55.6664  -150.219  18.0681  
-0.0990681  5.73102  -4.85394  1.16818  0.01135  2.60616  0.610475  -0.189077  15.015  1.35361  -5.03432  -2.417  1.00021  -0.0676602  0.712373  6.46946  -8.40865  -6.42347  -40.9902  -3.11432  -7.35416  -29.5324  3.5002  6.66113  3.64327  0.110932  -6.70968  32.2424  59.9864  20.4059  
0.263363  11.1258  -10.2008  -1.64768  0.219889  6.10433  2.77066  -6.02364  29.1624  2.49483  -10.8702  -2.65272  3.07951  0.678882  -0.457906  5.2745  -6.51761  -8.86799  -62.0353  -3.54993  -5.06334  -31.7396  3.42834  6.72686  3.56579  7.37293  -1.61457  2.45152  196.872  16.061  
0.684777  10.1211  -7.63968  -2.61514  0.591192  6.3924  0.869311  -3.73021  26.1024  -1.26402  -10.1862  -3.23027  5.75247  0.480756  -1.01272  1.16233  -1.87225  -7.61818  -28.8472  -1.95739  -1.1035  -27.3823  1.79933  4.11972  7.48429  13.6904  2.21406  -18.7924  255.5  16.2544  
0.85207  4.05082  0.678175  -1.05766  0.742745  3.6465  -4.66659  1.61274  4.63897  -9.36667  -4.63978  -1.31299  7.00161  0.148816  -0.669683  -1.9615  2.26028  -3.47995  18.1323  -0.218747  2.48338  -20.8084  0.00539309  -1.2614  9.33051  15.9055  3.47071  -21.8913  250.853  23.0992  
0.909031  -1.10948  7.74788  1.04533  0.766792  1.22358  -9.68723  3.93403  -23.1713  -17.3518  -0.811698  3.65208  5.24341  0.76952  0.487582  -1.78015  3.54086  1.38539  39.867  0.0847598  4.89704  -13.8404  -0.36351  -6.80076  4.48094  13.0945  3.18027  -7.65655  203.255  28.1039  
1.19573  -1.12835  8.69883  1.49108  1.02948  1.99647  -9.12598  3.14473  -36.4673  -19.9799  -3.51155  7.28728  1.41498  2.23295  2.36032  -0.084703  3.36612  5.22598  31.3181  -0.859716  6.54882  -5.68529  0.872334  -8.18997  -2.29901  6.92421  2.67628  11.6864  140.373  22.6528  
1.64111  2.1379  4.57903  0.00927924  1.50872  5.15918  -1.36957  3.12411  -21.315  -15.5753  -10.5369  5.23259  -1.64385  3.1263  4.73235  -0.161176  4.42332  7.02422  10.6971  -1.59611  7.51606  3.27593  2.44197  -3.42482  -1.51535  0.0148144  2.11123  19.9045  61.8239  7.29649  
1.65594  3.20968  -0.225285  -1.98338  1.60301  7.11735  9.47836  5.02694  13.9841  -7.94942  -14.8322  -0.44658  -2.09377  2.19847  6.72916  -2.42865  6.63812  6.34519  -6.66842  -1.07748  6.81031  9.6399  3.09194  4.19683  7.88295  -5.71988  1.37829  10.9631  -84.9464  -9.28241  
0.760624  -0.789563  -2.6611  -2.87641  0.752609  5.43472  16.1857  5.98343  42.933  -3.51416  -11.94  -2.5804  -1.03747  -0.260992  6.94332  -3.87882  7.06658  3.842  -16.9928  0.414998  3.60008  9.81553  2.65019  8.36937  14.3299  -9.1463  1.45161  -3.21224  -328.418  -18.9047  
-0.789827  -7.00252  -2.64107  -2.04634  -0.857271  1.37868  14.3925  4.29212  44.7682  -5.34231  -4.72736  2.14267  -1.13344  -2.65459  4.81471  -1.89428  3.88648  1.4513  -19.6031  1.81961  -1.16237  3.8444  1.56655  5.91775  6.3123  -9.37852  3.35591  -3.99872  -555.973  -20.2653  
-2.1613  -9.87273  -1.23849  0.0377727  -2.38343  -1.64327  6.38027  2.43081  23.4471  -9.54909  -0.18554  7.94756  -3.42179  -3.5764  1.81871  2.41398  -1.13453  0.994659  -13.6681  2.28339  -4.95898  -4.66718  0.0371021  -0.073198  -11.3724  -6.01105  5.9493  12.4577  -543.453  -17.8641  
-2.71274  -6.79142  0.716922  2.09293  -3.10113  -1.821  -1.17762  3.21699  0.550885  -8.54879  -1.84493  6.271  -6.07592  -2.91869  0.335533  5.37578  -4.94489  2.14147  -3.49673  1.48061  -5.71619  -11.6657  -1.8642  -3.79353  -19.4758  0.137437  6.39729  27.8316  -191.886  -16.7527  
-2.49732  -0.630825  2.12646  2.85258  -2.96971  -0.685701  -3.41883  5.32243  -7.12337  0.964605  -5.94955  -3.38756  -6.4601  -1.60306  0.923139  4.77229  -6.8426  2.53696  1.89341  -0.558675  -3.48954  -15.193  -3.44027  -2.92767  -6.30586  7.0484  3.73737  21.2602  284.496  -18.4779  
-1.99553  3.33608  1.24115  2.15692  -2.42336  -1.00934  -1.28235  5.2369  -1.13802  13.2851  -5.44326  -11.7738  -3.96115  -0.570149  1.44019  1.84098  -8.42567  0.491901  -0.368784  -3.32359  -0.17452  -15.0147  -3.57117  -0.464913  15.7882  12.3898  0.788218  -5.00472  519.736  -20.1771  
-1.50616  2.76065  -2.58672  1.35019  -1.78269  -3.38987  0.463015  3.01941  6.88556  18.3043  2.63682  -10.2733  -0.305446  -0.159971  -0.423767  -0.567866  -10.3012  -2.9276  -1.27997  -5.5255  2.20421  -11.3623  -2.05601  -0.588629  21.7461  14.4216  0.962665  -23.7904  388.191  -16.5732  
-0.927661  0.330705  -7.14339  1.79988  -1.01442  -5.52757  -1.39895  3.09571  10.8654  11.8729  13.973  -0.739937  2.64067  -0.217459  -4.14217  -0.978829  -10.6581  -5.00029  9.73993  -5.50444  2.85131  -4.61865  -0.301855  -3.66983  2.13895  12.645  3.56889  -10.8807  173.388  -4.25507  
-0.0772648  0.406425  -8.81895  3.09101  -0.00466186  -4.97916  -5.57182  8.08427  14.143  0.833868  20.9606  6.94307  4.61831  -0.443968  -6.69192  -0.156816  -7.72024  -4.31863  30.8035  -2.54638  2.23926  4.12769  -0.00848655  -6.18253  -24.8458  8.08645  4.22452  27.7623  255.877  14.0716  
0.942541  3.88169  -6.33617  3.21653  1.11307  -2.13596  -8.35134  13.9403  20.9166  -3.50835  19.5947  6.32485  6.27389  -0.556304  -5.86175  0.265729  -2.40747  -1.82606  48.6144  2.07851  1.32032  12.853  -1.12174  -4.87469  -33.0366  3.09272  0.633403  59.2161  641.546  29.8511  
1.76673  6.83779  -2.21722  1.15114  1.97625  0.151239  -7.75015  13.5668  28.9776  2.80408  12.4032  0.665661  7.48793  -0.360773  -2.4396  -0.603993  2.71738  0.879984  52.5214  5.75896  0.73846  18.8166  -1.61851  -0.114722  -17.545  -0.0822319  -3.60639  55.0631  904.723  35.3201  
2.08607  4.75181  0.238849  -1.51494  2.27762  -0.173571  -5.05184  5.12459  34.7572  12.2702  5.20161  -2.52021  7.34113  0.119812  1.14097  -2.42531  6.54714  3.2767  43.9527  6.53337  0.436164  18.9722  0.286803  4.7653  0.897382  -1.10652  -2.71917  17.8973  661.097  30.9242  
1.88361  -2.36356  0.641083  -2.1597  1.99465  -2.08083  -2.64192  -5.36769  40.5001  14.1542  1.53859  -0.634103  5.62079  0.616596  3.40153  -3.98271  9.82664  5.29408  30.8051  4.5539  -0.236726  11.6126  3.93215  6.80158  1.59736  -1.66716  4.05095  -22.859  33.4702  25.0055  
1.38634  -9.52937  1.17487  -0.303601  1.38281  -2.78978  -1.22214  -10.4093  49.6805  5.81673  0.506786  2.24265  3.49873  0.844513  4.32629  -3.9182  12.3145  5.90842  17.6956  1.56892  -1.82281  -0.873708  6.59332  5.73564  -12.4765  -3.17699  10.6837  -38.6563  -448.52  24.6684  
0.854627  -11.5799  2.97186  1.81721  0.788724  -0.947074  0.444663  -8.72327  55.0078  -5.39909  -0.692982  1.52532  2.12855  0.760611  4.0586  -1.72385  11.3599  3.69474  3.53333  -0.859527  -3.86603  -11.6056  6.14562  3.58368  -19.8165  -4.59405  10.4449  -23.9505  -422.821  27.6656  
0.407235  -7.76397  4.50863  1.94153  0.408168  2.07592  3.39568  -5.16957  38.3554  -11.0118  -3.22593  -2.72949  1.05531  0.496779  2.48638  1.5495  5.04953  -1.10673  -13.2785  -2.40822  -4.83367  -13.8658  3.16612  2.59538  -6.4862  -3.32556  2.75468  5.37083  -72.1092  25.3136  
-0.00546068  -1.56614  4.02064  0.371927  0.151329  4.0115  6.75047  -3.71706  -7.85375  -9.9413  -6.07271  -7.18486  -1.17555  0.072023  0.344751  3.85226  -3.89682  -6.09503  -31.2296  -3.38226  -3.32798  -7.97785  0.224066  3.38497  18.3393  1.37829  -6.72026  29.8855  120.637  13.4551  
-0.48476  3.3339  2.24509  -1.00442  -0.243881  4.1509  8.31119  -2.91184  -60.5388  -7.28448  -8.03776  -9.5471  -4.84637  -0.626741  -0.560551  3.94233  -9.21108  -8.82911  -45.1614  -3.6091  0.397285  -2.10044  -0.725857  4.71736  33.8534  6.72859  -12.0773  40.0953  -76.5917  -1.59289  
-1.00911  6.1166  1.3455  -1.50469  -0.888236  3.61881  6.59325  0.470348  -79.2548  -6.48419  -8.91533  -9.73168  -8.10377  -1.48015  0.781845  2.60409  -7.00845  -8.94867  -47.4365  -2.52898  4.2736  -3.88561  -0.029782  4.851  29.1644  8.79001  -12.0559  37.2275  -424.528  -9.94201  
-1.37971  8.40456  1.75467  -2.50359  -1.52354  3.49953  2.13971  5.22395  -48.1251  -5.66549  -8.51597  -8.19701  -8.66516  -1.94392  3.04915  1.70794  0.100801  -7.6554  -31.3677  -0.305219  5.96547  -11.2693  0.38022  3.19189  10.8729  6.19561  -9.22702  27.4285  -523.807  -9.74564  
-1.38488  11.8433  1.64192  -5.10987  -1.71305  3.38826  -2.81994  6.22447  1.44826  -2.18248  -5.90446  -4.95997  -6.21002  -1.49834  3.81137  1.98593  5.46822  -5.53075  -0.0759515  1.7024  4.70097  -13.6931  -0.89439  0.665427  -7.56553  1.05365  -6.02642  17.7741  -262.569  -9.24115  
-1.04628  16.201  -0.303162  -8.12785  -1.30569  2.07629  -5.65173  1.70034  20.7027  1.91171  -0.851757  -0.917244  -2.61823  -0.324973  2.28802  2.15628  4.9407  -1.96863  28.2292  2.0431  1.68611  -4.06848  -3.38218  -1.55605  -19.3315  -3.65491  -2.76932  13.1803  79.321  -15.9386  
-0.664231  19.0291  -2.82569  -8.97829  -0.673437  -0.536567  -4.90269  -2.74332  -3.55914  1.65184  4.41093  1.92533  -0.025645  0.690946  0.0647978  0.572035  0.299729  3.02988  30.8158  0.696949  -1.05674  11.7409  -5.34865  -3.42638  -26.1384  -6.61633  1.15982  12.6071  125.89  -26.1845  
-0.551935  16.8643  -3.7693  -6.56887  -0.394983  -2.7034  -1.50726  -0.255298  -35.7167  -3.98361  6.4752  2.38837  0.947972  0.810078  -1.08437  -2.49355  -3.44596  7.52146  3.93162  -0.815649  -2.15093  19.5175  -5.43681  -5.57478  -31.3301  -7.98728  5.65893  8.52744  -242.929  -28.469  
-0.710848  7.75159  -2.78807  -2.35539  -0.679176  -2.34378  1.35468  7.79389  -36.4758  -9.51852  4.38823  1.85643  1.01144  0.21638  -1.18108  -4.67775  -3.29553  9.05178  -26.4545  -0.944106  -1.46429  11.104  -3.63444  -7.69513  -34.0452  -7.82738  9.86015  -4.78665  -794.445  -17.1086  
-0.81874  -6.30641  -1.21056  1.40582  -1.14778  0.583344  0.677284  11.859  -11.6471  -8.62105  1.02471  2.66779  0.904568  -0.236584  -1.34805  -3.80289  -0.60741  7.35806  -25.5924  0.432762  0.176966  -6.85913  -0.889835  -8.00778  -29.2777  -5.73345  12.8598  -22.5175  -1129.07  -0.204919  
-0.563233  -19.4125  0.523016  3.95261  -1.21138  3.42874  -3.16219  5.51138  -2.84113  -1.01604  -0.0470747  5.21537  0.798366  -0.039745  -1.95282  -0.0987572  1.13554  4.86652  13.1343  2.09319  1.50717  -19.3479  1.8039  -5.14032  -12.8934  -1.90548  13.7037  -32.3262  -978.863  7.85481  
0.0342223  -25.3524  3.56707  6.1028  -0.632198  3.04328  -5.89173  -5.69801  -31.7793  7.74451  1.29388  7.42656  0.791576  0.39274  -2.4638  3.93067  0.0555494  4.07092  55.9131  2.83768  1.3514  -17.3071  3.79261  -0.341454  12.3964  2.29621  11.1369  -28.7215  -392.062  0.753683  
0.644557  -22.2563  8.25737  8.36895  0.293254  -0.979989  -3.32143  -9.88111  -68.4954  12.682  1.77508  7.48561  1.27088  0.256771  -2.80835  5.68769  -2.55096  4.7154  58.769  2.56265  -0.711363  -5.23774  4.59224  2.82171  34.7861  5.13891  4.61148  -19.5841  307.673  -13.8827  
0.958017  -14.0368  12.1176  9.61758  1.0532  -5.36443  3.8297  -2.7478  -65.1236  13.7734  -1.01445  5.87024  2.29019  -0.612666  -3.64251  4.51364  -4.04754  4.31022  12.4876  2.02555  -3.76655  5.15048  3.93133  1.74962  40.332  5.82004  -3.91297  -13.975  750.22  -22.2465  
0.956388  -6.77822  11.7353  8.1076  1.35936  -5.9292  9.8921  7.47379  -13.2859  13.6429  -5.3621  4.28216  2.93725  -1.41488  -4.84199  1.95794  -3.38273  1.46757  -45.2973  1.79609  -5.81296  6.98718  2.22916  -2.41684  25.6028  4.88277  -10.0159  -6.9658  767.357  -16.5782  
0.874357  -3.40438  6.69411  3.85289  1.30095  -1.7165  9.83901  10.4282  45.0672  12.9516  -7.0798  3.059  1.89647  -1.1423  -4.82601  0.413767  -2.10588  -2.09308  -64.4846  1.59482  -5.11738  3.45274  0.74003  -5.91874  2.70769  3.70331  -9.91705  14.394  464.971  -0.556051  
0.933614  -1.98649  0.472952  -0.584199  1.16454  3.77812  4.55728  5.81312  63.9167  9.72581  -4.30379  0.998001  -1.10462  0.353352  -2.44167  1.4497  -2.4586  -3.54785  -29.8614  0.735015  -1.74453  2.42758  0.665539  -6.15533  -11.2123  3.65878  -4.14983  47.6209  89.5433  14.5716  
1.13016  0.886439  -2.97387  -2.22191  1.15385  5.80514  -0.204992  2.05603  40.2833  2.84182  0.0977948  -2.50612  -4.57128  2.08569  0.959415  4.80675  -4.66233  -2.75433  25.9464  -0.846221  2.26272  7.66543  1.90003  -3.97766  -10.8265  5.28012  2.42234  66.1534  -159.526  18.5978  
1.24905  5.54575  -3.02516  -0.92196  1.23645  2.95505  -0.0705439  4.21275  9.31433  -5.65268  1.38664  -6.14265  -6.28132  2.73988  2.58098  8.40322  -6.4631  -2.84018  54.7197  -2.10543  4.48637  15.4749  2.9611  -1.97179  -5.91929  7.67298  4.88364  44.2637  -223.815  10.235  
1.04443  8.71072  -2.03943  -0.0675225  1.17059  -1.59831  3.48158  7.79126  0.751799  -12.2703  -1.88554  -8.17671  -5.11848  1.80464  1.51231  9.37465  -5.52087  -6.31434  38.0268  -1.70036  4.16852  19.0195  2.44275  -1.00498  -6.66462  8.90867  2.6668  -9.80055  -162.602  -0.885163  
0.420045  7.24413  -1.90217  -3.34069  0.680505  -3.37835  5.1462  6.12237  10.7031  -15.209  -5.91234  -8.21908  -1.90012  -0.00422057  -0.187333  5.89544  -2.12414  -11.0265  2.03741  0.539166  2.67149  14.7327  0.459616  0.492571  -10.3654  7.5502  -0.617526  -54.4008  -85.2503  -1.74342  
-0.502976  1.77747  -1.99961  -10.4702  -0.304095  -0.978541  1.40026  -0.0258352  15.9178  -15.3446  -5.29419  -6.83688  1.44472  -1.42963  -0.380667  -1.15931  1.081  -11.4679  -10.3939  3.0216  1.82799  5.15472  -1.4981  3.80461  -6.99045  4.10032  -1.45218  -54.1881  -80.2264  10.9566  
-1.43738  -3.618  -0.942427  -16.5248  -1.49411  2.92742  -6.36216  -4.03933  6.26283  -14.7526  1.28033  -4.0457  3.37444  -1.8153  0.155021  -8.22869  1.87992  -4.96084  17.0293  3.57204  1.88359  -3.52611  -2.05606  7.34937  3.88903  0.746617  0.221669  -15.4935  -148.403  25.0574  
-2.05863  -5.1298  0.845142  -16.15  -2.34249  4.52083  -13.6176  -3.09755  -5.59328  -14.9634  9.59542  0.243805  3.47933  -1.57826  -0.984107  -11.3744  0.631642  4.07685  57.1187  1.46917  1.33554  -6.50939  -1.16361  7.94245  9.36056  -0.722667  1.95664  22.3821  -188.156  24.5022  
-2.1627  -2.32259  1.34338  -8.73742  -2.41459  2.4638  -16.5035  -1.45645  -4.27776  -15.9799  14.4491  4.50843  2.23119  -1.55005  -3.86536  -9.3963  -0.477403  7.64213  64.7885  -1.83514  -1.04194  -4.2475  0.125093  4.53356  -0.536726  -0.75669  2.10639  29.5243  -93.4788  8.58542  
-1.77225  2.02317  -0.344844  0.763375  -1.74269  -1.26716  -13.9065  -2.99309  7.30372  -16.2125  15.0068  5.77071  0.517396  -1.92898  -5.19718  -4.85209  0.19398  2.41901  21.743  -4.12573  -4.31476  -2.07409  0.774578  -0.452086  -18.2334  -1.63313  1.1928  12.1269  101.846  -4.70922  
-1.1128  4.63315  -2.6012  6.42858  -0.810273  -3.61727  -7.26511  -4.69582  11.2128  -13.5505  14.5226  3.08002  -0.677305  -2.03396  -2.3579  -1.62887  2.34357  -6.23934  -43.8095  -4.47988  -5.95836  -5.12086  0.512198  -3.88685  -26.1625  -4.90367  0.161361  -3.07771  219.308  0.54963  
-0.446253  4.2083  -3.15151  6.49349  -0.125221  -3.21652  0.78055  -1.34613  -3.04061  -7.46569  15.1795  -0.327031  -0.597354  -1.14856  2.60246  -1.19145  4.34182  -9.54119  -82.7382  -3.74602  -4.42605  -12.2058  -0.255692  -5.05719  -18.6192  -9.1601  -1.51492  -2.22926  122.508  16.6323  
0.102262  2.06239  -1.83936  3.94623  0.208251  -1.17354  7.73888  5.4006  -26.2976  -0.171873  15.026  0.225878  0.664728  0.5137  4.57702  -1.3857  4.72532  -4.28417  -71.3173  -3.16894  -0.824641  -15.3347  -0.909457  -5.32022  -8.70961  -10.7514  -5.11445  5.63613  -100.106  18.8448  
0.548634  0.712768  -0.675426  2.4859  0.458135  0.375198  12.2208  7.63779  -40.7675  5.02267  11.3585  5.08647  1.92358  1.85449  1.2614  0.780322  3.08078  4.21484  -31.6349  -2.9857  2.22284  -7.01403  -0.977109  -5.18343  -10.1276  -7.16512  -10.2072  7.8225  -204.436  -3.88369  
0.896156  1.56409  -1.24624  2.77236  0.822318  0.369711  14.0435  1.92307  -37.3821  6.75132  5.94847  9.17433  1.70779  1.91092  -3.73724  5.36532  0.268686  8.04075  -6.23544  -2.57094  3.20152  10.898  -0.296092  -3.32987  -17.7919  0.124021  -13.7237  5.89433  -72.7581  -31.4125  
1.03691  3.33304  -2.94527  2.90628  1.11854  -0.288247  13.518  -4.93345  -19.9192  6.3038  4.40755  7.43158  -0.279032  0.717816  -4.63461  9.03547  -2.00935  4.40515  -14.322  -1.57168  2.89528  27.261  0.969004  0.981266  -13.5352  6.53634  -12.1387  8.57246  130.347  -33.1777  
0.86623  2.96869  -4.10636  1.72721  1.00167  0.236551  10.8603  -4.12291  3.43767  5.10975  9.60011  1.02507  -2.59444  -0.869461  0.229442  8.56256  -2.30594  -2.91504  -35.7851  -0.334429  2.97301  31.8482  2.51286  5.87562  8.21752  8.49515  -4.94518  13.9144  141.062  -4.63406  
0.485863  -1.0826  -4.16928  0.543221  0.460228  2.73922  6.60863  3.18841  24.4218  2.72533  17.1501  -3.91227  -3.34224  -2.02953  6.6166  4.33601  -0.942017  -8.45186  -36.843  0.799731  3.83945  25.3193  4.17516  8.5825  29.0807  6.42321  4.0438  8.91345  -87.921  24.9926  
0.204864  -6.43071  -3.91894  1.17658  -0.0454412  5.86372  2.37704  6.62886  31.7989  -1.49709  19.1659  -3.33064  -2.04809  -2.49648  8.96326  -0.134968  0.0323289  -9.82951  -6.99849  2.05497  4.25103  16.7192  5.98376  8.62976  26.7415  3.28796  9.23705  -11.5061  -340.168  25.1019  
0.253363  -8.64274  -3.86123  3.17153  -0.0381249  7.05605  0.384959  0.00630015  14.2888  -5.43226  12.1503  0.0313346  -0.169818  -2.36608  5.88521  -2.06669  -1.04693  -8.00877  32.0816  3.61995  2.94733  11.9671  7.75609  7.87942  2.84914  0.729057  7.84388  -33.8144  -422.715  -1.33501  
0.505473  -6.0827  -3.48171  3.76905  0.427463  4.94305  1.59895  -9.98358  -26.4988  -5.14376  0.173332  0.566221  0.449095  -1.73114  0.87253  -1.98294  -3.29109  -4.67266  50.5044  4.71751  0.205475  7.57935  8.64861  7.34844  -16.2605  -2.1876  2.2583  -40.6785  -399.266  -22.0796  
0.569419  -2.04815  -2.50573  1.07438  0.785399  0.902846  4.48402  -11.3058  -68.6181  0.290623  -9.62131  -3.08227  -0.525628  -0.685945  -1.76767  -2.27839  -4.12195  -0.862727  37.9742  3.97364  -2.38873  -2.82254  7.36969  5.34653  -9.39059  -6.10722  -2.26601  -32.4163  -452.555  -13.5548  
0.201377  -1.13262  -2.26313  -3.56515  0.568226  -1.93492  5.96853  -1.00798  -83.0555  6.28815  -13.5437  -6.3146  -1.75398  0.46752  -1.02531  -3.83643  -2.67989  2.53102  8.13338  1.10613  -3.48365  -18.0496  3.23086  0.0690991  15.1162  -8.6562  -2.72798  -25.3177  -573.382  12.4466  
-0.393548  -3.81587  -4.64453  -6.67429  -0.0745644  -1.57598  3.88213  11.4014  -59.0823  7.00043  -13.3518  -4.45378  -1.81727  1.32091  0.63357  -4.92204  -1.35699  4.53811  -17.8197  -2.05956  -3.01639  -28.7067  -2.8732  -6.79605  30.7636  -6.2652  -1.03563  -27.7292  -523.733  22.895  
-0.736151  -6.00887  -9.60483  -6.21467  -0.540898  0.879894  -1.32171  15.1194  -14.4474  1.95622  -13.2152  1.55232  -0.672391  1.73898  0.285942  -3.46443  -2.90059  5.01948  -27.8266  -2.86449  -1.86557  -27.4078  -8.67823  -10.7337  24.7139  1.12957  -1.3462  -25.4499  -156.187  0.219927  
-0.568046  -4.15406  -14.1806  -3.35481  -0.442545  2.1634  -7.02352  9.30426  21.204  -3.12197  -15.826  6.31522  0.614695  1.95917  -2.62474  0.232484  -6.31899  4.95122  -22.7291  -0.442807  -0.833162  -17.1832  -11.9514  -9.088  10.9353  8.52055  -4.99379  3.07479  330.58  -39.9644  
-0.140559  0.555304  -14.4889  -0.759484  -0.0230401  -0.101665  -10.2128  1.76052  32.2229  -2.65058  -20.5564  6.05196  1.2381  2.19577  -6.15252  3.58144  -7.47993  5.06388  -11.0302  3.01217  -0.175516  -7.80267  -11.9268  -4.00126  8.90104  10.1734  -8.7548  58.9774  570.091  -66.5419  
0.0383298  3.798  -8.80265  0.439182  0.136973  -5.14355  -9.19943  -1.02644  26.6475  2.59904  -23.838  2.01823  1.40485  2.2487  -7.94347  4.41439  -4.34459  4.64762  -2.11212  3.93254  0.139519  -5.02337  -9.56704  0.118812  16.8498  5.30888  -8.266  115.898  442.399  -62.4352  
-0.25445  3.32848  1.1902  1.34985  -0.217464  -9.54647  -4.54569  0.650693  22.882  6.65249  -21.3017  -1.98275  1.65988  1.67392  -7.3071  3.17264  -0.12726  2.54398  -0.393156  0.589855  0.138057  -5.65469  -6.55019  1.31599  14.7809  -1.11368  -2.65167  141.192  199.155  -35.0169  
-0.70321  1.23153  11.5742  3.17769  -0.721264  -10.0195  0.978089  3.36137  30.1936  4.94883  -11.3094  -3.71655  1.88703  0.380012  -5.47873  2.22649  0.425197  -0.817911  -1.93952  -5.18722  -0.073879  -2.78557  -4.04373  1.30534  -7.78475  -3.23164  4.52239  121.094  136.045  -3.09975  
-0.778604  0.948537  18.382  5.13015  -0.776906  -6.07795  3.65912  5.89236  39.7728  -1.30843  2.32749  -3.2764  1.3067  -1.089  -4.19528  3.12524  -2.67128  -3.17941  1.48047  -9.51175  -0.180884  6.05621  -2.24389  2.38965  -35.1745  0.458524  8.44247  66.3422  238.014  19.7555  
-0.298992  3.08455  19.2366  4.9904  -0.187545  -0.404251  1.38317  8.85776  32.778  -7.27437  12.0152  -1.34292  -0.402518  -1.94577  -3.98395  4.78962  -4.40502  -2.71026  12.6604  -9.77161  0.0744829  16.9479  -0.76509  4.35041  -42.4326  6.38445  7.10411  -0.743381  239.779  29.0735  
0.367878  4.89343  14.2045  1.83113  0.630403  3.35393  -4.17595  10.936  -1.05948  -9.50748  12.4179  1.3919  -2.29634  -1.82707  -3.98428  4.57258  -1.49511  -0.289251  23.8571  -6.65363  0.508639  23.841  0.708508  4.96442  -24.1565  9.45285  2.9617  -59.9772  1.71753  24.2701  
0.678677  3.24669  5.84911  -2.53815  1.0487  3.5668  -8.06407  8.70302  -49.5368  -8.18584  5.53618  2.90893  -2.79634  -1.01811  -3.26757  1.11693  2.69974  0.916428  24.8484  -3.0005  0.630744  23.5965  2.03238  3.01897  0.369553  7.09652  1.1418  -98.1701  -297.015  7.10796  
0.46006  -2.22985  -1.89555  -5.04579  0.802224  1.89034  -5.88373  0.940135  -83.7351  -5.41551  -0.891079  0.670829  -1.30409  -0.118611  -1.99264  -3.9706  2.41225  -1.67932  15.654  -0.839374  0.30477  17.4624  2.67271  -0.0985337  10.0418  0.737049  5.34166  -109.414  -382.221  -14.1159  
0.0421949  -8.53737  -5.9747  -4.28417  0.170096  1.63162  1.9005  -8.80291  -83.446  -2.87744  -0.756712  -4.88136  0.945914  0.431399  -1.02325  -7.48238  -2.24397  -7.47948  8.17147  0.261141  0.133887  9.97212  2.19299  -2.07078  4.57992  -5.7998  14.1014  -96.9933  -215.679  -25.1369  
-0.140154  -11.294  -6.07172  -1.60496  -0.359461  4.471  9.54618  -15.1402  -57.4554  -1.37102  4.66608  -8.6713  1.89662  0.528709  -0.428526  -7.66844  -4.28355  -12.8262  12.2962  1.89709  0.899769  6.1509  0.849986  -2.11354  -0.238475  -9.31298  20.9738  -73.6505  -17.3107  -16.2005  
-0.0116935  -7.97867  -4.37277  0.508471  -0.531797  8.47164  10.7924  -15.7569  -33.0646  -1.35104  8.46439  -5.59763  0.613368  0.31502  0.937604  -5.71155  1.33496  -13.9006  24.2576  4.30206  2.55851  7.86156  -0.360029  -1.50605  5.10623  -9.49849  19.6986  -54.9958  18.5475  7.0933  
0.118416  -0.387777  -3.32814  0.810848  -0.448841  9.37913  4.65991  -12.412  -25.8817  -2.9528  5.41612  3.02983  -1.77944  0.0314264  3.80315  -3.93661  10.2613  -9.9223  31.9443  5.68999  3.98247  10.9194  -0.478664  -1.95974  12.4064  -8.57772  10.0982  -46.6577  -62.0965  26.304  
-0.0430959  6.01762  -3.61186  -0.0628316  -0.337293  4.43009  -3.52096  -7.86245  -25.2411  -5.59494  -2.68086  9.11922  -3.2193  -0.0970747  6.78101  -2.86043  12.7906  -3.70328  30.2399  4.33483  3.86943  7.50651  0.442067  -3.94791  7.40091  -8.55699  -1.51379  -38.4028  -72.0991  26.093  
-0.418576  6.37199  -4.14662  -0.884221  -0.280556  -4.55944  -7.24478  -3.49312  -12.9694  -8.18504  -8.8666  6.07664  -2.64189  0.00360395  7.31486  -0.710353  5.33366  1.07095  24.2026  0.924997  1.92553  -6.18056  1.31652  -6.64832  -10.7154  -8.8816  -8.2553  -13.3876  59.8491  7.6726  
-0.634575  0.796737  -3.89515  -1.10806  -0.190751  -11.7993  -4.82563  0.0862644  9.89335  -9.58083  -7.91912  -3.76739  -0.774158  0.18585  4.75432  3.79993  -4.97793  3.03853  15.9613  -1.68014  -0.813514  -24.0094  1.09849  -8.97653  -26.6677  -7.2409  -8.62735  31.6223  191.089  -13.0757  
-0.422947  -5.48984  -3.19132  -1.06815  0.0109391  -11.8179  -0.224056  2.04346  24.6338  -8.55598  -1.32325  -11.2342  0.838706  0.200444  1.84523  8.8791  -8.47392  3.54232  -4.08212  -1.20745  -2.75491  -33.4741  -0.118993  -10.1511  -25.0359  -2.74343  -6.33073  75.6041  124.003  -19.6616  
0.091464  -7.09258  -3.05339  -1.28112  0.246626  -4.12685  1.86585  2.15154  19.2138  -3.75761  4.24333  -9.99767  1.31671  -0.0457071  2.10424  10.7419  -3.92614  4.13562  -44.1182  1.79925  -2.85741  -27.1977  -1.18861  -9.53379  -6.04873  2.38021  -5.19715  87.3058  -167.817  -7.44876  
0.49705  -3.48974  -3.56342  -2.02306  0.339821  5.79636  0.839218  1.52054  3.70411  5.11905  3.1412  -2.52852  0.848108  -0.401725  5.40434  7.49021  0.83671  4.44975  -90.8404  4.68817  -1.27246  -10.5454  -1.06044  -6.61507  15.2387  4.88533  -5.70833  55.9453  -492.156  14.5595  
0.464394  0.871271  -3.57516  -3.11753  0.199047  10.4186  -0.270825  0.835617  -1.30506  15.6719  -4.33035  3.87687  0.0122179  -0.669052  7.2134  1.25899  -1.10153  3.07059  -113.11  5.37802  0.712216  3.5328  0.294972  -1.95341  24.2369  4.01585  -6.11191  6.98721  -607.392  31.0063  
0.00677471  1.18292  -2.37138  -3.96131  -0.0805929  6.15443  0.670641  -1.55433  13.327  23.1122  -12.5773  5.04799  -0.899652  -0.869029  3.17245  -3.92261  -7.76455  -0.0535722  -92.6804  4.01729  1.33496  7.44455  1.9508  2.38947  18.7286  2.06323  -4.99612  -18.7525  -425.543  30.0243  
-0.576507  -3.38727  -1.10032  -3.7057  -0.311553  -3.64569  2.04673  -7.56509  38.4945  23.4369  -15.992  2.69569  -1.78173  -1.20721  -5.57647  -5.94694  -11.3285  -3.17016  -46.5112  2.12054  -0.480913  4.84772  2.80794  4.05755  7.36128  1.28006  -1.78466  -5.14443  -60.4154  11.3314  
-0.962152  -9.36919  -1.60693  -1.97838  -0.39317  -11.488  0.6156  -14.7901  54.7909  16.7317  -13.5919  0.367768  -2.34216  -1.72419  -12.6567  -5.72434  -7.43539  -5.03831  -9.45504  0.657213  -4.03276  3.48758  2.35405  2.58807  -0.427964  1.299  3.74706  23.1135  287.099  -12.0715  
-1.00324  -12.0491  -3.76455  0.562975  -0.371942  -12.0977  -4.08331  -16.3635  44.7583  7.02985  -9.11532  -0.65819  -2.15888  -2.05308  -12.5929  -4.8404  0.50052  -6.56706  4.22683  -0.605343  -6.8728  5.05644  0.883563  -0.00154508  -1.60298  0.297708  10.5548  28.3021  474.14  -22.2272  
-0.74004  -8.92253  -4.74014  2.64055  -0.327609  -6.64345  -8.25492  -7.96925  6.21147  -1.1042  -7.13728  -1.02157  -1.11151  -1.703  -6.25276  -3.32697  5.9357  -9.09192  12.3165  -2.07125  -6.52568  4.67989  -0.795469  -1.2777  2.51634  -1.95376  15.243  1.88956  476.437  -11.3082  
-0.302808  -1.34705  -1.97455  3.52888  -0.243443  -0.930013  -7.02914  5.36347  -37.7975  -5.60712  -9.21941  -0.933522  0.36822  -0.61226  0.384584  -0.414024  6.00938  -11.5166  34.1748  -3.28714  -2.74044  -0.371872  -1.98755  -0.91898  10.3182  -3.43029  14.0159  -26.4826  356.199  9.1783  
0.159282  6.30165  3.42226  3.572  -0.0352822  0.448316  0.798855  12.3694  -47.3829  -6.90097  -13.1858  0.171791  1.51778  0.662999  2.42907  3.2368  3.0575  -10.8052  58.1866  -3.35851  1.9841  -5.86773  -2.61864  -0.568581  19.7013  -2.46987  6.89525  -22.618  199.723  16.311  
0.522862  9.60303  7.22069  3.25981  0.317699  -1.80617  11.0313  7.22324  -3.18257  -5.89235  -15.0331  2.01886  1.64801  1.46052  0.434168  5.39438  0.710945  -5.71985  53.1741  -2.24887  4.46374  -6.59197  -3.09512  -1.28865  25.6302  0.0711085  -0.982078  13.5072  72.0884  -3.72988  
0.755617  7.44775  6.58685  2.26535  0.723783  -3.17488  16.9474  -3.20412  59.045  -2.90142  -11.3199  3.38408  0.583378  1.65405  -1.40416  4.7409  0.283982  1.24932  11.3207  -1.15363  3.64591  -4.29829  -3.5801  -1.92453  21.6804  2.03807  -3.54183  46.4599  -9.06734  -41.6174  
0.948519  2.85168  3.31672  -0.134088  1.07349  -0.447815  14.4802  -6.11429  69.7696  1.74586  -1.07989  3.5773  -1.07289  1.69813  -0.36624  2.60644  0.826628  6.74208  -33.9757  -1.24395  1.32774  -5.31904  -3.5777  -0.728996  7.92985  2.72501  0.476927  41.6266  -77.3318  -71.8808  
1.20556  0.0148449  1.76611  -3.5113  1.31628  4.95096  5.47548  3.13166  -1.79821  6.8861  12.6945  2.95661  -2.09958  1.985  2.32108  1.41321  1.17  10.307  -43.4475  -2.17304  0.105126  -10.6632  -2.53316  2.06217  -5.5876  3.4125  6.36777  0.0793554  -180.562  -74.678  
1.44074  0.368332  3.76529  -5.96633  1.38935  8.5698  -3.71903  15.4288  -102.077  10.9184  23.2728  1.43588  -1.47689  2.31253  3.62077  1.6916  1.00035  13.5059  -16.7291  -2.24608  0.831513  -13.0522  -0.799586  4.01492  -6.25904  5.10281  7.97159  -42.607  -309.26  -51.1947  
1.32609  1.69379  6.48368  -5.82924  1.11482  7.37958  -7.47335  17.5673  -141.846  12.7299  23.9717  -1.88312  0.609444  2.11339  2.01176  1.57957  0.531144  15.5744  10.4434  -0.370747  2.14355  -6.77591  0.474895  3.20687  8.08589  6.77039  2.99333  -49.9789  -367.434  -19.807  
0.567484  1.30221  5.59884  -3.56599  0.315722  2.46717  -5.3691  6.54078  -93.9199  12.1952  14.0688  -6.86604  2.63493  1.165  -1.60135  -0.530384  -0.0448027  12.556  13.3395  2.34151  2.15672  2.79394  0.649353  0.469752  24.9726  6.46525  -5.62957  -18.4995  -254.939  0.850396  
-0.702402  -0.634755  -0.0204608  -1.28688  -0.886575  -2.32039  -1.9519  -7.26416  -22.4419  10.0224  0.96968  -10.6183  2.91929  -0.102946  -5.21787  -3.6469  -0.518733  2.54898  7.41841  3.32879  0.306709  4.76161  0.433256  -1.44171  29.0485  3.7034  -12.6093  20.6826  -4.66673  5.42568  
-1.86859  -1.62913  -7.25344  -0.384693  -1.96827  -3.84912  -1.74712  -10.9926  -3.70778  7.23273  -5.4617  -9.75103  1.19481  -1.02823  -7.04221  -5.18987  -0.726667  -9.57265  23.0445  1.19083  -2.35169  -2.16089  0.91451  -0.738189  16.343  0.00843317  -14.3952  30.7662  192.314  2.49846  
-2.28737  -0.370831  -11.9348  -0.264883  -2.34956  -1.89946  -4.67038  -2.22548  -33.7783  4.53901  -2.20202  -4.33248  -1.07484  -1.31329  -5.94736  -4.0722  -0.809716  -15.4112  60.6589  -2.58655  -4.23796  -5.6356  1.93277  1.67476  -2.94442  -2.74091  -11.461  2.48283  149.552  4.6746  
-1.84351  1.31216  -12.3269  0.445237  -1.91379  1.33657  -6.44567  9.61758  -41.0123  1.83865  3.59364  1.49785  -1.99259  -1.09634  -2.32037  -1.92655  -1.18419  -11.7805  86.0958  -4.81313  -4.47008  5.31937  2.01598  3.27527  -15.7163  -3.82093  -7.44141  -40.027  -112.089  17.1536  
-1.01399  0.68879  -9.5752  1.85278  -1.10539  3.32161  -3.73056  13.7624  13.7359  -1.46103  1.86508  3.53432  -0.940382  -0.562273  1.01899  -0.979003  -1.94733  -4.56899  71.4699  -3.62406  -3.28788  24.4596  0.236653  2.54408  -17.5661  -3.52423  -5.89066  -63.7683  -356.103  33.2399  
-0.344393  -2.21915  -5.66754  2.73942  -0.450241  2.91379  1.89094  8.62315  80.6308  -5.24251  -9.59135  1.42906  1.04954  0.311123  0.305381  -1.34208  -2.39945  -2.33739  28.0372  -0.222048  -1.5869  33.0836  -2.31641  0.419536  -13.3463  -2.33424  -7.1147  -56.83  -355.433  40.2629  
0.0829333  -4.24196  -1.75255  2.14148  -0.0192089  0.902654  5.55604  1.77809  83.1791  -7.93636  -22.3716  -2.17937  2.46277  1.47903  -5.12926  -1.16457  -1.46013  -7.00413  -9.64785  2.54203  -0.0495022  21.214  -3.57268  -0.446  -9.57574  -0.816605  -7.98255  -33.4639  -121.182  30.9313  
0.587246  -2.63691  1.87186  0.47399  0.519866  -0.781369  4.64368  0.672038  18.2701  -7.51197  -25.7044  -5.13307  2.7546  2.48501  -10.4199  0.656094  1.18245  -12.4975  -25.8185  3.11459  1.34065  -0.953964  -2.8797  1.73895  -8.13656  0.14258  -5.09038  -13.4376  119.91  10.4598  
1.31316  1.60672  5.04141  -1.23061  1.31139  -0.705817  1.66357  4.55267  -37.9332  -3.58946  -16.4621  -7.22139  2.60745  2.62249  -8.77077  2.70486  4.32371  -12.3071  -37.5656  2.46277  2.82647  -15.0915  -1.76481  5.9191  -7.89177  -0.148112  1.68566  -1.77692  179.965  -7.69642  
1.85809  4.63481  7.37742  -2.32295  1.91784  0.699827  1.09873  6.04501  -26.3586  1.7897  -0.888625  -8.09136  2.85546  1.59296  1.19825  2.52866  5.69623  -6.35705  -65.9334  2.36133  3.95208  -14.4627  -1.98057  8.54549  -9.61699  -1.29759  8.85528  9.37117  115.991  -13.8366  
1.61891  3.79263  8.57507  -2.53996  1.68089  1.49361  3.97039  -0.0962575  22.1493  5.86243  12.251  -5.72574  3.31845  -0.0435581  12.5842  -0.398755  3.73425  0.201667  -103.435  3.02557  3.52816  -7.47781  -3.19739  6.58023  -16.4863  -1.99722  12.3949  24.3557  148.862  -9.82797  
0.522053  0.392599  8.60126  -1.5039  0.495799  0.387762  6.6357  -10.8261  30.4719  7.59201  18.7283  1.83928  2.81103  -1.19409  16.2807  -3.80896  -0.715668  3.32493  -119.457  3.04773  0.987677  -3.57417  -3.29325  0.590254  -29.4685  -1.54384  11.0175  35.9593  381.952  -5.1206  
-0.728982  -1.82054  7.52746  0.694146  -0.903853  -1.50514  5.20043  -17.8048  -22.3365  8.08858  19.7381  13.3381  0.518333  -1.18176  10.1327  -4.92689  -4.46635  3.65226  -96.0921  1.57767  -2.338  -2.18986  -0.99388  -5.22097  -41.6973  -1.03859  6.77656  33.7039  645.922  -6.61973  
-1.25597  -0.671675  5.33596  2.6844  -1.55615  -1.65224  0.161229  -15.8617  -74.2271  8.60352  18.0731  23.5101  -2.74902  -0.383563  0.88276  -3.27995  -4.51463  4.53444  -48.6848  -0.257795  -3.94155  2.00351  2.3406  -6.63884  -40.0243  -2.40336  3.11642  14.5936  661.733  -13.6614  
-0.859564  2.20818  2.22723  2.64192  -1.17348  0.86479  -4.31012  -7.68646  -60.8765  8.58165  14.7945  25.9316  -4.87715  0.105763  -3.62891  -0.934425  -0.951578  7.97376  -7.35029  -0.731817  -2.4894  8.39959  3.96878  -3.26238  -16.1172  -5.83888  2.4799  -16.3039  344.782  -21.4155  
-0.182639  3.3502  -0.743285  0.57241  -0.363175  3.76849  -5.39892  -0.127417  2.33732  6.44437  9.15373  17.0662  -4.42287  -0.452603  -2.67603  -0.120545  2.81853  12.4752  16.1898  0.0491965  0.809694  10.621  2.63468  1.19347  22.5193  -8.6185  4.73603  -50.5346  -89.4907  -26.0732  
0.00466532  1.28389  -1.8143  -1.04923  0.0577822  3.70834  -4.70568  3.25203  40.0913  2.24955  0.621577  -0.916284  -2.17878  -1.70694  -1.66031  -1.01966  3.40069  13.7844  36.1623  0.0386258  3.50958  6.32218  -0.186736  2.56633  53.3601  -7.27436  7.03867  -76.1086  -338.831  -25.8771  
-0.393923  -1.92687  -0.102883  0.0107691  -0.111058  -0.168099  -5.84127  4.85042  11.8398  -1.08217  -9.05972  -20.2496  -0.494242  -2.54031  -3.98867  -1.99571  1.1662  7.92432  68.058  -2.13409  4.34437  0.909363  -1.86458  -0.196565  55.8747  -1.56862  5.80543  -74.9825  -309.185  -19.7782  
-0.786235  -3.11019  2.7775  2.61517  -0.369421  -5.27541  -9.67106  8.3459  -39.5319  -0.227022  -15.7572  -31.2482  -0.86053  -2.11217  -6.80623  -1.59558  0.0215474  -4.73738  102.943  -5.18592  3.91636  -0.663814  -1.15859  -4.87464  29.993  4.16854  0.239168  -31.79  -173.346  -8.46102  
-0.607844  -1.39117  3.59853  3.10245  -0.180818  -8.22212  -12.9077  12.79  -42.9708  4.68765  -15.5511  -28.8353  -2.34712  -0.530093  -5.72203  0.0958149  2.98921  -17.8193  112.422  -6.51783  3.21588  -1.65956  0.869541  -8.68864  -2.83  4.7254  -5.86411  47.3839  -147.225  3.91033  
0.0686126  1.10758  0.917821  -0.159258  0.413241  -7.75977  -11.5574  12.9638  14.9909  9.35435  -8.68497  -16.8912  -2.7109  1.31398  -1.52126  1.97938  8.41882  -23.0803  78.9179  -5.23795  2.25975  -8.65466  2.13768  -10.1932  -18.1728  -0.459005  -7.1562  126.148  -256.725  11.9337  
0.686048  1.84851  -2.61386  -4.12513  0.901523  -4.8644  -5.05905  6.01702  76.0699  8.995  -0.679593  -5.44427  -0.957391  2.43299  0.655264  3.26598  11.2233  -17.9804  18.1671  -2.9014  0.612147  -20.6023  1.38557  -9.01721  -9.93891  -6.03592  -2.54847  155.836  -343.047  14.4235  
0.869593  0.541803  -2.56693  -4.11127  0.941839  -0.932711  3.06729  -3.55213  78.1821  3.0699  1.83707  -1.59403  1.5492  2.37604  -1.3051  3.92559  8.10964  -8.56683  -31.0126  -1.11493  -1.29038  -27.6681  -1.02413  -5.1318  7.60742  -5.87675  2.79488  112.219  -268.293  16.1875  
0.801214  -1.07413  2.2643  0.734423  0.741766  3.02123  8.20106  -7.2337  20.591  -4.23096  -2.63031  -3.26316  2.67419  1.48989  -3.10033  4.12038  1.12317  -3.28376  -39.6047  0.574867  -2.17346  -22.5488  -3.62487  0.559025  15.3348  0.409948  2.7575  18.5005  -62.8012  22.6531  
0.890095  -1.69857  7.8454  5.88189  0.749379  5.69677  7.88787  -1.35872  -43.6706  -8.19877  -8.7578  -2.98157  1.81079  0.657779  0.134436  3.69609  -4.39185  -4.08212  -11.9494  3.53964  -1.39929  -9.63371  -4.95382  5.53033  5.82673  6.7647  -2.71194  -68.3717  143.395  33.2995  
1.17385  -1.76924  8.78586  6.02687  1.04449  5.55684  3.02126  8.38962  -65.4792  -7.8009  -9.83053  2.46513  0.272308  0.556122  6.39929  2.39477  -5.10835  -5.27128  20.2642  7.25654  0.165024  -0.0343651  -4.53656  7.04102  -13.3312  6.86973  -7.44942  -100.013  279.362  41.6576  
1.18847  -2.19748  4.10291  0.457904  1.17833  2.4473  -3.11868  12.2578  -38.765  -5.3577  -4.674  8.06032  -0.498594  0.947803  8.37487  0.301636  -2.47434  -1.48677  25.8524  8.88819  1.17191  0.872097  -3.21052  4.85863  -27.5649  0.434087  -6.54764  -72.1357  366.99  41.8618  
0.500191  -2.54576  -1.66113  -6.44635  0.670499  -1.47061  -6.74076  5.92009  7.28211  -2.85086  1.67338  7.19801  -0.5262  0.90808  2.70003  -2.04714  -0.362633  5.40955  -1.39029  6.17506  1.34517  -2.11166  -2.36071  1.9079  -24.931  -7.13651  -2.33071  -22.9939  419.857  33.9107  
-0.707658  -1.51213  -3.30436  -9.78953  -0.400437  -3.44627  -5.50061  -6.04342  38.1317  -0.010689  4.11474  0.348291  -0.812038  -0.0568493  -5.21626  -3.81391  -0.667263  8.9819  -39.924  0.203414  1.47388  -1.78929  -2.48458  1.34972  -4.00997  -10.7554  -1.16066  4.32809  383.987  21.7832  
-1.6863  0.756798  -0.312529  -8.21469  -1.39385  -2.69138  0.0925893  -15.5005  33.476  3.76506  3.0922  -5.13897  -1.56462  -1.29472  -7.63714  -4.03866  -1.8957  6.38564  -58.7939  -5.31772  1.92793  2.16298  -2.4779  2.93747  23.2602  -10.1623  -4.94128  0.198668  222.337  7.15842  
-1.80306  2.10008  3.19684  -3.87587  -1.69239  -0.547811  6.83369  -18.3751  -5.30343  6.89512  3.22169  -3.96861  -1.59068  -1.83876  -3.90647  -2.13548  -1.63041  1.26509  -41.7428  -7.34574  1.82472  3.92523  -0.783904  3.36245  37.3837  -8.41731  -8.2149  -10.6392  22.0781  -12.5982  
-1.11794  1.02306  3.09099  0.526205  -1.22631  1.64954  10.8664  -16.442  -53.4886  6.66943  6.89231  0.822025  0.277613  -1.82546  -0.597445  1.19944  0.477213  -1.60498  1.05733  -5.67293  0.110776  0.238821  2.61455  0.397004  26.2355  -7.28477  -4.83934  -4.34675  -55.886  -38.9427  
-0.240731  -0.718636  -1.00346  3.76301  -0.412917  3.67978  10.3136  -13.1073  -75.2174  2.80422  10.6901  1.51661  3.47907  -2.3641  -2.50226  3.68906  2.54563  -2.1123  41.0296  -2.22455  -2.78317  -4.48425  5.80989  -3.99473  -1.36675  -5.46565  4.07757  11.65  38.3985  -65.5722  
0.335932  0.299489  -6.04734  5.79572  0.308835  5.10247  6.37073  -9.30828  -53.1282  -1.35999  9.03756  -5.12648  5.89553  -3.55536  -6.75594  2.99872  2.74846  -3.66143  53.248  0.966571  -4.90235  -3.25684  6.92936  -5.38474  -20.5149  -1.22263  11.0173  10.7945  153.745  -79.7537  
0.63889  4.55185  -8.49458  6.7272  0.765917  4.26842  1.8802  -3.91194  -10.1262  -2.02099  1.03983  -14.0012  5.8297  -3.36871  -7.72576  -0.767899  0.975199  -7.60346  35.7066  2.81767  -4.58637  4.35742  6.07311  -1.47052  -12.8837  4.53254  10.6167  -12.505  82.0968  -72.5371  
0.939163  7.7206  -6.63387  6.5192  0.935302  0.220978  -1.15128  3.24994  7.59557  1.10405  -7.31846  -16.9763  3.59927  0.374969  -5.11014  -4.44638  -1.67952  -10.9039  10.7113  3.01324  -2.03006  9.95957  4.7043  5.39992  14.2214  8.4654  5.35554  -26.651  -205.299  -47.8505  
1.22162  4.65072  -1.30147  5.25664  0.751051  -4.7106  -2.53757  10.0126  -21.5267  4.45526  -8.62145  -10.9588  1.07943  6.67119  -3.91705  -4.59727  -4.23292  -9.68978  4.76497  1.6689  1.11109  5.07936  3.28738  10.3708  33.8782  7.8903  1.79215  1.91441  -499.788  -19.7851  
1.11441  -4.93826  4.64066  3.08996  0.183093  -6.07369  -2.76724  13.4116  -66.5616  4.1965  -1.63311  -0.650324  -0.163998  11.0074  -6.54484  -1.1973  -6.00758  -3.68864  22.0526  -0.645534  3.36236  -7.9228  0.548147  10.1745  26.7908  3.2714  2.51428  60.8495  -551.049  0.733693  
0.365299  -15.5218  8.00578  0.102764  -0.559636  -2.08997  -1.5862  12.0688  -73.3428  -0.28269  6.82787  6.10875  -0.146278  9.36273  -8.7182  2.07288  -6.14719  3.55161  37.0696  -2.8869  4.28502  -15.3824  -4.40259  5.38823  0.343509  -2.15719  3.59809  92.369  -305.067  14.9445  
-0.743885  -20.6287  7.55268  -3.30327  -1.08724  3.54154  1.34136  7.42373  -22.9215  -6.21517  8.05114  5.26856  -0.0388119  2.53587  -5.18199  1.75748  -3.90249  7.99014  19.1515  -3.82213  3.89959  -5.52711  -9.87714  -0.66561  -20.7238  -4.8723  0.030441  51.3746  66.4986  29.7567  
-1.59146  -18.2781  5.00844  -5.87047  -1.17784  5.01346  4.4959  2.96032  46.0458  -10.1337  -0.512531  -0.443292  -0.821885  -4.32581  2.39573  -1.50209  0.186491  7.90626  -32.1909  -2.50709  2.00018  17.3125  -12.6207  -4.50235  -21.6596  -3.53351  -7.87315  -42.2514  348.441  43.5332  
-1.77292  -11.5989  3.42723  -5.94253  -0.975475  0.659566  4.67447  1.51358  77.2417  -10.6597  -13.2105  -4.76779  -2.42788  -6.64349  6.5134  -3.72482  4.08975  4.21482  -80.9319  1.16734  -1.38054  34.2632  -11.1088  -4.58197  -12.4829  0.271396  -14.5232  -118.798  461.567  43.6825  
-1.36334  -5.05625  4.17379  -2.9874  -0.741972  -5.16668  0.419265  2.21029  56.4451  -9.18238  -21.8308  -4.02981  -3.91768  -4.38946  3.1737  -2.24173  6.12468  -0.71759  -90.5361  5.96837  -5.03204  30.7155  -7.0557  -1.95402  -13.958  3.3689  -15.0308  -127.367  461.37  22.0989  
-0.690558  -0.970589  5.73721  1.44865  -0.491772  -6.68302  -5.08546  0.280944  25.3761  -8.41536  -22.6665  -0.450035  -4.29345  -1.21807  -2.71099  1.19006  6.79742  -4.3801  -64.4146  9.48497  -6.82108  12.6447  -3.3986  0.718455  -33.3327  3.32127  -9.99461  -83.4472  413.06  -9.9238  
-0.0127627  0.793023  5.58642  4.62845  -0.0239361  -2.4471  -6.32489  -8.25479  33.6691  -9.97174  -18.0925  0.667358  -3.22596  -0.341372  -2.85016  2.49142  7.98161  -5.27001  -40.9166  9.55165  -5.3872  0.422603  -1.491  1.1686  -56.5657  0.125064  -4.21226  -44.3724  321.99  -28.4682  
0.51733  1.25927  2.98549  4.89692  0.660102  3.75125  -1.57128  -20.6009  81.8864  -12.6376  -12.4002  -2.80559  -1.29995  -1.79864  4.31454  0.116066  10.0302  -3.7253  -45.6331  6.13209  -1.61003  5.53663  -0.787771  -0.675337  -64.0356  -3.92642  -1.5415  -44.6137  180.899  -21.3753  
0.726818  1.13114  -0.271655  2.79796  1.14016  6.8628  4.34382  -27.1245  116.775  -12.9497  -7.39885  -7.12404  0.368016  -3.3246  11.16  -3.05601  10.5068  -1.62454  -58.7148  1.66017  1.91333  17.1566  -0.57774  -2.76865  -49.163  -6.05509  -1.84109  -64.1164  30.2757  -1.4539  
0.471686  0.727106  -1.90268  0.0866412  0.943833  4.69896  4.8764  -19.5052  85.0325  -8.13143  -2.23403  -6.87587  0.932031  -3.01937  9.00361  -3.02117  6.57755  -0.817997  -40.431  -1.09389  3.03987  15.701  -0.932452  -2.90539  -19.5617  -4.90697  -2.62262  -61.1983  -65.2872  8.61863  
-0.152085  0.213117  -1.60929  -2.27905  0.11846  -1.18678  -0.725998  0.251701  -8.98009  0.968362  3.78707  -1.4075  0.507623  -0.98786  -2.23774  0.692064  -1.3518  -1.50837  16.1212  -1.68879  1.92748  -2.69509  -1.91435  -0.941695  14.7974  -1.3463  -2.54313  -25.8725  -95.4654  2.74007  
