1.01835  6.2138  3.15626  -0.128022  2.57774  92.934  1.83528  4.01858  -0.951797  -0.250511  1.83005  3.69195  9.62655  1.01807  -3.41818  1.86357  -1.27112  5.04729  -0.0321047  0.478814  1.52275  1.52335  1.68857  1.53856  -4.66258  5.03418  3.22731  0.133501  0.207981  -0.0702242  
-1.76751  -17.2792  -6.14194  -1.11998  -8.59597  16.5582  -2.33858  -2.87037  -3.59739  -2.5708  -3.43307  -2.77988  -4.26858  -1.29736  4.85027  -2.46685  3.81975  -8.60903  -4.6574  -0.746171  -1.72207  -1.43851  -0.634533  -3.09938  -8.24018  -6.56894  -1.08786  -1.447  -4.50171  -2.48721  
-3.34357  -28.5281  -7.1447  -1.96758  -13.1295  -65.0993  -5.1839  -6.46405  -6.04455  -6.64318  -6.53987  -8.75063  -15.8862  -2.04143  7.71668  -5.11922  5.57153  -16.4081  -7.34123  -0.702941  -4.36406  -3.55808  -2.10897  -8.2011  -7.14946  -7.19445  -4.23281  -1.8707  -6.21024  -7.49265  
-3.43622  -25.3317  -0.215631  -2.12043  -9.74832  -135.007  -5.96098  -6.46998  -7.18842  -11.0927  -7.12831  -12.6647  -22.7871  -1.2822  5.08529  -5.66167  3.66532  -16.9186  -7.40693  0.655604  -5.87953  -4.31089  -2.17777  -12.1495  -2.40934  3.42794  -6.08389  -1.14125  -3.76319  -12.0167  
-2.75216  -16.1098  7.18205  -1.24813  -2.92654  -166.472  -5.04634  -5.49103  -5.84818  -12.5983  -6.45642  -12.515  -23.7528  -0.479286  1.29661  -4.92152  0.560406  -13.2813  -6.17931  2.16656  -6.04905  -3.75394  -1.04062  -12.0569  0.514941  15.149  -6.92883  -0.296973  1.20899  -10.565  
-2.15493  -10.7056  9.39425  -0.0658832  1.69846  -153.374  -3.68364  -5.7327  -2.46791  -9.81482  -5.67868  -7.9325  -19.8241  -0.762846  -0.19453  -3.87433  -1.33042  -9.46456  -6.07252  2.57759  -5.07441  -2.52124  0.239378  -6.86007  -2.2302  17.9418  -6.31455  -0.244825  5.13214  -3.44519  
-1.87275  -10.4219  8.03144  0.119509  1.96393  -116.505  -2.8694  -6.28659  0.432063  -4.94004  -4.75636  -1.39977  -13.6157  -1.80669  0.344855  -2.72529  -1.69451  -7.11675  -8.10557  1.6418  -3.40827  -1.39965  0.512182  0.742084  -8.88683  11.2347  -3.5477  -0.889014  5.34444  1.70717  
-1.51225  -8.06848  8.08865  -0.980003  -0.217857  -78.2388  -2.38936  -4.53479  0.393952  -1.23101  -3.09943  3.07543  -7.44695  -2.44629  1.0163  -1.12037  -1.63229  -5.79849  -10.1563  0.176518  -1.47387  -0.818256  -0.449632  6.14227  -13.9773  2.79821  0.559936  -1.42234  2.82483  -1.57232  
-0.727793  1.66356  10.8601  -1.88916  -1.88251  -41.8513  -1.30231  -0.194635  -2.36811  0.179992  -0.821742  3.28468  -2.30956  -2.05227  1.37241  0.933658  -1.81624  -4.98891  -8.99492  -0.777112  0.389784  -0.685758  -1.82947  6.83169  -13.765  -0.269065  3.55857  -1.2567  1.52955  -10.4329  
0.268724  13.7422  12.3879  -0.807508  -1.8283  -1.33537  0.579688  3.37462  -4.96339  0.494421  1.08885  0.771262  1.62948  -0.981191  2.00028  2.64814  -1.85995  -4.75832  -4.50956  -0.803307  1.76825  -0.755628  -2.6674  4.40424  -9.30316  1.49895  3.77652  -0.545944  4.13481  -15.7504  
0.915505  17.3896  8.66762  2.18459  -0.734143  39.1365  2.08411  3.00054  -4.80324  1.06204  1.78382  -0.639538  4.50945  0.125761  2.05602  3.08156  -1.25983  -4.67322  -0.97487  -0.239191  2.19668  -0.943551  -2.70144  2.52786  -4.7603  1.78425  2.38395  0.125882  8.49011  -12.938  
0.90921  9.1928  0.740101  4.77842  0.429939  67.2831  1.92313  -0.011269  -2.48394  1.86568  1.41025  1.27399  6.84445  1.0688  -0.526932  2.08717  -0.282111  -3.46856  -2.50817  0.32612  1.51586  -1.24517  -2.29759  3.16074  -3.56994  -3.44073  2.06094  0.368928  9.34197  -6.85508  
0.510926  -1.77834  -6.05529  4.6648  1.25776  80.9885  0.308079  -1.18091  -0.995784  2.15633  0.893444  4.75793  9.30144  1.91406  -5.88585  0.524347  0.403945  -0.579481  -7.44183  0.591442  0.175196  -1.39961  -1.87403  5.03559  -5.56414  -10.9514  3.60228  0.285294  4.21675  -4.99873  
0.235603  -4.38143  -7.38161  1.96661  1.50392  90.1807  -1.09977  1.44048  -2.17215  1.75279  1.03977  5.89957  11.6149  2.42217  -10.5003  -0.498289  0.52547  2.43081  -9.13297  0.655854  -0.97503  -0.953936  -1.65558  5.68942  -7.699  -13.8518  4.76025  0.254243  -3.09951  -8.1021  
0.319569  1.11516  -3.89075  -0.845781  0.859301  96.1472  -0.99031  4.63466  -4.5189  1.38007  1.88166  2.83187  12.4973  2.08074  -10.0001  -0.556765  0.360085  3.09295  -3.38247  0.729329  -1.29582  0.190964  -1.78223  4.20947  -7.406  -9.35475  3.05317  0.502878  -6.24009  -10.1362  
0.541383  4.06868  -0.14891  -1.55955  -0.444686  80.6656  0.151237  4.11258  -4.90268  1.92384  2.71941  -1.9744  11.2163  0.791733  -4.07151  -0.120414  0.1448  0.917094  5.95367  0.812322  -0.779961  1.44002  -2.17421  1.74588  -5.00616  -1.54453  -0.823134  0.874358  -3.45034  -6.89647  
0.519709  -2.30961  -0.104247  -0.396427  -1.28736  28.8157  0.615578  -0.0673018  -2.24837  3.5449  2.68366  -4.24957  9.01905  -0.731489  2.72082  0.0689376  -0.303297  -1.73935  10.5807  0.688513  0.0937426  1.86241  -2.24679  -0.0734016  -3.31241  3.87068  -3.34832  0.973422  0.395517  -1.34514  
0.131157  -12.0777  -3.60158  0.570022  -0.671977  -40.7973  -0.622367  -3.7544  1.20102  5.35873  1.46488  -2.57771  7.96429  -1.53496  5.39842  -0.225022  -1.22431  -2.26225  6.68693  0.228879  0.831756  1.0132  -1.18148  -0.462641  -4.57518  5.75635  -2.04832  0.565734  -0.197217  0.94544  
-0.375691  -14.7758  -7.28791  0.018185  1.07809  -83.4327  -2.73315  -3.83979  2.41851  6.03399  -0.281334  -0.0821469  8.15104  -1.36027  3.34672  -0.564955  -2.35595  -0.832072  -1.15449  -0.322309  1.21328  -0.631212  1.09644  0.564135  -7.79539  6.84904  1.71398  -0.173793  -4.55842  -0.646147  
-0.643291  -9.27054  -8.55097  -1.14168  2.70683  -71.9108  -3.6745  -1.3047  0.807354  4.99632  -1.40475  -0.762692  7.58595  -0.85026  0.44687  -0.384075  -3.02947  -0.149684  -5.74596  -0.483839  1.21625  -1.99657  3.34285  2.53519  -9.68691  8.01517  4.30177  -0.825484  -6.86351  -1.5127  
-0.543192  -4.48801  -8.22016  -1.03921  3.62204  -26.188  -1.93229  0.998458  -1.4497  3.10206  -1.35512  -4.60749  5.25311  -0.774564  0.531412  0.360489  -2.83196  -2.10322  -5.18018  -0.039972  0.845063  -2.16058  3.88338  4.30133  -7.79263  5.95543  3.78656  -1.11191  -3.68259  1.26797  
-0.262113  -6.05621  -8.89921  0.720428  4.25771  7.75659  2.07467  1.79286  -2.12508  1.74619  -0.823574  -7.26903  2.99132  -1.16546  3.44842  1.096  -2.05841  -5.39657  -3.56717  0.66644  0.105722  -0.91012  2.40982  4.1626  -3.32843  -1.96146  1.78453  -1.05235  1.62084  4.69814  
-0.0571548  -7.49079  -11.0682  2.52369  4.62298  6.79158  6.02951  1.60784  -1.31357  1.18077  -0.965569  -5.21516  3.21091  -1.33171  5.69581  1.20217  -1.26087  -6.86193  -4.55681  1.05728  -0.878061  1.18401  0.638344  1.42145  -0.66471  -12.3439  1.19487  -0.743164  3.46457  4.04912  
0.0263534  1.51978  -11.8545  2.78728  3.32878  -9.68665  7.25221  0.92135  -0.857134  0.203836  -1.90076  -0.159333  4.77716  -0.725015  4.51821  0.64993  -0.540411  -4.81494  -6.63043  0.946507  -1.83015  3.08934  0.716753  -2.07661  -3.16608  -17.9609  2.76146  -0.169242  1.56516  -0.426854  
0.165841  19.9023  -8.37379  2.01447  -0.889528  -8.43144  4.79932  -0.135067  -1.86404  -2.05569  -2.29517  2.81241  3.24245  0.363438  0.84323  0.0479697  0.493374  -0.618647  -5.80127  0.731157  -2.43213  3.91779  2.8621  -2.9861  -9.59336  -15.0704  4.42305  0.616581  1.20105  -3.41839  
0.495818  33.1887  -1.60136  2.14951  -6.75656  17.8401  0.448676  -0.641518  -3.33292  -4.50601  -0.796179  1.54241  -3.84849  1.11562  -2.05488  0.0363248  1.92736  2.9829  -1.39408  0.941387  -2.4503  3.47843  4.7549  0.128724  -14.4539  -6.54439  3.93018  1.2204  5.58641  -1.05377  
0.898049  28.6875  4.42568  3.85056  -10.6836  44.9778  -2.69133  0.667925  -3.49296  -5.04461  2.20152  -0.423182  -12.9817  1.14846  -2.33122  0.638322  2.97903  4.41374  2.94127  1.74189  -1.79231  2.37756  3.72014  4.74298  -12.3677  2.45728  1.39238  1.12541  10.7309  4.46025  
1.10681  9.52119  6.94832  5.1849  -9.9025  48.8155  -2.98945  3.32139  -1.97184  -3.18657  4.62413  1.4733  -17.1177  0.964513  -1.01379  1.24077  2.70958  4.07118  3.77111  2.87432  -0.507189  1.42045  -0.417621  6.46294  -3.58149  9.36534  -1.05469  0.288294  9.94123  7.48821  
1.0056  -8.92555  7.11797  3.71003  -4.91597  33.9099  -1.72158  4.85613  -0.231948  -0.732608  4.73856  6.31766  -12.4203  1.27749  0.0958881  1.19656  1.26544  3.22843  1.65178  3.87058  1.17084  0.907809  -4.86483  3.32028  4.95282  13.3932  -1.65644  -0.632853  2.50194  5.16862  
0.730344  -15.0963  7.7943  -0.361144  1.4928  26.9422  -1.413  3.54774  0.176491  0.508015  2.86043  7.83342  -1.887  2.04242  0.665303  0.412475  0.145041  2.64398  -0.227206  4.13483  2.73665  0.471082  -6.41463  -2.32202  5.21354  12.2363  -0.493091  -0.889902  -4.87275  -0.10081  
0.467496  -10.9692  9.88062  -3.85252  6.86065  44.564  -2.78858  0.706997  -0.717318  0.886649  0.80137  1.76381  7.8519  2.39374  1.1859  -0.623413  0.747048  2.14361  -0.135709  3.02993  3.5129  -0.335436  -4.45589  -6.03424  -3.74776  3.16363  1.45458  -0.4388  -5.87112  -3.772  
0.211742  -5.95828  11.4614  -3.88329  9.92912  72.8122  -3.87433  -0.683681  -1.74816  2.01766  -0.202805  -8.28834  12.8753  1.66723  0.732971  -1.31711  2.68566  0.9883  0.695669  0.318046  3.05738  -1.47577  -1.3688  -5.20809  -13.2331  -11.7551  3.84523  0.0131385  -1.76612  -3.55302  
-0.19118  -5.02597  10.0688  -1.02556  9.8217  81.2379  -2.45446  0.601775  -2.22626  4.1693  -0.615614  -13.9602  14.7767  0.226685  -2.65073  -1.4275  3.92816  -1.32234  0.403756  -3.24699  1.58307  -2.40799  -0.0458572  -0.947307  -12.0776  -24.7456  6.90383  -0.195702  0.876601  -0.822959  
-0.789818  -5.19426  5.02046  1.36659  6.15063  53.882  1.00022  2.77594  -2.65209  5.57519  -1.57214  -10.7239  17.1561  -0.899131  -8.72272  -1.15708  2.68209  -4.33433  -0.858538  -6.00199  -0.107378  -2.58415  -1.20677  3.2681  1.98449  -28.6009  10.019  -0.983836  -1.30804  1.48122  
-1.37971  -2.44771  -1.89877  0.902571  0.51642  3.63885  3.56257  3.18121  -3.57417  4.71267  -3.1643  -2.3085  20.7086  -1.13572  -13.2634  -0.905033  -0.813089  -6.5087  -1.00499  -6.45246  -1.24037  -1.87157  -3.13862  4.39833  18.2826  -23.36  11.2878  -1.67248  -4.64102  1.83468  
-1.64022  1.74049  -7.12322  -1.32645  -3.54826  -43.0388  3.09065  1.11362  -4.3495  2.33706  -4.20352  4.01189  22.2286  -0.862228  -11.7195  -0.926215  -4.51042  -6.20351  1.44756  -4.41928  -1.65352  -0.584973  -3.74227  2.17821  22.3838  -15.5054  9.05927  -1.70957  -3.44105  1.31748  
-1.38372  2.37054  -7.07944  -2.20478  -3.6105  -68.0722  0.591156  -1.62587  -3.60913  0.578015  -3.63439  4.93375  18.6208  -0.743064  -4.1881  -1.13064  -6.30497  -3.1986  5.42621  -1.08412  -1.71132  0.715715  -2.5681  -0.716066  10.2667  -10.4981  3.78147  -1.1144  2.7897  2.15736  
-0.678062  -1.97648  -0.947462  -0.175733  -1.12032  -66.3117  -1.08719  -2.56058  -0.81165  0.358583  -1.78535  3.22859  10.7623  -0.830778  4.10613  -1.16114  -5.56761  0.75096  7.87945  2.03402  -1.7  1.50724  -0.880959  -1.11603  -7.18173  -7.30552  -2.04978  -0.276088  8.62435  5.02182  
0.207088  -6.82064  7.31883  3.20171  0.0924968  -35.967  -0.481312  -0.901482  2.87136  0.565594  0.037415  2.84569  2.53143  -0.571658  8.03956  -0.734104  -3.26312  3.15869  6.57523  3.99765  -1.44472  1.54744  -0.131727  1.48398  -14.9879  -0.659293  -5.89579  0.484377  8.59686  7.71204  
0.937861  -7.26453  11.0946  5.15437  -1.72262  21.2948  1.28676  1.66283  5.23505  -0.227144  0.931083  4.08457  -3.44158  0.383759  7.28802  0.0551737  -1.04851  2.85663  2.53147  4.505  -0.613758  1.00978  -0.605931  4.35327  -9.64753  11.7948  -6.96552  1.06662  2.86116  6.95108  
1.2759  -4.34038  6.8065  4.47858  -4.23846  85.7406  2.38606  2.55508  4.58129  -1.9372  1.10769  4.10049  -8.07542  1.67398  5.01464  0.776399  -0.184878  0.912255  -0.440408  3.56398  0.710578  0.321681  -1.40308  4.65235  -1.38215  25.1722  -6.1757  1.45602  -3.21239  1.75348  
1.20482  -3.30847  -2.21896  2.18985  -3.93505  115.691  2.4851  1.00522  0.942408  -3.22969  1.28793  1.43651  -13.1179  2.63292  3.06777  1.04752  -0.870796  -0.486485  0.628029  1.5545  1.91507  -0.189705  -1.46729  2.96611  -0.918014  31.056  -4.79789  1.59261  -4.47549  -5.17251  
0.937549  -5.48065  -8.74173  -0.0421469  -0.153287  75.4907  2.53962  -1.03656  -3.73499  -3.05252  1.78007  -1.89264  -17.1261  3.03352  0.704189  0.861022  -2.17408  -0.0799112  4.46413  -0.52319  2.34762  -0.488079  -0.614913  2.53363  -6.27999  25.9847  -3.50336  1.4347  -0.814601  -9.7111  
0.740115  -4.11492  -8.65271  -1.34786  4.43476  -27.3973  3.04573  -1.11534  -6.47959  -1.42884  2.29801  -2.81637  -16.2453  3.18008  -2.28676  0.530855  -2.68157  1.46022  6.36969  -1.42394  1.83432  -0.652509  0.337851  4.64389  -6.16454  15.7008  -2.41697  1.05423  2.97495  -9.91574  
0.713713  8.5033  -4.25038  -1.70897  6.83705  -135.883  3.39452  0.782265  -5.12165  0.969452  2.44305  -1.07776  -9.04735  3.33217  -3.52377  0.365312  -1.48666  2.4703  3.25025  -0.595765  0.704541  -0.645589  0.38205  6.30929  3.66777  9.48993  -1.48201  0.620469  2.10442  -7.24253  
0.737804  29.7243  -0.437527  -1.29855  6.32419  -182.095  2.99689  2.30158  -0.0370312  3.27622  2.05562  0.661477  0.440551  3.24329  -0.887648  0.412059  1.0654  2.11562  -2.68157  1.32717  -0.552624  -0.427965  -0.706193  3.87231  13.0485  9.44622  -0.581065  0.270291  -2.92553  -4.63279  
0.611933  44.9863  0.692052  -0.437814  4.19878  -136.688  2.1404  1.86605  5.70868  4.36603  1.17452  0.125648  6.14461  2.39261  3.73407  0.465699  3.41911  1.19911  -6.16553  3.05297  -1.54175  -0.189216  -1.99846  -1.70046  9.2051  7.13088  0.434044  0.0077325  -5.98903  -3.88766  
0.231659  40.0725  0.399418  0.181124  2.06492  -27.1189  1.25906  0.627477  8.4254  3.08862  -0.0114548  -1.75597  5.95936  0.620225  5.83888  0.246269  3.8435  1.19588  -4.90879  3.56981  -1.98123  -0.262667  -2.13279  -5.34498  -6.98521  -6.40829  1.56535  -0.269723  -1.42419  -4.63838  
-0.34169  15.6057  -0.118713  -0.227027  0.67724  84.7824  0.00664891  0.515753  6.55857  -0.53443  -1.04505  -2.11902  3.09547  -1.54614  3.59478  -0.367238  1.8402  2.58727  -1.97665  2.55971  -1.7343  -0.671967  -0.567987  -4.14  -20.8696  -27.475  2.59714  -0.615867  9.04337  -4.96433  
-0.916306  -12.3799  -1.50203  -1.62479  -0.217444  142.643  -2.1448  1.25026  1.72326  -4.4767  -1.33819  0.192137  1.59255  -3.20613  0.202193  -1.16159  -1.01563  4.1575  -1.53351  0.300899  -0.980289  -1.00401  1.82957  -1.05845  -20.905  -39.9577  3.35258  -0.926187  16.2734  -2.97949  
-1.25212  -26.9589  -4.14641  -2.88689  -1.5066  126.582  -4.49323  0.88374  -2.99235  -5.78034  -0.735765  2.95204  1.68663  -3.73952  0.136425  -1.63128  -2.16385  4.07408  -3.45143  -2.40256  -0.257711  -0.825357  3.48207  -0.851344  -10.6033  -31.6092  3.9039  -0.993576  12.2279  1.24086  
-1.19682  -24.6677  -6.55528  -2.7112  -3.76693  61.8828  -5.24946  -0.815673  -5.67345  -3.01417  0.0893484  2.9422  1.07735  -3.21318  3.80165  -1.37238  -0.577077  1.65253  -3.74377  -4.32259  -0.12749  -0.206478  3.52098  -3.34048  -1.50755  -8.44247  4.23559  -0.717654  -1.3506  4.91015  
-0.821876  -15.4697  -7.14557  -0.968242  -6.16479  0.0864793  -3.51914  -1.48888  -6.51293  2.29932  0.124553  -0.421412  -0.523307  -2.24419  7.39999  -0.554334  1.75904  -1.91249  -0.135583  -4.44849  -0.65858  0.405519  2.57869  -3.43753  1.4435  10.3055  3.74128  -0.214888  -14.0469  4.62374  
-0.392689  -10.332  -6.58232  1.18401  -6.69166  -20.4826  -0.749816  0.351148  -6.51856  6.93061  -0.921471  -4.19808  -0.128894  -1.44112  7.38973  0.108188  1.67863  -4.61248  4.57163  -2.89053  -1.27415  0.733604  2.10633  1.8923  3.10799  12.3264  1.5504  0.305696  -16.8339  0.202809  
-0.108112  -11.1796  -6.44808  2.52141  -4.15913  -5.73612  0.526145  2.49188  -5.71882  8.66648  -2.12336  -4.87844  4.53865  -0.967206  4.01448  0.0628941  -1.27956  -5.33747  5.63612  -0.918825  -1.21783  0.962198  2.79105  8.92426  7.60892  4.16744  -2.24815  0.744496  -10.2271  -4.12478  
0.129953  -12.5179  -5.81297  3.03929  0.224172  3.53807  -0.647869  1.59039  -3.29376  7.69633  -2.11948  -1.81082  10.913  -0.599396  -0.144561  -0.382675  -3.49293  -4.58771  1.70846  0.283658  -0.273931  1.38877  3.68955  11.4428  11.4046  1.58076  -5.89985  1.10364  -2.05756  -3.62437  
0.582012  -10.0465  -1.46881  3.75739  4.03536  -21.186  -2.64959  -1.91706  0.750395  5.61843  -0.473698  2.30926  13.3845  -0.164633  -3.30931  -0.256363  -0.870326  -3.64224  -4.06393  0.812225  0.959266  1.90587  3.09486  8.26741  9.12289  10.9101  -7.13061  1.28745  1.42236  1.77133  
1.23961  -5.39326  7.31603  5.23778  6.3838  -60.963  -3.1283  -3.69015  4.60648  3.63321  1.76256  4.24201  9.08993  0.180282  -5.80016  1.05171  5.8354  -3.10507  -7.71299  1.66835  1.53508  1.99169  0.413979  3.93085  1.84335  22.6932  -5.30274  1.03256  0.684458  7.10483  
1.64084  -3.05353  15.5045  6.50964  8.4608  -68.1068  -1.53439  -1.08671  5.92342  1.88663  2.98198  3.06411  1.19501  0.161038  -8.4388  3.00151  10.5973  -2.38721  -7.6707  3.18951  0.991647  1.23223  -2.85226  1.94962  -4.2075  23.0652  -2.15677  0.167662  -0.210345  7.59569  
1.27786  -4.57996  16.1634  5.77952  10.7996  -20.2472  0.379688  2.96057  4.23203  0.0810873  2.54243  0.550869  -4.42369  -0.144288  -11.2901  4.25182  7.98162  -0.519155  -4.50931  4.33243  -0.230901  -0.188987  -4.2041  0.157619  -6.23892  8.48889  0.115795  -1.06291  0.772064  3.42801  
0.203336  -6.76253  7.89526  2.38808  11.0282  52.9489  0.452185  3.44946  1.56036  -1.88535  1.33703  -0.982441  -5.34287  -0.247867  -13.676  3.80837  -0.772648  2.60255  0.646885  3.77621  -1.19118  -1.54002  -2.5319  -5.34925  -6.97725  -11.1004  1.35307  -2.05025  2.39984  -1.03321  
-0.89799  -4.5469  -2.703  -1.97251  5.99219  99.6946  -1.68858  -0.111733  0.343004  -3.83638  0.759502  -0.771701  -4.44717  0.215678  -14.35  1.85559  -8.61418  5.84551  6.20616  1.5626  -1.29359  -2.09319  0.508707  -13.1422  -8.3547  -21.382  3.39261  -2.31168  3.21251  -1.87733  
-1.33553  4.44631  -7.15407  -4.35524  -3.75917  95.937  -4.26352  -2.92187  0.855229  -5.30116  1.15283  -0.00727333  -5.64873  0.969963  -11.3792  -0.441872  -9.82578  7.69618  9.91358  -0.761467  -0.768061  -1.73128  1.93015  -16.5024  -7.87692  -15.1752  7.16795  -1.91087  3.5585  1.42987  
-1.05665  17.6836  -3.28551  -3.23698  -12.9006  58.4228  -4.92794  -1.14199  1.3747  -5.47739  1.49586  -0.231068  -8.89893  1.27974  -3.68606  -1.87199  -5.35214  7.5217  10.3306  -1.65288  -0.337382  -1.07108  0.52931  -11.0194  -3.49952  2.33315  10.4441  -1.35854  4.19509  6.91927  
-0.58029  28.9108  3.19464  -0.0787589  -15.7834  15.8564  -2.80345  3.08165  0.747705  -3.66906  0.713616  -1.831  -9.93635  0.781921  6.35716  -2.02078  -0.732338  5.97316  8.74736  -0.947281  -0.416042  -0.89147  -1.727  -0.0826134  0.772367  16.9493  9.42068  -1.06479  4.4221  11.9576  
-0.34348  31.8331  5.0169  2.03516  -11.636  -20.4615  0.885972  4.52754  -0.127759  -0.378141  -0.920029  -3.63705  -5.20834  0.00736166  12.9725  -1.40834  0.277562  4.19994  7.9663  0.281563  -0.658566  -1.28476  -1.90343  8.65882  -0.612338  15.6602  2.98672  -0.949613  2.85947  13.8219  
-0.252789  24.0651  0.385451  1.35888  -4.69873  -52.829  4.0243  1.71935  0.0892773  2.42854  -1.99069  -4.14604  4.15318  -0.109234  11.92  -0.893506  -1.15282  2.73414  8.647  0.912839  -0.319159  -1.38805  0.420487  11.2129  -5.97208  -2.07015  -5.11414  -0.600228  -0.332198  10.2482  
0.0787541  8.94329  -6.24918  -0.922142  0.449379  -77.0511  5.45322  -1.48662  0.851216  2.83136  -1.52558  -2.77774  13.273  0.703487  5.42499  -0.889681  -1.64883  1.2787  7.68832  0.665813  0.945199  -0.181151  2.55324  9.71497  -7.03874  -21.3225  -9.19997  0.234778  -3.10661  1.26865  
0.771752  -6.03962  -9.39024  -2.17485  2.77363  -80.2251  5.65918  -1.34417  0.17191  1.13296  -0.0398704  -0.243742  17.7213  1.63344  0.37712  -1.04193  -0.0199696  -0.479734  1.49361  0.00901903  2.63168  2.35525  2.01159  7.69224  0.304184  -23.5295  -6.96438  1.35258  -3.56897  -9.58837  
1.48944  -13.7992  -7.62959  -1.01032  4.01496  -58.633  5.70365  1.00422  -2.40166  -0.0543575  1.1424  2.27271  16.5985  1.55351  0.387731  -0.674348  1.93615  -2.13403  -9.33545  -0.433155  3.74819  4.9625  -0.189177  5.40181  8.98081  -4.88052  -1.51034  2.25108  -1.8249  -17.2557  
1.78942  -12.1064  -3.93252  1.49093  5.31673  -25.4279  5.75662  1.73179  -4.54784  1.59198  1.32932  4.0268  12.0026  0.23108  1.3528  0.441498  2.19884  -2.85444  -19.2855  -0.346427  3.63905  6.10797  -0.635724  1.12673  8.91199  17.6098  2.1662  2.51448  0.423837  -18.863  
1.55197  -4.46972  -1.83298  3.17184  5.81634  6.79858  4.9698  -0.0689124  -3.82076  5.47498  0.884898  4.84242  7.15161  -1.34915  -2.84892  1.7683  0.981415  -2.36472  -22.2886  0.169043  2.50757  5.21179  1.95062  -4.38836  0.05923  22.1574  2.37234  2.05167  1.55117  -15.2006  
1.00724  3.11961  -1.86374  2.884  4.41721  41.4228  2.74963  -1.41186  -0.854851  8.48969  0.400736  4.6699  4.46706  -1.88741  -11.1422  2.46582  0.122163  -1.29979  -16.6619  0.722184  1.15943  2.89434  4.34158  -7.27555  -7.40728  5.18079  1.75778  1.07603  1.10297  -8.8607  
0.423397  6.93125  -1.64481  1.33085  1.81114  83.0748  -0.25359  -0.111856  1.20881  8.08159  -0.068995  3.52046  4.70599  -0.981483  -15.0828  2.12432  0.67088  -0.391016  -6.17333  0.849285  0.21391  0.23306  2.00791  -4.6359  -5.86818  -14.7274  3.30131  -0.0353353  -0.123528  -2.07685  
-0.137854  7.58118  0.693504  -0.00122162  0.049547  110.101  -2.59483  1.81173  0.716496  4.64427  -0.737342  1.78707  6.49388  0.545394  -9.35307  1.02283  1.69204  0.435364  3.18352  0.231881  -0.434951  -1.92638  -5.42171  1.85159  0.515187  -17.8574  6.19608  -0.906895  -0.858828  3.32831  
-0.749242  7.87709  3.5772  -0.325256  0.381465  81.8995  -3.30371  0.919072  -0.366452  0.858786  -1.45833  0.317991  7.14753  1.4546  0.0595978  -0.23049  1.50984  1.74282  7.495  -1.06981  -1.3431  -3.05694  -12.8082  7.37751  2.90023  -5.55974  6.61265  -1.35892  -0.75153  5.35874  
-1.38409  8.94048  3.0986  -0.133279  2.00991  -11.3134  -2.50912  -2.62515  0.988308  -0.871924  -1.76942  -0.203385  5.05258  1.17221  1.77182  -1.16107  -0.180815  3.42834  7.24601  -2.46488  -2.67057  -2.90928  -14.1235  8.36553  0.396383  3.01035  2.37274  -1.54827  -1.07535  2.97637  
-1.82882  8.73075  -2.20247  -0.514054  2.98505  -113.14  -1.04462  -4.82045  4.68394  -0.223907  -1.47966  -0.0706826  1.18287  0.177656  -7.25489  -1.5688  -1.91496  4.42709  6.10963  -3.05276  -3.71709  -1.73419  -8.16678  4.95794  0.250705  -4.46305  -4.15998  -1.82406  -3.42869  -2.1055  
-1.8305  4.51234  -8.34154  -1.93358  2.0301  -137.459  0.154937  -2.8253  7.00024  1.31082  -0.834828  -0.274732  -1.81844  -0.541049  -16.943  -1.41979  -2.02191  3.83317  7.27906  -2.37163  -3.47273  -0.418578  0.605303  -0.155008  6.43387  -17.4434  -8.54041  -2.28691  -7.10149  -6.09398  
-1.31599  -3.32586  -9.15041  -3.60778  -0.480799  -53.4315  0.263811  1.4595  4.7014  1.80586  -0.0762381  -1.46187  -2.83513  -0.349846  -15.1013  -0.77843  -0.442432  2.14736  10.181  -1.06519  -1.71813  0.0928614  6.6421  -4.36458  12.6245  -15.4614  -8.9858  -2.4926  -8.31466  -6.56009  
-0.467878  -10.6063  -3.27186  -4.03174  -3.00379  71.7655  -1.13069  3.7167  -1.03925  0.138805  0.843931  -3.19348  -3.23027  0.546107  -1.24262  0.138055  1.3162  0.861534  11.1387  -0.519274  0.546618  -0.268305  8.11587  -6.63952  10.5621  5.7678  -7.77315  -1.78456  -3.58393  -4.76355  
0.397445  -12.9676  3.48203  -2.47576  -4.12763  128.047  -3.39259  2.1956  -5.51717  -3.38698  1.87359  -4.62378  -4.29844  1.40288  13.0795  0.960385  1.87906  0.825987  7.91318  -1.3743  1.93272  -0.561823  7.30748  -7.5027  2.02955  27.3648  -7.82908  -0.0476705  5.68536  -3.53731  
1.0308  -10.5054  4.36552  0.0626172  -3.7745  66.2039  -4.70733  -0.790346  -5.17263  -7.08392  2.47884  -5.54828  -4.49533  1.69276  17.0163  1.32687  1.28583  1.4552  3.38873  -2.45321  1.90734  0.0964329  7.07647  -8.312  -2.91654  28.6146  -9.026  1.9572  13.0151  -3.12836  
1.36736  -8.21884  -0.0669819  1.50215  -3.23896  -55.6665  -3.38351  -2.01804  -0.907216  -8.7472  2.06239  -6.30273  -1.1747  1.59376  11.1367  1.10706  0.545671  1.78015  3.18585  -1.64111  1.10854  1.38574  7.67175  -9.90992  0.963796  10.4537  -8.54484  3.16631  12.6904  -0.508807  
1.49318  -11.0669  -1.98687  0.76575  -3.74373  -131.334  0.24756  -0.71241  3.1631  -7.14076  0.783111  -6.64996  4.82708  1.66217  4.48964  0.518181  0.168272  1.71843  8.96707  1.80294  0.480146  1.96701  7.15969  -11.3255  6.70673  -7.37284  -4.29651  3.16494  5.66911  6.26112  
1.50589  -18.1175  4.23493  -1.05133  -4.74335  -107.822  3.52763  1.5309  3.78478  -3.18713  -0.398272  -5.27412  7.99213  2.02231  3.40194  0.0152997  -0.16748  1.78329  15.0501  5.98517  0.327265  0.895795  4.43986  -9.97797  4.27479  -10.4138  3.07423  2.44884  -1.3117  13.9473  
1.41098  -22.0571  14.2265  -1.79134  -4.00386  -27.0035  3.64547  3.10692  1.17767  0.622626  -0.697988  -1.26626  3.7215  2.04471  5.64713  -0.0339497  -0.599832  1.87849  13.5877  7.8436  0.333791  -1.28266  0.991797  -4.18051  -6.0959  -4.5313  11.2429  1.75877  -2.95301  16.2113  
1.13781  -15.4103  17.6411  -0.634118  -0.0214541  27.1449  0.436878  3.75374  -1.79606  2.2746  -0.368783  4.07684  -4.902  1.03621  5.26393  0.340299  -0.422195  1.24315  3.18518  5.98537  0.27715  -3.00323  -0.765163  4.35151  -13.9224  -4.8327  17.7894  1.28805  -0.78424  10.5215  
0.660782  2.09169  10.0564  1.03783  5.54109  13.2588  -3.11063  3.80874  -2.5446  2.01291  -0.319979  7.66741  -8.28005  -0.815603  0.831424  0.729742  0.944932  -0.260908  -8.70101  1.89971  0.345868  -3.14587  -0.332861  11.2407  -10.8953  -15.289  20.3032  0.699571  -0.643804  1.851  
0.0855306  22.3892  -1.43627  1.38321  8.46741  -34.9055  -3.43515  3.17199  -0.888152  1.77598  -0.92363  7.60518  0.028417  -2.46734  -3.04325  0.719618  2.57569  -1.4788  -12.8987  -1.64721  0.704454  -1.92426  0.426858  13.2491  -0.294194  -24.8161  16.5724  -0.199881  -5.34947  -2.11453  
-0.400729  35.3282  -5.94507  0.295105  5.78574  -51.661  0.227093  1.54908  1.16459  2.81255  -1.47801  5.35923  14.9078  -3.10486  -1.89054  0.244561  2.51439  -1.1796  -7.51555  -3.16163  1.08768  -0.420595  -0.138186  10.9357  8.15278  -22.4961  6.63515  -1.05041  -11.1742  0.450009  
-0.693698  35.9583  -0.520336  -0.541866  -0.922127  -6.0363  4.95269  -0.605289  1.37322  4.16833  -1.01708  4.18449  23.1339  -2.99522  2.75225  -0.45647  -0.0992872  0.428382  0.742585  -3.24425  1.10516  0.498152  -1.33254  7.08472  9.21314  -10.6707  -5.42499  -1.36631  -11.9533  3.21668  
-0.882794  26.2001  7.59548  0.0628032  -6.44237  73.3441  6.62235  -2.05063  -0.686546  3.91886  0.479889  5.27097  16.1165  -2.97598  4.63224  -1.15953  -3.72154  1.87075  3.76648  -3.23804  0.794768  0.680886  -1.27326  2.96118  5.0962  -0.362045  -13.6439  -1.21515  -5.77423  -0.90576  
-1.14899  11.3898  9.74054  1.2414  -6.56558  130.68  3.61658  -1.98674  -3.2271  1.786  1.88108  6.30778  -0.998982  -3.24769  -0.158951  -1.75423  -5.68298  2.04584  -0.555609  -3.52179  0.538954  0.43198  0.229737  -2.42459  -0.408886  2.57301  -15.3035  -1.22617  3.05144  -10.7759  
-1.5041  -3.33677  4.46982  0.996929  -1.83638  131.504  -1.73576  -1.04694  -3.64276  -0.0409682  1.97902  4.42373  -14.1109  -3.07383  -8.20063  -1.97464  -4.72545  1.15337  -7.80692  -3.29318  0.416105  0.119083  1.16853  -9.05138  -6.97234  2.23599  -13.1777  -1.79853  8.06469  -17.113  
-1.64702  -14.2065  -2.98904  -1.29204  3.32341  82.0941  -5.32065  -0.606297  -0.655096  0.795126  0.695059  0.0411599  -13.7039  -1.83817  -11.6993  -1.28066  -1.98151  0.058204  -12.1587  -1.79297  -0.0287601  0.125165  0.066482  -13.3012  -14.708  4.17547  -11.6444  -2.45647  6.11502  -12.2404  
-1.18175  -19.2249  -7.31456  -3.97727  5.02634  14.1893  -4.94399  -1.11613  4.44304  3.95605  -0.844218  -3.30353  -3.07269  -0.0695313  -6.76218  0.643538  0.428268  -0.678447  -10.7993  0.514375  -1.10989  0.756012  -1.79947  -10.6778  -19.7409  6.80551  -11.1151  -2.19673  -0.460941  1.24226  
-0.0701065  -19.1175  -7.06154  -4.74233  3.24898  -35.5817  -1.9779  -1.64723  8.61835  6.33939  -1.42811  -3.23701  6.29555  1.04415  1.92829  3.19479  1.35098  -0.880583  -4.47666  2.07664  -2.281  1.90922  -2.05207  -1.43769  -16.5161  4.00714  -7.82522  -0.596297  -5.95859  12.6185  
1.16518  -16.6121  -3.41748  -2.9076  0.93492  -36.9529  0.527192  -1.32415  9.37966  5.15923  -0.89173  -1.35653  6.52237  1.06894  5.4749  4.94635  1.24326  -0.465626  4.07263  1.67087  -2.4498  2.83675  -0.710055  7.85022  -4.58749  -5.44255  0.604593  1.52734  -5.59013  13.6363  
1.79644  -13.1937  1.68017  0.0969702  0.248523  20.4654  1.0236  -0.652221  6.62535  0.808595  -0.143725  -1.21723  -0.604597  0.836616  0.202001  4.75065  1.15704  0.412095  11.3027  -0.276034  -1.14054  2.65409  -0.516284  9.95527  8.84296  -14.1886  10.892  2.72322  0.933011  5.96509  
1.52478  -7.32256  5.45454  2.30825  0.203174  107.936  0.546246  -0.816048  2.51893  -3.54915  -0.112667  -3.69572  -7.51412  1.27668  -8.108  2.7752  1.56758  1.08821  14.0024  -1.90088  0.827567  1.22131  -3.19852  4.22205  15.6466  -12.9061  16.4603  2.27754  8.94868  -1.97792  
0.747899  2.24794  4.76389  2.90703  -1.91666  159.539  0.736252  -1.87722  -0.579017  -5.03371  -0.752652  -5.81803  -8.95851  2.11553  -10.1445  0.342371  2.1137  1.00823  11.2615  -1.63785  2.01942  -0.617603  -6.48047  -2.7146  14.9284  0.148884  13.7452  0.942787  12.4914  -4.14025  
0.159149  11.5897  -0.745469  2.50895  -7.03363  118.532  1.48641  -2.45291  -1.70875  -3.38857  -1.11703  -4.40241  -5.34577  2.13262  -3.06343  -1.26286  2.14588  0.710698  5.69891  0.22465  1.72198  -1.79649  -6.12958  -3.76925  12.7869  16.526  5.34275  0.17464  9.4249  -1.5925  
0.100502  13.0761  -6.77539  2.05765  -12.4284  -4.30867  1.06869  -1.53148  -1.16716  -0.456615  -0.386761  -0.10139  0.113985  0.756819  6.71849  -1.70729  1.37088  1.55954  1.61296  1.89792  0.546069  -1.93143  -0.936792  1.51947  14.2977  23.9996  -2.72424  0.613938  3.30458  1.37048  
0.348207  4.09752  -7.9861  1.8674  -13.6332  -129.847  -1.43552  0.108828  0.391071  1.91111  1.24443  3.08366  5.04211  -1.04587  10.773  -1.39917  -0.00926057  4.10375  1.10472  2.01751  -0.254005  -1.39117  5.48074  7.06251  16.9055  16.5977  -5.93335  1.44205  -0.503188  3.52885  
0.490502  -7.19187  -4.34004  1.486  -8.43576  -181.437  -4.54472  0.875205  2.23171  2.99709  2.72091  2.29688  8.22611  -1.71996  7.73091  -0.726198  -1.39355  6.9979  2.2886  0.966634  0.0536499  -0.656626  8.32351  6.89177  14.0209  -0.0088877  -3.82469  1.34377  -0.209112  7.17964  
0.399083  -8.46278  -1.69613  0.397163  0.764877  -156.577  -5.62147  0.443058  3.09559  2.79835  3.08326  -1.04945  7.98272  -0.836431  3.70193  0.187141  -2.05712  8.09991  2.0557  0.125236  1.15067  0.0977125  6.35134  1.09575  4.48227  -12.8579  0.600584  0.0535315  1.47053  12.7758  
0.269537  3.22564  -4.44968  -1.34698  8.49922  -116.991  -3.5043  0.0523894  1.68329  1.33351  2.2284  -2.99094  2.88808  0.462367  4.23572  1.09902  -1.5429  6.52217  0.0641722  0.0835297  2.13036  0.776078  2.45934  -4.85744  -3.85953  -13.0167  3.21844  -1.26672  1.54284  15.8655  
0.294976  16.6255  -8.84365  -3.01313  10.5257  -110.102  0.450787  0.655194  -1.6425  -1.1606  0.787335  -1.51641  -5.54747  0.736315  8.04513  1.48633  -0.0377683  3.27732  -1.00029  0.115182  2.35507  1.12155  0.109999  -6.1629  -1.44057  -3.92541  1.72065  -1.26676  0.210277  11.5503  
0.432742  17.4042  -6.26465  -3.71848  7.31069  -116.373  3.80943  1.62834  -4.15693  -3.79044  -0.536674  1.32934  -12.1432  -0.230564  9.67392  1.06894  1.6131  -0.0108509  0.492508  -0.526885  1.9173  0.924687  0.102612  -3.36188  11.4613  2.28991  -2.19252  0.0832014  -0.60657  1.37364  
0.508188  3.35104  6.00008  -3.11338  3.55038  -84.8306  5.09084  1.7539  -2.80843  -5.37563  -1.4127  1.96463  -11.723  -1.33338  6.78431  0.297262  2.51987  -2.56121  2.12103  -1.33783  1.38771  0.405294  0.846965  -0.939087  22.7725  -2.42418  -3.7405  1.41025  -0.838939  -6.67911  
0.432227  -13.3824  19.3985  -1.60341  3.7899  -6.95473  4.36905  0.915033  2.2678  -5.41625  -1.79549  -0.557343  -4.21346  -1.38015  2.49849  -0.0312845  2.37004  -4.4448  0.0797378  -1.15267  1.15216  0.0819638  0.791592  -1.81407  19.5807  -13.6283  0.238084  1.38555  -2.29652  -6.34848  
0.249981  -19.1022  21.5042  -0.0243181  7.86316  65.9061  2.41479  0.164445  6.91379  -4.50345  -1.68647  -3.39444  4.7236  -0.217196  0.36826  0.297313  1.5337  -5.66994  -5.26612  0.165475  0.98337  0.235936  -0.140972  -3.99945  1.44102  -19.5595  6.97681  0.12166  -5.10202  -0.0730843  
0.0362894  -11.5676  8.87428  0.974037  10.5623  82.3553  -0.127274  0.215451  6.72394  -3.50919  -1.09786  -3.06228  8.61355  1.33262  -0.457816  0.623252  0.533605  -5.75098  -8.378  1.30625  0.310067  0.69841  -1.15327  -3.03974  -17.928  -13.8462  9.39616  -1.00626  -6.37604  3.82622  
-0.160392  0.245669  -8.87858  1.15631  6.42053  49.5408  -2.70115  0.577872  1.89545  -2.56543  -0.191585  0.847976  5.9898  2.33262  -3.09528  0.22767  -0.428077  -4.29387  -4.53913  1.11094  -1.04396  1.21662  -1.70891  2.57849  -23.551  -1.07561  3.35762  -0.853045  -3.94083  0.634275  
-0.290888  6.85581  -18.2915  0.657135  -4.64686  20.6392  -4.56237  0.383298  -2.46729  -1.07398  0.665536  5.17532  0.958312  2.3645  -7.59786  -0.728858  -1.25893  -1.76583  3.86767  0.148062  -2.44772  1.81716  -1.81998  9.16368  -13.05  9.5013  -7.23186  0.312291  0.0163165  -5.82245  
-0.322757  6.34195  -14.4202  -0.230839  -16.4669  31.5594  -5.09304  -0.413045  -1.63374  1.32085  1.05485  6.38342  -1.46019  1.46253  -10.3985  -1.33947  -1.65924  0.535759  8.96417  0.0547145  -2.91029  2.51157  -1.6062  11.2155  2.19342  12.9839  -13.8559  1.1898  1.09989  -8.15956  
-0.328314  2.76282  -3.67064  -1.01972  -21.6826  65.8327  -4.50044  -1.0439  3.49564  4.06281  0.791399  3.69179  -0.17911  -0.154213  -9.03657  -1.0063  -1.34507  1.32747  5.80337  1.2735  -2.00527  2.81808  -1.12739  6.71178  9.45726  10.8338  -12.1113  0.830412  -1.64082  -3.72176  
-0.467503  0.0742025  4.40009  -1.18363  -17.8916  81.554  -3.77625  -0.931952  7.1432  6.04175  0.170771  -0.521672  1.80851  -2.09417  -5.17085  -0.132008  -0.637657  0.283679  -2.19412  2.14997  -0.296913  1.92431  -0.572232  -1.14098  6.48828  6.67408  -5.74475  -0.485363  -4.34767  3.49817  
-0.795956  -0.559277  6.29291  -0.453771  -8.95816  58.3132  -3.69363  -0.367029  5.00053  6.40829  -0.105123  -3.10225  0.947414  -3.64679  -1.31084  0.354342  -0.469489  -1.5247  -7.42773  0.79074  1.1797  -0.393355  -0.205353  -7.05461  0.711364  3.2676  -1.56323  -1.70163  -3.3612  8.19834  
-1.11214  0.899687  5.6254  0.819926  -0.717007  11.0718  -3.84336  -0.138272  -0.692202  4.85105  0.560904  -2.51236  -3.38742  -4.03457  3.33661  0.00561682  -1.37623  -2.1774  -6.92367  -2.41707  1.79324  -3.15338  0.00145943  -8.10884  -0.687943  2.49902  -1.6506  -2.07889  -0.0480534  8.9169  
-1.09907  4.55411  6.86065  1.83993  3.90523  -32.0003  -3.06273  -0.626454  -3.31421  1.53889  2.03245  0.265342  -8.50327  -3.04102  10.7195  -0.744946  -2.64603  -0.273246  -4.83043  -4.86527  1.63743  -4.75228  0.548694  -5.34035  2.24023  4.7928  -2.05848  -1.73343  1.06021  7.66864  
-0.671974  9.15283  9.97223  1.9732  5.68976  -52.3358  -0.831953  -1.34365  0.909719  -2.63444  3.32785  2.60105  -10.6785  -1.42431  18.408  -1.13102  -2.90948  3.74365  -5.76211  -4.53268  1.10272  -4.30718  1.94948  -1.72656  5.39116  7.37787  1.25896  -1.23635  -1.8009  6.39941  
-0.109771  11.3184  11.1906  1.22523  6.33744  -47.129  1.93392  -1.42499  8.33066  -5.80525  3.39525  2.30697  -7.8554  -0.426472  19.6865  -0.81264  -1.58375  7.51862  -7.73096  -2.18523  0.403465  -2.41251  3.9976  0.71744  7.27689  5.54275  7.16278  -0.924886  -5.28466  5.472  
0.232992  8.18277  7.76123  0.155138  6.16918  -28.1971  3.7526  -0.573329  11.2745  -5.97188  2.12728  -0.254921  -1.21368  -0.67334  11.0324  -0.0720191  0.521521  8.56839  -4.18505  -0.277423  -0.38588  -0.532332  5.61201  2.21169  9.71473  -1.67735  10.7869  -0.681518  -5.04737  4.80794  
0.320487  1.08908  0.642692  -0.658508  4.74978  -16.9458  3.97973  0.527526  6.14702  -2.79091  0.527484  -2.02454  5.51211  -1.52068  -2.22112  0.572243  2.18821  6.44386  6.92727  0.0439601  -1.03788  0.344038  5.61275  4.04042  13.1024  -8.1242  9.15698  -0.226927  -0.826741  4.68434  
0.442128  -4.5552  -6.84206  -0.996094  2.75732  -29.1125  3.18979  0.951031  -2.66665  1.55736  -0.281119  -0.19175  8.15124  -1.65467  -10.4491  0.812989  2.97202  3.18653  18.4875  0.0467267  -1.2151  0.380954  3.7245  6.38901  14.0498  -5.97788  4.07983  0.526941  3.52619  4.96106  
0.807056  -3.94221  -11.7281  -1.07198  2.07656  -54.0183  2.24464  0.626405  -7.50365  3.93548  -0.126491  4.11276  4.98244  -0.430118  -9.49135  0.696802  3.14139  1.31403  20.5172  1.28534  -0.840647  0.374387  0.78445  7.22171  9.66208  4.05229  -0.217262  1.40258  4.63174  4.68722  
1.21675  2.51046  -12.7374  -1.31616  3.77401  -56.925  1.43138  0.361875  -5.43997  3.0472  0.202289  5.9861  -2.00691  1.4135  -3.85137  0.470783  2.88145  1.31494  10.8783  3.13705  -0.228469  0.824415  -2.07157  3.86959  2.68632  10.3294  -1.38107  2.06477  3.07053  3.32294  
1.24487  9.29213  -10.216  -2.02798  6.40932  -14.5464  0.627927  0.700781  -0.723026  0.569171  -0.0128737  1.90292  -8.44536  2.45813  -0.058922  0.336727  2.10387  1.26715  -1.88744  3.35217  0.285019  1.56767  -4.24549  -3.71843  -0.667332  1.64373  -0.78296  2.18051  2.22887  1.74056  
0.727785  10.6627  -6.03588  -2.93105  6.80368  51.6094  -0.0147471  1.10069  0.948177  -0.76336  -0.650304  -5.38012  -10.9805  2.00984  0.728905  0.277033  1.07564  -0.856837  -7.05346  1.03872  0.730688  2.173  -5.61196  -11.4438  2.10946  -18.2971  -1.80315  1.58069  4.38201  1.19748  
-0.00290294  5.75712  -3.0687  -3.11294  2.80733  89.5924  -0.0817608  0.646672  -0.984098  0.0176415  -1.06541  -8.57907  -10.0065  0.732447  1.98547  0.102216  0.576932  -4.61422  -2.23694  -1.789  1.35583  2.35577  -5.84545  -13.9237  6.7518  -30.4934  -6.31064  0.44949  8.2798  1.51259  
-0.427598  -1.10059  -3.21156  -1.6869  -4.45923  68.9226  0.404897  -0.612163  -2.12825  1.41586  -1.03174  -3.40066  -8.66816  -0.118977  5.57281  -0.307106  1.08129  -7.0302  5.19584  -2.2016  2.12344  2.01128  -4.42844  -9.54511  7.65224  -18.7781  -12.1486  -0.673151  10.3317  1.06242  
-0.329688  -4.8739  -5.3558  1.18761  -11.0071  11.4159  0.657664  -1.60043  0.59732  1.55002  -1.03488  6.27603  -8.96097  0.0239659  9.00212  -0.810959  1.86475  -5.30312  6.67828  0.393604  2.57989  1.18691  -1.4933  -2.50863  4.93479  10.2662  -14.1995  -1.16738  7.87081  -1.21217  
0.0588922  -4.61801  -6.13346  4.03344  -12.852  -35.622  -0.130135  -1.51577  4.75103  0.330601  -1.60648  12.0745  -9.03139  0.596995  9.10038  -1.1202  1.49512  0.310865  1.11723  3.56694  2.30685  0.275284  1.68273  1.0935  3.33514  28.9649  -8.99632  -0.743426  1.74921  -4.29905  
0.357228  -3.7181  -3.53181  5.16559  -9.07053  -45.3191  -1.78863  -0.743903  5.47841  -0.664732  -2.52874  9.49523  -5.57952  0.603095  5.80885  -1.12363  -0.551741  6.33708  -5.23284  4.39221  1.40014  0.0187349  3.555  -0.637111  4.73638  14.8941  1.03806  0.365411  -4.00099  -6.00083  
0.392827  -5.29254  0.607965  4.14534  -2.49625  -23.4656  -3.11309  -0.230166  1.76159  -0.277249  -2.90752  2.1149  1.07376  -0.334402  1.3265  -1.0074  -2.99416  8.89363  -6.35287  2.18214  0.390122  0.849628  3.83706  -3.7439  4.41587  -22.9147  8.88407  1.54482  -5.47324  -4.99393  
0.256472  -8.05028  2.46129  2.0641  2.58211  14.2992  -2.88076  -0.30225  -2.09077  0.864671  -2.04199  -2.98321  5.70115  -1.59916  -2.62288  -0.939076  -3.66693  6.87741  -2.50764  -1.41609  -0.246307  2.15679  3.74418  -3.1364  -2.58884  -48.1318  9.51471  2.11381  -2.65722  -1.66362  
0.11153  -7.63338  0.536535  0.229792  3.88996  57.018  -0.898351  -0.540046  -1.34983  1.2102  -0.122607  -2.54421  3.68956  -2.15246  -5.27828  -0.708213  -1.53853  2.62414  1.38361  -4.44983  -0.375325  2.55576  4.50082  1.73715  -13.3099  -32.5085  5.02064  1.67212  0.0881505  2.69763  
0.0401242  -2.17682  -2.64584  -1.01845  2.72221  87.1459  1.77199  -0.688663  3.81666  0.184934  1.94235  0.698214  -2.63512  -1.48906  -5.33266  0.105169  2.05355  -0.450165  2.0475  -6.16846  -0.0816029  1.27405  5.84481  6.3178  -18.0593  13.344  1.93977  0.382551  -1.78092  6.80632  
0.0594044  4.52165  -3.22486  -2.17063  2.16963  76.4584  3.57757  -1.08776  8.71254  -1.21887  3.31267  2.47264  -5.29874  -0.163053  -1.59482  1.49623  4.34153  -0.968342  1.03395  -6.66079  0.516689  -0.82412  6.28881  5.86115  -10.779  48.5236  3.5984  -0.9829  -7.94184  9.57087  
0.184409  6.42134  0.477781  -3.39827  3.67268  12.2714  3.54763  -1.8836  9.19908  -1.72842  3.76993  1.80515  0.357091  0.634413  4.21349  2.7294  3.59  -0.407213  1.65832  -5.81668  1.20528  -1.97538  4.84878  0.286187  3.33074  42.7679  6.5786  -1.48117  -12.8093  10.2077  
0.404967  1.96182  7.31113  -4.13925  5.42095  -76.0982  1.98419  -2.24891  5.56535  -1.24752  3.57044  0.923107  9.53944  0.135795  7.29342  2.88693  0.696155  -0.916808  4.22234  -3.2671  1.5876  -1.38233  2.18775  -5.85058  13.1747  6.08024  5.51668  -0.746159  -10.9536  8.77872  
0.628952  -3.57624  14.7306  -3.80775  4.28656  -134.075  0.191853  -1.0829  1.55133  -0.820494  2.96534  1.5351  12.7295  -1.21966  4.07073  1.77749  -1.72331  -2.70965  5.69618  0.712264  1.32665  -0.0797303  -0.00405345  -7.65527  13.3078  -24.0672  0.0389961  0.613716  -2.98701  6.40304  
0.701791  -3.50737  19.775  -2.53991  -0.66838  -129.635  -0.585684  1.32452  0.400165  -1.22992  1.9721  2.7025  6.19453  -2.18469  -3.36024  0.180417  -2.0539  -3.84977  3.84097  4.68678  0.491391  0.309973  -0.612456  -3.92437  8.64437  -21.7412  -4.81946  1.51309  4.55402  4.32319  
0.50932  2.69114  19.1845  -1.02741  -6.73232  -77.4126  -0.227211  2.95036  1.93601  -1.99634  0.611611  2.44209  -3.92523  -2.02095  -8.37304  -0.897077  -1.35639  -2.60493  0.214263  6.78318  -0.504234  -0.491222  -0.0786216  2.36306  7.30211  4.84504  -4.78648  1.41073  5.64673  2.71662  
0.0635905  8.29004  11.352  0.106842  -9.70897  -15.6203  0.226248  2.07449  3.19793  -1.8675  -0.752677  0.538843  -8.6099  -1.36793  -6.37363  -1.13976  -1.93573  0.597168  -1.7515  6.01521  -1.35648  -1.15754  -0.0934524  6.73327  10.7958  27.205  -1.07988  0.763957  0.807673  0.788282  
-0.491351  6.76404  -0.577424  0.383609  -7.6233  31.0555  -0.38016  -0.466464  1.62123  -0.260572  -1.47941  -1.26221  -4.94536  -1.56638  0.19928  -1.01734  -4.37979  3.81132  -0.805234  2.96305  -2.08137  -0.48936  -2.41192  6.37696  13.3542  26.6548  1.77306  0.435997  -3.74632  -1.87481  
-0.932777  -0.0212798  -9.2002  -0.556106  -2.36729  59.6801  -2.07681  -1.86983  -2.28861  1.87656  -1.21904  -1.58074  2.5443  -2.96921  3.9257  -1.047  -6.5054  5.71049  1.19453  -0.645963  -2.64611  0.988125  -7.37981  1.83069  9.83854  8.46794  1.31874  0.721393  -2.67659  -4.40157  
-1.02435  -2.69608  -8.71085  -2.51748  2.02587  71.524  -3.57329  -0.523593  -5.23501  2.76853  -0.374344  -1.11459  7.84913  -4.17971  0.171553  -1.16414  -5.66618  6.3785  2.3756  -3.01501  -2.58713  1.57313  -13.0007  -3.69153  2.31784  -8.8186  -0.960966  1.16144  3.42575  -5.30176  
-0.599953  5.21417  -0.934631  -4.10893  2.62749  62.1931  -3.3834  1.97936  -4.15221  1.55971  0.125982  -1.41905  8.12111  -3.2406  -7.07296  -0.918498  -1.68051  6.17064  3.29531  -3.26712  -1.35189  0.516816  -15.5969  -6.67742  -2.34199  -12.4157  -2.57593  1.27469  9.49095  -3.74878  
0.312805  18.226  5.7023  -3.4346  -0.355285  31.7932  -1.34062  2.69021  0.762252  -0.393409  -0.295158  -2.4671  3.34169  0.270586  -8.42351  -0.171231  2.88511  4.72098  5.28949  -1.81563  0.855365  -0.855316  -12.2657  -6.04904  -0.428047  -3.96381  -3.02104  1.23422  11.3094  -0.158994  
1.39402  22.155  4.27636  0.0432544  -4.01947  -5.69021  1.08527  0.876877  6.08843  -0.38743  -1.24731  -2.38402  -5.33305  4.51803  0.99886  0.599807  5.31785  1.66548  7.24497  0.0675631  2.82308  -0.549198  -3.56995  -3.93444  4.48671  5.06797  -3.31659  1.55535  8.79724  3.95813  
2.12375  8.85077  -3.83982  4.4143  -4.97552  -29.2913  2.15816  -1.19095  8.02334  2.92067  -1.70872  -0.039223  -14.8408  6.90541  14.4201  0.758188  5.08266  -2.1801  5.99865  1.19184  3.25923  1.68465  6.28793  -3.55568  5.67058  3.66469  -3.78603  2.25625  4.77213  6.35254  
2.08787  -13.1689  -10.615  6.71102  -1.79774  -27.3938  1.61639  -1.23176  5.39747  7.38684  -1.10779  3.00161  -19.9074  6.35407  18.2169  0.182859  3.61555  -5.16871  0.481408  1.15304  1.99884  3.7523  12.4376  -5.76025  0.732549  -10.2501  -3.50838  2.6171  1.71656  4.87422  
1.30852  -25.1521  -9.62415  5.63857  3.89041  -6.33082  0.774364  0.293255  0.306218  8.74476  0.0433458  3.95226  -16.6112  4.04242  5.44693  -0.592842  2.43724  -6.34096  -5.9731  0.211479  0.14357  3.39343  12.9796  -7.9044  -5.6812  -27.3637  -1.82654  1.97665  -0.165147  -0.69286  
0.275602  -16.5194  -2.16422  2.58025  8.54122  12.9743  0.810668  1.294  -3.83748  4.65937  0.686885  2.41112  -7.04668  2.10417  -15.1714  -0.888097  1.90732  -5.99445  -8.86234  -1.3003  -1.03523  0.787462  9.89251  -6.50608  -6.79138  -32.575  0.467474  0.572098  -2.49726  -7.12826  
-0.423614  4.1346  4.62071  -0.129061  9.44842  9.81236  1.43747  1.13811  -4.92496  -2.69194  0.356704  1.14615  1.29806  1.68991  -25.9034  -0.473127  1.56659  -4.6909  -7.51952  -3.18909  -1.18212  -1.52061  6.46195  -1.04709  -0.65321  -16.7685  1.79256  -0.656608  -6.8146  -9.32619  
-0.585167  17.8274  4.96675  -1.52827  7.05396  -15.9002  1.77855  1.07828  -3.51828  -8.63888  -0.37011  2.59565  2.15526  2.23786  -17.5669  0.29766  1.06516  -2.49498  -5.4127  -4.98236  -0.808351  -1.54586  4.06325  5.22337  7.71773  13.867  1.32864  -1.11614  -12.5223  -4.99647  
-0.520553  14.1624  -0.567121  -2.35851  4.48517  -35.7899  2.16595  1.57627  -2.25111  -10.6329  -0.58043  5.251  -3.80419  2.40314  0.793297  0.855852  0.414664  0.408357  -5.43707  -5.62834  -0.418639  -0.259461  1.60558  8.29268  11.2742  40.7544  -0.455338  -1.20766  -16.4066  2.17961  
-0.667336  -0.153296  -6.7188  -3.52968  4.5357  -16.0243  3.98191  1.00068  -3.42436  -10.0022  0.0140351  5.00265  -10.3449  1.47168  11.1388  0.891756  -0.251476  2.95519  -6.58415  -4.20672  -0.00465723  -0.386727  -2.17004  6.91234  7.51631  47.579  -2.46257  -1.73266  -14.9215  5.55025  
-1.06866  -11.2408  -8.96799  -4.74954  6.85348  41.6343  7.221  -1.7911  -6.42183  -9.09381  0.888552  0.445814  -12.2938  -0.0703777  5.66935  0.528143  -0.761308  3.91347  -6.11858  -1.16514  0.574797  -2.84446  -6.38332  3.15761  0.196765  33.8615  -3.81285  -2.75707  -7.93536  2.4153  
-1.27968  -12.5205  -6.89765  -4.8879  8.18338  87.9282  9.13253  -4.69707  -7.67055  -7.78294  1.33272  -4.42344  -9.71226  -1.14107  -5.57641  0.123574  -0.874681  3.24799  -3.63784  1.51412  1.07647  -5.13842  -8.27251  0.0496572  -4.31991  14.4475  -4.13913  -3.29314  0.19253  -2.8723  
-0.831033  -7.38756  -2.8921  -3.20622  5.54773  69.6317  6.57302  -4.14375  -3.8212  -4.11579  1.06718  -4.18549  -5.98397  -1.03976  -7.03827  -0.0545379  -0.351893  2.05705  -1.24617  1.92115  1.05127  -3.98532  -5.76526  -0.860011  -2.50385  4.9826  -3.49984  -2.29643  4.39918  -3.76675  
0.22286  -0.91808  1.24515  -0.167539  -0.693659  -11.3478  -0.177699  0.297458  4.61598  2.18612  0.324167  1.60699  -3.11593  -0.00221548  4.20369  -0.011977  0.705158  1.11979  -0.142903  0.151465  0.47116  0.740182  0.255996  -0.0848375  4.25374  7.44037  -2.26217  0.0946534  4.09806  0.882359  
