-1.14165  -1.01689  -0.612965  -10.9278  3.49718  -2.90495  -0.583652  -3.94935  6.39226  -3.64535  -4.05036  -2.84186  -0.79084  -0.729851  -2.17821  -2.37939  -0.845545  -1.70054  -1.78725  -0.514372  -6.03602  -1.02748  -3.65742  -0.702987  -23.0718  -5.53068  0.483779  5.86688  -2.75495  -13.5757  
1.40151  2.6032  7.36162  24.1717  12.4938  2.8187  6.15281  0.740534  5.74737  7.10671  3.18051  -16.1218  2.22088  0.642152  2.86102  1.12605  0.484662  4.49743  1.44184  -15.8138  4.85496  3.11594  5.58747  3.71435  -1.12128  4.02296  6.00272  5.4681  -3.71872  30.1556  
3.2605  6.09471  12.8966  38.4806  19.3295  7.37513  9.81489  2.8348  5.05022  8.97737  8.76147  -24.0141  4.32435  1.82447  6.05776  3.10538  2.54942  7.6617  4.47845  -12.365  12.7467  6.87222  11.7872  7.31708  16.3997  9.07944  7.26848  1.58197  2.27776  65.1325  
4.03821  8.37036  14.5833  29.0654  15.9302  9.7173  9.71605  3.11106  3.90226  2.15511  11.319  -25.7441  5.5299  2.50087  6.77781  2.93851  4.59417  7.55156  6.41764  8.60198  14.5428  9.05426  13.4483  8.85322  27.8514  8.99376  4.15583  -3.6031  12.8425  74.3413  
3.80175  8.17239  12.7831  10.5451  -3.55512  9.39611  7.69581  3.99964  1.77639  -4.98344  10.4382  -23.8775  6.34657  2.47025  5.62149  2.13675  4.98976  6.30693  6.4073  27.4738  9.29874  8.37406  11.4032  7.48684  34.2594  6.73417  0.340689  -4.52419  19.0277  47.5578  
3.00887  5.67989  9.5653  -1.06127  -30.2223  6.96843  6.05708  5.55633  -1.01129  -5.13356  7.10819  -19.7771  6.63594  1.95464  3.60196  3.50305  3.16987  5.64354  4.91203  27.2568  0.814637  4.90917  8.0634  4.08376  36.9015  5.24151  -0.771756  0.587128  16.5535  2.23842  
2.19226  2.70404  7.52349  -3.21224  -44.1379  3.84218  5.44189  5.36334  -2.87028  0.728092  3.26582  -12.061  5.68616  1.44971  1.57478  7.70013  0.493434  5.27672  3.47394  10.8169  -3.70995  0.541662  5.3641  1.08363  35.4456  4.60665  0.870957  7.12786  10.7884  -25.135  
1.6081  0.961173  7.83183  -4.63754  -35.1115  1.53854  4.75624  2.37896  -2.20371  5.5541  0.648756  -0.361585  3.483  1.2077  0.133804  11.1047  -1.11173  4.1233  2.98881  -3.6388  0.680422  -2.44793  3.32654  0.575049  29.2593  2.97716  2.71037  9.47677  9.25164  -16.4992  
1.15394  0.521915  9.02115  -11.6888  -15.9689  0.850519  2.82641  -1.17801  0.561198  4.44386  -0.0286851  11.1593  1.26397  1.02476  -0.451083  8.98403  -1.09084  2.15187  2.77556  -3.08617  11.6807  -3.17492  0.825393  2.40872  21.0221  -0.221987  2.52414  7.1643  11.7047  6.27345  
0.642896  0.200978  8.07904  -18.6516  -9.47673  1.4037  -0.0274615  -2.58479  2.89486  -0.651778  0.909815  16.3667  0.483914  0.64193  -0.35434  1.16342  -0.468515  0.372353  1.72755  6.51043  20.9228  -2.45183  -2.36737  4.26586  14.6958  -2.82948  0.332982  4.28888  11.0018  6.98099  
0.112498  -0.705939  3.60555  -13.496  -21.9789  1.92394  -2.07152  -1.7437  2.88944  -4.04136  2.46222  13.3172  1.41937  0.184793  0.00392173  -7.04367  -0.365847  -0.5882  -0.0243557  7.67463  20.8927  -1.53654  -4.83096  3.67507  9.32321  -2.12471  -2.09428  3.67841  3.32669  -20.371  
-0.208099  -1.66707  -1.9568  8.22202  -34.1974  1.20281  -1.67873  -0.439487  1.45557  -2.79124  3.33581  6.65009  3.13765  -0.00425602  0.422343  -10.4857  -0.776523  -1.11862  -1.23901  -7.93391  11.1698  -0.797569  -5.00261  0.310378  -0.717073  1.85764  -2.9214  3.8191  -5.74689  -43.4879  
-0.253585  -1.8471  -3.85646  35.7205  -21.1495  -0.835974  1.1662  0.239139  0.971207  0.896111  2.70661  2.6814  4.52773  0.0730104  1.00646  -9.20579  -1.11836  -1.72108  -1.2531  -28.4311  -1.60151  0.171868  -2.97687  -3.39974  -17.2564  5.72389  -1.67567  1.84942  -7.6547  -31.0939  
-0.309419  -1.39315  0.221417  50.7553  19.5242  -2.94584  4.60979  0.221475  2.04828  3.07644  1.16504  2.8964  4.98425  -0.0438526  1.76671  -6.47373  -1.43845  -2.13087  -0.843243  -33.0373  -9.70598  1.45778  -0.351506  -4.05998  -29.8998  6.02516  0.359739  -2.10417  -1.85397  8.96852  
-0.697572  -1.2925  6.90597  43.8586  61.4227  -3.67  6.19585  -0.869978  2.99176  2.47237  0.561756  3.62817  4.27128  -0.677547  2.41119  -3.67169  -2.39729  -1.77399  -1.10746  -14.5632  -10.6662  2.17293  1.53618  -0.399196  -22.4331  2.9304  1.16575  -5.11346  3.06733  39.4264  
-1.30014  -2.05676  9.48201  22.9989  72.402  -2.8073  4.81369  -3.30697  2.66801  0.924266  2.17992  2.06385  2.54683  -1.45682  2.65266  0.0454964  -4.0386  -0.806283  -1.98892  11.3775  -8.28225  1.16414  2.6451  4.90652  7.23207  -0.186196  -0.0190813  -5.3283  -0.0453312  37.1036  
-1.56845  -2.92719  4.1535  5.81667  44.0531  -1.588  1.74767  -5.5288  2.26032  0.241712  4.8069  0.356211  0.717261  -1.59665  2.377  3.47377  -5.10084  -0.117185  -2.48285  21.6027  -7.8811  -1.52495  3.44013  7.0792  39.7854  -0.947168  -1.62914  -4.12023  -8.15304  16.007  
-1.11655  -2.71714  -5.82498  2.58934  -0.645215  -1.25934  -0.229563  -5.00025  3.09441  -0.0194399  5.41802  2.13213  -0.0349636  -0.770445  1.40328  2.71736  -4.13432  -0.218725  -2.09036  9.22118  -10.4733  -4.1343  3.68781  3.72703  52.1413  -0.85265  -1.23156  -3.83994  -12.1686  4.57472  
-0.206544  -1.332  -12.7754  7.79038  -27.811  -1.7171  0.824543  -1.69407  3.92123  -1.20586  2.27506  6.29396  0.369358  0.464327  -0.411615  -3.26544  -1.22955  -0.566097  -1.43178  -9.77447  -11.5444  -4.43657  2.6927  -2.29704  39.593  -2.92754  1.66346  -4.55332  -8.06746  9.94883  
0.488694  0.000268784  -11.6934  8.67128  -21.8987  -1.82818  4.15381  0.9861  2.244  -3.18324  -2.96918  7.67633  0.345174  1.18815  -2.3938  -9.0016  1.77141  -0.228773  -1.23687  -14.1901  -5.96054  -1.77031  0.713753  -5.21053  18.9862  -6.8607  4.58357  -4.14444  -0.714217  14.5361  
0.573845  0.38086  -4.80672  1.49017  2.61544  -0.964955  6.70823  0.226788  -1.70085  -4.38881  -6.84294  4.60488  -1.57675  0.977481  -2.929  -8.148  2.91447  0.995741  -1.26918  0.418879  5.99362  2.15947  -0.60376  -2.06651  8.79093  -8.27687  4.45587  -1.49499  3.45651  4.63312  
0.244877  0.66933  1.09367  -3.94707  16.9269  0.268693  5.63175  -2.38429  -4.38002  -4.18276  -7.56599  2.98469  -4.50074  0.171248  -1.04665  -2.28487  1.90507  2.34216  -0.735997  19.0406  17.5028  4.84957  0.17812  4.02935  12.1242  -3.79886  0.964383  1.59183  3.85414  -9.51355  
-0.0721056  2.53341  1.60141  3.00389  5.52436  0.967739  0.787085  -2.96805  -3.25668  -3.70639  -6.39898  8.82112  -5.76458  -0.579606  1.8231  -0.278007  0.217876  2.81738  0.415044  24.3629  20.4369  5.40029  2.45329  6.89623  19.7287  4.35433  -3.0044  2.40609  3.76017  -8.63411  
-0.203766  5.88521  -1.3779  18.5983  -20.2763  1.1167  -5.03445  -0.777657  -0.229591  -3.76394  -5.43593  17.9535  -4.08564  -0.854616  2.76177  -6.89154  -0.479051  2.02697  1.18851  13.278  12.1485  5.11671  3.7439  3.49109  21.7454  10.2899  -4.36425  0.74596  3.73733  7.79886  
-0.241592  8.08782  -2.76438  25.8636  -35.2367  1.36006  -8.40813  0.823513  0.760191  -2.94474  -4.93248  17.9088  -1.39104  -0.601197  0.615643  -15.0634  0.0553594  0.371972  0.699366  -3.74047  -2.38189  5.52069  2.08047  -3.23614  13.1767  10.8159  -2.78734  -0.606753  1.50082  18.8242  
-0.232148  6.55446  -0.330452  13.3252  -25.8204  1.791  -8.00683  -0.639605  -1.22999  0.575897  -3.57191  3.28928  -0.629193  0.00741854  -2.2946  -13.1375  0.463814  -1.32479  -0.713077  -15.2854  -14.6341  6.12276  -1.7902  -7.64106  -6.43927  8.18642  -0.488748  0.910302  -1.78809  7.70905  
-0.0819845  2.01813  3.22589  -10.2818  -2.73347  1.70584  -5.31616  -2.91776  -3.38247  5.32077  -0.911458  -13.766  -2.01601  0.675193  -2.64038  0.785718  -0.610008  -2.31798  -1.8292  -17.7877  -18.804  4.9132  -4.92378  -6.87148  -30.3776  6.06913  0.391249  4.49557  -0.237502  -17.2621  
0.19772  -1.77929  4.13545  -23.1988  11.1438  0.717075  -2.84793  -1.90193  -3.25257  6.57984  1.56496  -14.0819  -2.59192  1.02512  0.00393854  15.0892  -2.76974  -2.34844  -1.87662  -13.6944  -14.8952  1.17077  -4.98739  -2.78344  -41.5997  4.53553  -0.444475  6.7271  8.23187  -31.7618  
0.359585  -2.06162  2.21389  -14.43  4.29009  -0.457451  -1.80129  2.73204  -1.76355  1.79263  2.22913  6.14893  0.192194  0.789748  2.80788  16.8538  -4.01718  -1.79589  -1.22411  -5.93404  -7.03734  -2.99979  -2.43097  0.900466  -24.1416  0.855578  -1.9871  5.38018  15.6285  -21.8092  
0.179566  0.0424759  0.81749  3.52787  -12.4454  -0.767928  -1.3288  6.71146  -1.16267  -5.09524  1.44265  28.0763  5.10714  0.0933336  3.23781  5.80669  -3.06396  -1.36335  -0.755007  3.86434  0.381167  -4.61033  0.190394  2.30038  14.391  -5.57767  -3.35358  1.84497  12.0706  2.79672  
-0.23208  1.2343  2.53569  7.99054  -18.0367  -0.15335  0.0409277  6.0078  -1.32157  -6.75211  1.01335  28.4069  8.09761  -0.543855  1.89596  -6.07136  -1.33682  -1.39191  -0.830987  13.804  5.23547  -3.08508  0.818462  2.17796  38.8512  -11.228  -4.22847  -0.508011  0.257434  19.5099  
-0.495242  0.1215  6.04787  -7.81111  -3.35084  0.410588  2.4699  1.14361  0.127221  -0.638956  1.6736  3.95793  6.47423  -0.613043  1.21461  -7.99038  -1.63788  -1.50036  -1.04295  21.179  7.52394  -0.775285  -0.478224  2.09133  18.5538  -11.9022  -4.33234  0.145847  -4.31843  13.4514  
-0.343671  -1.52018  7.71147  -26.1012  19.8002  0.167648  4.51479  -3.74747  4.11541  7.35659  1.91841  -25.2532  1.51272  -0.0783799  2.09021  -0.815393  -4.34276  -1.05006  -0.843169  23.5968  7.96029  -0.108175  -2.22686  2.71591  -34.8521  -7.26476  -3.26747  2.61534  7.72481  -11.9271  
0.133689  -1.70229  5.6517  -23.2688  31.4348  -0.588244  4.75736  -5.15928  8.19992  8.9201  -0.0312161  -36.8272  -3.02703  0.604726  3.00498  6.02752  -5.77305  0.013089  -0.195296  19.8332  7.04445  -0.872105  -3.3031  3.7584  -71.2573  -0.888088  -1.09383  4.41965  24.0004  -39.1928  
0.607613  -1.00228  1.61087  4.76537  23.979  -1.18463  3.43874  -3.00067  9.11301  2.64445  -3.54298  -26.625  -4.51883  0.934227  2.3401  5.52742  -1.87203  0.981609  0.428941  9.99988  5.15627  -1.0999  -3.61587  4.57698  -53.25  3.39618  1.2719  4.19952  20.7026  -49.2604  
0.772559  -1.41474  -1.05473  38.0461  8.45334  -1.65483  2.14541  -0.0202442  6.43751  -4.40874  -5.6866  -8.35301  -3.3095  0.786828  0.421462  -0.707308  6.28561  1.12784  0.551305  -3.8194  2.98301  -0.075174  -3.4051  4.45036  1.93037  4.36004  2.60212  2.41504  -9.64167  -33.2711  
0.52701  -3.07861  -0.715893  52.1355  0.581833  -2.51355  1.93494  0.914019  2.64586  -4.90066  -4.41696  2.90905  -1.69798  0.423744  -1.23986  -6.16747  12.1247  0.471373  0.105718  -17.1111  1.49344  0.564676  -2.57048  2.86942  43.2905  3.33704  2.34615  0.402954  -45.6872  2.08521  
0.0271922  -3.83532  1.25947  39.4207  3.24666  -3.4991  2.3167  -0.603647  -0.258132  0.49035  -1.066  3.04353  -1.73552  0.154087  -1.84222  -6.83003  9.98961  -0.345043  -0.560859  -24.5558  1.23762  -0.89426  -1.03931  0.286198  45.546  2.42303  1.11667  -0.601755  -56.7886  38.7183  
-0.385018  -2.36615  1.94133  12.0119  4.7727  -3.25216  2.27752  -2.15486  -2.87332  4.50273  0.976152  -2.4171  -3.64224  0.0633012  -1.65666  -4.13178  1.54756  -0.817965  -1.03911  -23.5387  1.81806  -3.61165  0.59548  -1.61484  32.3027  2.74008  0.0510819  0.0273994  -33.9524  58.8451  
-0.423395  -0.453952  -0.605715  -11.4999  -6.5003  -0.85587  1.7827  -1.12929  -6.54888  2.31151  -0.0194906  -6.42544  -5.67768  0.047772  -0.978663  -2.10574  -5.60765  -0.971924  -1.22497  -16.4127  2.33051  -4.81496  1.4531  -1.22103  37.7663  3.55562  -0.381864  1.99657  2.07201  56.0464  
-0.13364  -0.731561  -5.6995  -19.4195  -28.3624  2.517  1.69147  1.98252  -10.1733  -2.84004  -2.34638  -5.08769  -5.37094  0.0172986  0.208731  -3.05589  -5.89419  -1.02114  -1.36964  -9.01483  2.58604  -3.04807  1.33993  1.0372  58.4328  2.77484  -0.814125  3.99097  23.3537  37.3475  
0.114483  -2.81693  -10.4172  -10.1568  -46.258  4.18633  2.29099  3.70642  -10.2915  -4.00519  -3.07304  1.26663  -1.77247  -0.00954241  1.44157  -5.96507  -1.1081  -0.979545  -1.75359  -6.00675  3.46222  -0.0157904  1.02058  2.68584  61.7892  -0.982515  -2.0536  4.38187  21.6646  15.9792  
0.0136627  -3.15794  -11.7912  10.1208  -46.9805  2.56283  2.65557  1.71558  -5.02127  0.819545  -1.31967  8.29561  3.02119  0.0236289  1.55  -8.03259  2.50337  -0.761878  -2.28564  -6.82496  5.65822  1.28837  1.32691  1.72035  36.568  -6.37839  -3.91959  2.54956  11.5249  1.07717  
-0.331182  0.705419  -9.3034  30.1124  -29.3353  -1.07134  1.82419  -1.95899  2.828  6.49494  1.31433  9.69053  5.27199  0.104387  0.00968518  -7.12973  1.31618  -0.481307  -2.50855  -6.1233  8.25614  -0.0682715  2.10281  -1.04788  9.93393  -10.0005  -5.24573  -0.475436  9.97887  -8.08531  
-0.522837  6.82982  -5.51441  37.7618  -2.97619  -3.73479  0.20253  -3.13483  7.74366  7.20485  3.19285  2.79145  3.22825  0.163879  -1.95304  -3.23695  -2.59831  -0.406419  -2.0974  0.707354  9.17398  -2.04105  2.47457  -2.83935  5.8544  -9.30989  -5.08992  -2.89999  17.7216  -19.608  
-0.330124  10.7618  -3.78254  28.7618  20.2962  -3.57143  -0.879145  -0.651726  6.86505  3.4228  4.31292  -7.55778  -0.543306  0.169532  -2.31819  1.76877  -4.86162  -0.580604  -1.29576  11.7532  7.34536  -2.08742  2.13562  -1.99823  4.67234  -4.77306  -3.69922  -3.76185  20.8891  -39.1895  
0.0794625  10.3094  -5.13574  11.3602  32.9309  -1.27063  -0.879236  2.25081  2.8011  0.850981  5.15977  -12.8439  -1.38043  0.164058  -0.512154  5.29877  -3.68496  -0.63015  -0.670861  19.1257  3.91998  -0.0651565  1.77839  0.361697  -31.4748  1.13322  -2.03732  -3.59106  8.13989  -60.4709  
0.375254  7.24595  -7.3557  0.481837  32.3653  1.15452  -0.675073  2.18791  0.417019  3.12722  5.02806  -9.75857  2.51559  0.180255  1.80885  5.39698  -0.853887  -0.116918  -0.397835  16.6827  0.874832  1.69064  2.06462  2.09707  -95.2491  6.15948  -0.519422  -3.56644  -16.8891  -66.2481  
0.41392  4.166  -7.31715  4.01288  19.8777  2.46124  -1.1495  -0.298862  1.17718  7.39961  2.78505  -3.12881  7.85235  0.161705  2.52016  1.90454  1.0295  0.87419  0.00828583  7.12023  -1.25871  1.02256  2.48119  2.50468  -124.717  8.98804  1.31269  -4.14044  -38.8925  -44.2727  
0.275267  1.25099  -4.16608  16.1221  0.389517  2.79023  -1.71981  -2.06339  1.76412  8.04476  -0.861584  0.982082  9.43374  0.00754558  1.27342  -3.0107  1.14521  1.56761  1.03231  -0.48675  -3.49153  -1.69146  1.72775  2.41744  -72.7474  8.65656  3.69605  -4.54841  -44.3206  -3.76507  
0.0666941  -2.87126  0.00270256  23.875  -18.2341  2.65203  -1.02001  -1.60306  -1.30939  3.61801  -3.28824  2.31727  5.44068  -0.276837  -0.240501  -5.82493  0.438379  1.06998  2.29697  -1.29856  -6.12569  -3.97815  -0.629138  2.28969  27.4743  5.18936  5.72753  -3.57733  -31.2733  28.2618  
-0.160295  -7.81548  2.43555  20.2386  -28.3938  2.03268  0.942402  -0.182179  -6.57162  -1.27238  -2.93551  4.54739  -1.11565  -0.511281  -0.161414  -4.45377  -0.026536  -0.689477  2.63904  -1.12914  -7.42708  -3.85592  -3.2944  1.44608  89.8664  0.89538  5.99865  -0.957769  -8.5597  32  
-0.348674  -10.7746  2.28975  9.75574  -27.1367  0.722528  2.16951  0.770217  -8.61802  -1.41431  -1.59953  7.74482  -5.7506  -0.488495  1.64265  -0.957333  -0.327404  -2.5343  1.24084  -9.65854  -5.51264  -1.7654  -4.40521  -0.463532  68.6301  -0.883987  4.07476  1.97329  12.1331  15.269  
-0.454618  -9.64893  0.931002  2.71851  -18.0184  -0.94454  0.826524  1.31379  -4.47487  2.87311  -2.41086  7.11146  -6.3461  -0.220599  3.54967  -0.652455  -1.44825  -2.82596  -1.36736  -27.2797  -1.3608  0.106152  -3.47914  -2.31455  5.49153  0.667478  0.970635  3.15418  23.5065  4.5689  
-0.546392  -5.76423  0.112017  4.50756  -8.07497  -2.23346  -2.2546  1.62002  2.19087  6.10505  -5.48422  0.106886  -3.69322  0.0176441  3.79957  -6.52068  -3.85254  -1.01721  -3.56996  -41.2289  1.25127  0.16215  -1.88042  -2.77029  -23.9236  2.40223  -1.86063  1.75656  24.6137  14.6067  
-0.732771  -2.4345  0.448409  9.01535  -1.70233  -2.80314  -3.88108  0.842992  4.54503  3.83379  -6.88349  -8.17782  0.445854  -0.0444517  2.08417  -13.7865  -6.22222  1.542  -4.0126  -36.8789  -0.326548  -1.09798  -1.23775  -2.18538  3.25426  0.774046  -3.67544  -0.628851  18.8464  30.9911  
-0.914486  -1.21596  1.41705  2.05088  3.09247  -2.9366  -1.68327  -1.21528  0.197231  -2.48791  -2.98988  -10.4837  4.49536  -0.348109  -0.308462  -12.0137  -5.97336  2.63994  -2.7027  -12.8865  -4.09277  -1.90331  -1.67387  -2.0462  40.7217  -3.43896  -4.57171  -1.26329  10.9672  26.8712  
-0.771427  -0.735272  2.18829  -25.8464  12.0333  -2.89917  3.11805  -2.60071  -5.88104  -7.33687  4.51132  -6.57892  6.99318  -0.527793  -1.73625  4.83029  -1.73091  1.30895  -0.876391  16.0788  -4.9157  -1.25088  -1.80597  -2.4882  38.0699  -5.69297  -4.84148  0.91017  5.07558  -5.41423  
-0.16608  0.672591  2.07033  -65.0844  27.512  -2.39425  6.34597  -1.29132  -6.93207  -7.16903  9.30778  -3.94423  6.9023  -0.31403  -1.62563  29.7724  4.56031  -1.14805  0.134006  32.1099  0.0770098  0.120818  -0.415044  -1.83632  -0.599518  -3.22504  -4.56459  3.91576  3.01587  -43.6672  
0.524612  2.2409  0.53189  -86.4401  44.0012  -0.964076  4.53469  1.59995  -2.1467  -3.61513  6.7418  -8.09991  4.49272  0.125994  -0.699962  45.8918  8.66057  -2.42691  -0.0353237  29.5495  7.84068  0.748173  2.0122  0.670361  -31.494  1.39489  -3.62442  4.75862  3.61761  -57.7324  
0.70638  1.72421  -2.4204  -62.204  51.0476  1.17785  -1.67834  2.62289  2.65337  -0.636155  -1.02345  -15.2074  1.17353  0.334203  0.0238709  40.2059  7.88245  -1.5471  -0.610837  18.0988  11.7666  0.110501  3.52201  2.78299  -30.4665  3.26381  -1.91016  2.76761  4.02205  -39.4911  
0.251248  -1.31354  -5.54252  5.15252  40.8377  3.01334  -7.73348  0.442558  2.31803  0.267101  -6.91892  -16.739  -2.14096  0.0823765  0.169753  15.173  3.6884  0.221233  -0.474544  11.3359  7.8868  -0.964752  2.65198  1.58586  -16.372  0.754008  0.370617  0.440689  2.68804  -8.92668  
-0.290121  -4.22944  -6.56041  75.7384  13.765  3.54917  -8.96882  -2.18838  -1.2477  1.00563  -6.05017  -9.75115  -5.73627  -0.322282  -0.0793579  -13.41  -0.076213  0.797853  0.767947  12.8941  -1.21044  -1.44929  0.0651421  -2.2369  -15.3571  -3.10151  2.34358  0.664466  1.06609  8.15369  
-0.29944  -3.93743  -3.97329  101.514  -21.2417  2.68336  -4.67272  -2.02471  -1.81681  3.47309  -0.355326  -0.32048  -9.38253  -0.348401  -0.483604  -29.7166  -1.21789  -0.516063  2.2964  14.5353  -8.75083  -1.27147  -2.08273  -4.28574  -22.4985  -4.47096  2.79577  3.41421  1.59467  5.36962  
0.19117  -0.467436  0.942392  69.6868  -50.8097  1.17087  1.4393  0.460228  2.77689  6.66846  4.00993  3.97283  -10.7618  0.146962  -0.714761  -29.3357  -0.808118  -2.42219  2.67139  7.63233  -9.83444  -1.02991  -2.48939  -1.64061  -11.8272  -2.50885  1.23613  5.76325  3.94078  -2.00028  
0.554534  2.80237  4.45938  15.2308  -63.4538  -0.153165  4.79377  2.06743  7.34372  7.8699  3.30365  2.18086  -6.97644  0.703299  -0.0697623  -19.2666  -0.980189  -3.05048  1.10716  -5.54414  -5.13749  -0.916034  -2.09878  3.00629  22.6244  0.954085  -1.35136  5.12018  4.76758  2.854  
0.32378  2.64422  3.62465  -13.9493  -56.0517  -1.02418  4.04175  1.39508  5.71293  6.07947  -0.472064  -0.132028  1.63785  0.732831  1.93561  -9.31508  -2.20362  -1.79507  -1.66226  -14.1667  1.0001  -0.402606  -2.71512  4.03711  53.3646  4.08145  -3.11991  1.85218  1.8736  19.1092  
-0.282821  -0.560518  -0.512783  -3.35313  -36.1546  -1.66764  1.54337  0.291365  -1.42004  3.02052  -2.63288  1.82971  10.1316  0.171924  4.37045  -4.33693  -3.19239  0.258805  -3.82968  -12.0098  5.35757  0.807535  -4.40718  -0.232093  51.9658  6.21908  -2.89051  -1.56486  -2.24634  30.3904  
-0.6597  -3.16429  -3.4067  18.8042  -16.7185  -2.25921  0.123653  0.489103  -7.36966  0.717433  -1.20937  7.33514  12.6332  -0.422702  5.02769  -2.92278  -2.97126  1.48218  -3.96374  -4.76511  7.9393  2.02022  -5.23588  -5.22741  22.936  7.07829  -1.00639  -3.47338  -2.4114  24.2895  
-0.500935  -1.9023  -1.6546  17.9974  -5.9253  -2.57688  -0.0538052  0.929032  -7.71393  -0.711403  1.37477  12.4597  7.73115  -0.465543  2.68834  -0.928849  -1.91797  1.14491  -2.19868  -2.15624  10.0205  2.08996  -3.97132  -5.39156  -2.14695  6.096  1.25144  -4.45049  3.01983  6.86536  
-0.0467683  2.8038  2.98241  -7.87898  -1.43527  -2.14203  -0.787809  -0.0873774  -4.95376  -2.40079  1.57819  15.0774  -0.0267606  0.040342  -0.924442  4.25092  -0.813539  -0.147152  -0.0547644  -5.29348  11.5475  0.790697  -2.08213  -0.739922  -0.979444  3.14519  2.76311  -5.89801  9.21569  -4.07443  
0.28218  7.25954  4.92387  -29.8548  4.78711  -0.669021  -2.53373  -1.53115  -3.74149  -4.4912  -1.22166  16.1061  -4.34929  0.529602  -2.51983  11.3809  0.168064  -1.15959  0.932039  -6.1889  11.2941  -0.734397  -1.79265  3.34746  19.3067  -0.830772  3.01399  -7.88505  9.56412  0.593411  
0.329173  8.01776  0.69206  -24.1654  16.3977  1.53804  -3.14708  -0.734919  -4.00088  -5.75354  -4.22336  16.1182  -2.57058  0.504713  -0.958937  15.904  0.946492  -1.10506  0.518745  0.186614  8.88892  -0.926236  -2.44489  2.52911  35.5975  -4.16917  1.93743  -8.89961  3.15346  10.4416  
0.235648  4.93727  -6.94525  1.5721  28.6393  3.50172  -0.784869  2.27733  -1.66894  -5.5071  -4.21495  12.8845  2.78162  0.0514904  1.09401  13.361  0.830359  -0.195584  -0.188579  8.05063  5.48124  0.775698  -0.500401  -1.91349  32.514  -5.12803  -0.0710171  -7.41084  -3.76803  7.71203  
0.173778  0.800553  -11.5032  20.6096  34.1265  3.97162  2.6748  3.8617  4.37136  -4.73979  -0.686344  3.73658  7.10098  -0.296048  0.116069  3.71423  -0.646507  0.64024  0.0561401  8.27919  2.1968  3.41886  5.82562  -5.43152  11.1276  -2.62434  -2.11354  -3.34719  -4.6604  -10.5291  
0.154538  -1.65326  -9.2974  18.9859  30.477  2.27207  2.76492  1.25218  9.36775  -4.7691  3.7276  -9.44986  7.79377  -0.158739  -4.04068  -7.4398  -2.44929  0.558028  1.33343  0.793116  -1.17935  5.09981  12.9996  -5.63841  -17.4774  2.65575  -3.34163  1.92567  0.247355  -26.138  
0.0845163  -2.06306  -2.77681  8.02678  20.9519  -0.896387  -2.37481  -3.46871  8.13728  -5.21767  5.53641  -19.9767  5.39077  0.307207  -7.72319  -12.8312  -2.70176  -0.527713  2.43589  -5.07317  -5.3159  4.22335  15.0386  -3.90689  -38.5325  7.54943  -3.70254  6.53289  4.69107  -19.2566  
-0.0758259  -1.99636  2.66148  5.86304  9.63487  -3.48349  -8.91434  -5.62646  1.60118  -4.35496  3.36031  -21.5782  1.726  0.627445  -7.42762  -9.44856  -1.00726  -1.86209  2.07068  -2.25258  -9.51778  0.762296  10.1427  -2.18256  -37.9921  7.94649  -3.71281  9.04192  3.75083  6.81957  
-0.251249  -2.74352  4.17871  14.9089  -1.41344  -3.43724  -10.6834  -3.68215  -4.21997  -1.42757  -0.797685  -14.7915  -2.23532  0.522468  -3.4092  -0.794058  0.713806  -2.42145  0.207171  5.96382  -11.5121  -3.27229  3.01168  -0.269904  -14.2533  2.61452  -3.46233  8.96872  -0.991041  25.2184  
-0.335264  -3.94192  3.06047  21.9321  -10.7985  -0.594865  -5.68109  -0.832514  -4.98565  1.79815  -3.25739  -5.90101  -6.43672  0.136671  0.988298  6.3152  0.417568  -1.79581  -1.8097  10.7225  -9.442  -5.01023  -0.510544  2.80189  13.2883  -4.6259  -2.38582  6.87881  -3.99295  13.7668  
-0.319356  -4.24058  1.77672  17.2794  -16.9353  2.70051  1.66061  -0.599776  -1.86069  2.39751  -2.1469  -0.297768  -10.4217  -0.19579  2.92134  7.18554  -1.51601  -0.635726  -2.53384  7.27292  -3.88744  -3.21332  -0.0129383  5.93969  16.8594  -7.91615  -0.448186  3.98224  -1.95663  -18.7247  
-0.32707  -2.95262  1.05604  5.96237  -20.3511  3.3883  5.08428  -2.46315  1.21496  -0.864934  0.521299  2.96941  -12.8196  -0.301212  2.27023  1.96706  -2.80083  -0.124786  -1.80629  -2.42831  2.09368  0.222398  -0.258514  6.32871  -11.0232  -5.28056  1.01202  1.29678  3.40738  -40.298  
-0.483564  -0.847459  0.148102  -1.08872  -24.5661  0.566883  2.87101  -2.99821  2.05878  -5.83183  0.732015  8.52595  -12.4934  -0.248364  0.811458  -5.6206  -2.16828  -0.826501  -0.829134  -13.9936  5.08372  1.77021  -4.58521  2.88235  -43.6611  -0.610021  0.497791  -0.979556  7.93154  -31.4562  
-0.731613  0.655968  -1.3085  -2.32922  -31.664  -3.48525  -1.01097  -0.42104  1.11114  -8.23276  -3.1288  17.2262  -9.87037  -0.160185  0.09133  -11.1611  -0.838532  -2.04176  -0.883601  -23.7091  3.80499  -0.198886  -10.3745  -1.89678  -44.7924  0.946336  -1.46648  -3.17736  8.70074  -7.32221  
-0.803022  0.910737  -2.81285  -5.87197  -37.0986  -5.40487  -1.70556  3.63621  -0.36264  -4.94476  -8.03643  23.3945  -6.69355  -0.0644458  0.307365  -11.4325  -0.621515  -2.41277  -1.9901  -27.9638  0.130602  -3.53189  -12.1406  -4.26825  -7.28488  -1.28451  -2.18223  -5.18957  5.15966  1.51921  
-0.46055  0.683113  -3.92752  -17.345  -31.6174  -3.91823  1.49769  6.59966  -1.3686  2.66114  -9.18839  20.5061  -4.33345  0.0478446  0.630077  -5.23626  -1.43393  -1.24981  -2.87273  -23.8375  -2.43396  -4.50527  -8.24139  -3.03957  36.8403  -3.44031  0.57981  -6.10597  -1.2123  -12.5044  
0.202115  1.24724  -4.61012  -31.5584  -10.4525  -0.770911  5.2022  7.7041  -1.29484  8.91054  -5.2134  9.03569  -2.64247  0.10595  0.224012  5.62713  -1.64789  0.731046  -2.2247  -12.3851  -1.80273  -1.88456  -2.86361  -0.363423  48.2597  -2.44785  5.83319  -4.99212  -7.19182  -24.4351  
0.762332  2.88222  -4.56176  -38.4651  19.7195  1.38595  6.1784  7.77654  -0.512914  8.22956  0.0944844  -3.27821  -0.634833  0.00728087  -0.864839  15.931  -0.581494  2.0048  -0.0610164  0.502566  0.782018  1.62318  -1.12519  0.978919  20.7147  0.399019  9.75122  -2.05819  -8.69789  -9.30103  
0.840681  4.31481  -3.15501  -34.8269  43.8484  1.59285  4.58563  7.38156  -0.675756  1.06666  1.70828  -9.03737  1.99758  -0.216622  -1.55527  19.1736  0.38614  1.59976  2.17556  8.60906  1.9676  2.28695  -3.38973  0.260641  -14.7003  1.83248  9.03026  1.27775  -3.50351  23.3082  
0.473679  3.94117  -0.554441  -26.4986  49.3729  0.920869  2.84478  6.21339  -2.91303  -5.13134  -1.24232  -7.75814  4.27683  -0.367988  -0.611041  12.4089  -0.189579  -0.0149332  2.89085  10.2806  -0.0638609  -0.601881  -5.37374  -1.23406  -21.6005  1.15533  3.86128  3.3458  5.92439  37.0707  
0.0561081  1.51721  1.80797  -20.2639  34.6402  0.708054  2.3527  4.02006  -5.66082  -2.81539  -4.54259  -4.67662  4.88257  -0.293215  1.97507  -0.305022  -1.63487  -1.38336  1.86897  8.00631  -3.37971  -3.96275  -3.3611  -2.14293  6.45162  0.679369  -2.40521  3.35757  13.2872  11.3761  
-0.0877876  -1.4459  2.71043  -16.0731  8.50795  1.11603  2.17011  1.24631  -5.78863  7.12275  -3.37627  -4.70835  3.40512  -0.0925416  4.52909  -10.3027  -1.87751  -1.46511  0.54073  4.53739  -4.06761  -4.27281  1.78111  -2.25553  42.755  1.84486  -6.28446  1.76223  13.5885  -32.7721  
0.00547116  -3.04037  2.89646  -9.20717  -16.6932  1.43778  0.891625  -1.22979  -2.39592  15.0837  2.71761  -8.63411  0.747444  -0.0207725  5.09922  -11.7955  -0.197185  -0.663367  0.587044  1.34723  -0.334621  -1.2252  5.97432  -2.05367  54.8391  2.90246  -6.83596  -0.213607  7.66653  -54.644  
0.0910246  -2.58507  4.61853  2.73969  -32.4393  1.15062  -1.06399  -2.64355  1.87016  12.6112  9.43346  -14.0851  -1.61525  -0.157654  3.37393  -7.3065  1.73989  -0.325894  2.154  0.0818983  5.35441  2.05664  6.36915  -1.80748  33.0803  1.59886  -5.62595  -1.22427  1.12515  -36.8481  
0.0578354  -1.00369  8.81472  16.395  -37.3245  0.22845  -1.82783  -2.73449  4.06901  2.27349  11.9094  -17.733  -2.57826  -0.266699  1.09491  -4.39731  2.01257  -1.17075  3.56384  2.7196  8.32517  2.33294  3.75162  -1.3853  -3.43278  -0.967697  -4.5943  -0.570071  -0.905474  -0.0382921  
-0.000583194  0.163807  13.226  26.8231  -35.7349  -1.21218  -0.598434  -2.04836  4.27512  -4.57461  9.13772  -16.2849  -1.88018  -0.090269  0.299598  -6.61406  0.829562  -2.3263  3.00427  8.92062  5.7689  -0.565905  0.907477  -0.631397  -27.2356  -0.970123  -4.19567  1.26489  2.48307  23.3457  
-0.0171222  -0.0600128  14.1205  32.1185  -33.1371  -2.78576  1.01096  -1.81594  4.22766  -0.194251  4.55916  -8.38662  -0.183629  0.251045  1.21904  -8.97683  0.15219  -2.23127  0.491739  14.8554  -1.00663  -3.74393  -0.509564  0.384392  -26.0101  3.45366  -3.43849  2.72  8.29829  21.9385  
-0.108457  -1.46493  10.2321  32.8057  -31.0991  -3.36148  0.702628  -2.98811  3.83102  10.7518  2.5888  3.27739  1.22908  0.295451  1.93178  -3.97079  1.11157  -0.525263  -2.04389  16.0832  -7.79544  -4.2836  -1.11915  1.37906  -9.34654  9.25675  -1.33622  2.26803  12.2609  9.52446  
-0.425332  -2.84321  4.51667  28.2385  -26.3984  -1.62937  -1.73257  -5.15938  1.06858  16.4077  4.44144  11.9983  0.993827  -0.244333  0.224174  8.60644  2.5375  1.29516  -2.72246  11.1286  -10.5951  -2.05886  -2.23448  1.93154  3.8189  11.2198  1.88715  -0.359762  11.2452  3.80614  
-0.888864  -2.85044  1.21332  16.3413  -15.8666  2.23982  -4.14061  -6.63605  -4.34362  10.4836  6.93919  12.2726  -1.34251  -1.06033  -4.10949  19.6351  2.39249  1.40546  -1.55987  1.99693  -8.11874  0.450263  -3.89631  1.65552  3.84586  7.34918  4.92587  -3.84447  4.93873  9.23545  
-1.1883  -1.26773  1.20242  -1.37386  -2.43526  5.82442  -4.59683  -5.85773  -9.05171  -1.83566  5.52621  4.65551  -4.58429  -1.48055  -8.65373  19.5467  0.266754  -0.222412  -0.219279  -7.33764  -2.40232  0.996874  -4.73898  0.600739  -3.72452  0.773634  6.38053  -6.27875  -3.30693  19.1929  
-1.06933  0.514405  0.985602  -17.5303  5.27294  6.23327  -3.54712  -2.74215  -9.2104  -10.6021  -1.17531  -4.50075  -6.36498  -1.13206  -10.1659  7.81523  -2.11346  -1.64154  -0.131419  -12.2771  2.45636  -0.119848  -3.64776  -0.522339  -7.28694  -3.77132  5.59489  -6.44395  -8.43165  26.0805  
-0.574248  0.707605  -3.09076  -23.55  1.36619  3.00634  -2.73495  1.4294  -4.71829  -11.3895  -9.46307  -9.02285  -5.04685  -0.289765  -7.29109  -7.22999  -2.81858  -1.08981  -1.18911  -9.78969  2.844  -0.775568  -1.24637  -0.779156  -1.04863  -4.65033  2.91642  -4.26735  -7.96522  25.2408  
0.0245631  -0.778506  -10.0717  -18.5326  -9.66445  -1.21115  -2.5069  5.04882  0.614455  -7.86072  -13.4559  -7.68348  -1.59924  0.477368  -1.88061  -16.7285  -1.81403  0.96184  -2.2581  -2.0222  -1.84694  0.31023  0.539659  -0.0187247  10.5808  -4.07156  -0.42427  -0.303607  -4.36502  14.1011  
0.475364  -1.94376  -14.8181  -9.83089  -15.6868  -3.26876  -1.24886  6.9375  2.67498  -5.64564  -10.3192  -3.3903  0.899069  0.87759  2.40222  -18.0887  -0.727333  2.27862  -2.51234  3.16677  -8.31727  2.18285  0.45242  0.777136  18.5205  -4.50555  -2.76452  4.57489  -2.05592  -5.12881  
0.660611  -0.938911  -13.3509  -4.47944  -8.91726  -2.66821  2.08538  6.43745  0.195685  -6.37873  -2.94089  0.625742  0.0939328  1.00478  3.04874  -14.3268  -0.857158  1.28268  -1.9982  -1.043  -11.3257  2.89625  -0.772538  0.426374  14.9701  -5.54213  -2.99417  8.80036  -2.11999  -21.4938  
0.527764  1.48353  -6.96403  -0.517037  5.43507  -1.68625  5.77337  3.57084  -4.77441  -7.73096  2.63598  3.00159  -3.08616  0.965683  0.538031  -9.22622  -1.79131  -1.32358  -1.1211  -11.7536  -7.79395  1.62165  -1.15778  -1.0601  -2.96533  -4.93959  -1.6333  10.0992  -1.892  -21.2591  
0.0663507  2.60638  -0.404938  9.4003  14.1961  -2.38886  6.75281  -0.591699  -8.05573  -7.4869  2.59915  3.96765  -5.24225  0.646125  -2.48783  -4.58521  -1.99384  -3.37614  -0.116288  -17.2092  0.0329452  -0.857195  0.31888  -2.24125  -30.283  -2.07535  -0.628025  6.86959  0.181659  -3.28322  
-0.572205  0.962225  3.25392  25.6538  10.3049  -4.13461  4.15327  -4.10022  -5.64382  -5.71493  -1.5333  4.85725  -4.02402  -0.0414088  -3.50934  -1.02892  -0.567554  -3.37002  0.85511  -9.24602  5.68089  -3.23897  2.44189  -1.68737  -53.8722  0.806589  -1.59743  0.233457  1.58098  14.0014  
-1.01826  -1.81665  4.83909  36.579  1.05423  -4.47206  0.438674  -5.17072  2.63163  -3.73135  -4.90228  7.53786  -0.507594  -0.810971  -1.72135  0.843979  1.77975  -1.62981  1.44943  6.30314  4.05254  -4.59074  2.89763  0.333435  -57.4977  1.3071  -4.05687  -5.8918  -0.494047  8.49312  
-0.926556  -3.06563  6.30108  29.6598  0.90985  -2.19609  -1.36504  -3.42692  11.1139  -2.42295  -4.15499  11.8698  2.12894  -1.1316  1.82792  0.841136  3.29316  0.279095  1.38415  15.007  -3.35598  -4.38833  0.753432  1.88517  -34.7554  -0.125285  -5.74349  -7.56232  -3.89556  -20.0282  
-0.334843  -2.37452  7.38996  7.29202  16.0224  1.1545  -0.958863  -0.362738  12.2514  -1.92726  -0.337975  13.4865  2.08692  -0.749327  4.89717  -0.120278  2.64679  1.04836  0.872221  10.008  -9.25199  -2.63257  -2.42837  1.29059  2.04937  -0.796456  -4.86889  -4.27292  -3.09594  -45.2792  
0.287106  -1.81834  6.08366  -13.607  36.7563  2.99971  -0.534361  1.59503  4.61923  -2.09291  2.77178  6.79219  0.407038  0.00770207  5.15828  -0.724593  0.0512803  0.652146  0.494086  -0.570401  -7.63664  -0.498862  -4.10301  -1.03021  29.0312  0.793021  -1.9322  0.566071  3.25148  -41.2004  
0.439462  -2.98633  1.83477  -19.4644  46.344  2.4014  -1.68132  0.989101  -4.12079  -2.62573  2.7763  -8.26227  -0.815597  0.51961  1.78395  -0.727575  -2.76174  0.131924  0.511237  -4.21906  -0.253783  -0.145315  -3.27026  -2.96067  29.7019  3.03926  0.955272  2.89589  9.15255  -11.903  
0.0466111  -4.83907  -3.19338  -15.3225  36.6194  0.661277  -3.51357  -1.21213  -5.21739  -2.94328  0.874794  -24.3408  -0.972701  0.4218  -3.20021  -1.06986  -3.773  0.386227  0.523359  0.939388  4.91718  -2.76563  -1.17386  -2.90531  10.442  3.23188  2.27507  1.64963  7.90532  11.1516  
-0.513464  -5.12592  -6.2121  -17.4152  14.7434  -0.455028  -4.13969  -2.30204  0.639932  -2.61856  0.0813731  -32.6281  -1.05898  -0.143573  -5.75709  -2.56578  -2.46927  1.16908  0.0247155  5.55429  2.12473  -6.69753  0.36584  -1.36183  -6.42731  0.839337  2.19766  -0.860682  0.236052  4.16467  
-0.805469  -3.26313  -6.32999  -31.6813  -5.21534  -0.429668  -3.17946  -0.648817  3.85489  -1.61095  1.68971  -30.3365  -1.80616  -0.731014  -3.34345  -4.5495  -0.512865  1.38624  -0.768707  2.69952  -5.7548  -8.34866  0.795496  -0.138082  -2.79904  -1.80975  1.60148  -1.88587  -7.10097  -21.5118  
-0.702725  -0.837511  -4.54395  -43.8337  -15.7902  0.0737874  -2.03652  2.20301  -1.67049  -0.126858  3.93409  -19.788  -2.51719  -0.948551  1.95971  -5.03556  -0.245213  0.423929  -0.944223  -2.79085  -10.1319  -5.72028  0.79667  -0.300503  19.792  -2.28562  0.771684  -1.00891  -10.1292  -32.4356  
-0.376527  0.610952  -2.03305  -34.7791  -20.2998  0.3272  -1.97905  3.05302  -9.65092  1.61514  4.24173  -3.81014  -2.01126  -0.68341  4.75948  -2.59267  -2.06031  -1.03929  0.0818774  -1.42785  -5.80556  -0.52232  0.86726  -1.20564  43.58  -0.747577  -0.358066  0.00258682  -11.6264  -12.2755  
-0.0234661  1.38536  0.653693  -3.85559  -25.0289  0.101468  -2.77345  0.982254  -8.50878  3.02118  2.28419  14.5932  -0.147368  -0.122343  1.80969  1.71657  -3.42938  -1.81028  1.70307  7.42009  3.71911  3.81328  0.620362  -1.51715  51.0902  0.514246  -1.10108  -0.358447  -15.3348  18.7927  
0.282603  2.71787  3.04283  27.9236  -30.1767  -0.608545  -3.34734  -1.20861  3.51224  2.79631  0.278106  28.2362  2.06338  0.361225  -3.99934  5.00629  -1.32847  -1.56345  2.56844  13.7721  10.3031  5.84685  -0.295247  -0.793046  36.9102  -0.107636  -0.245904  -1.68399  -18.8438  27.1599  
0.515588  4.72201  4.38665  38.9589  -30.1891  -1.66037  -3.09388  -0.385653  14.4522  -0.0133742  0.182411  29.3584  3.46896  0.449605  -6.15297  5.78515  4.06529  -1.08744  2.01504  9.38106  9.53456  6.75485  -1.18958  0.131679  9.74346  -1.67815  2.10448  -2.19899  -15.6201  3.87878  
0.605023  5.97245  4.39804  29.138  -21.6063  -2.40046  -2.05702  2.76299  12.0031  -4.19532  1.32174  20.9828  3.57229  0.130636  -1.61011  6.0533  8.76536  -1.18116  0.859008  -2.01005  4.09402  7.41844  -0.939593  0.146105  -15.101  -1.83106  3.64719  -0.528145  -3.85791  -25.7351  
0.486822  5.13654  3.85685  16.7034  -7.83722  -1.8413  -0.306264  4.28735  -1.8315  -6.34546  1.32903  18.8888  2.37003  -0.271018  5.21634  8.87918  8.72042  -1.7641  0.486324  -9.51459  -0.673317  6.4185  0.51876  -1.04572  -26.0333  0.534422  1.87574  3.13816  9.23362  -30.8368  
0.200619  2.40354  3.88053  15.2767  4.60919  0.204866  2.05311  1.86324  -12.9155  -3.80017  -0.708308  33.708  0.275024  -0.387614  6.65606  13.6204  4.13513  -2.29567  1.18171  -8.3585  -2.74659  2.1051  1.86353  -2.6508  -22.5015  3.97169  -2.83386  7.05685  13.7162  -8.15324  
-0.129844  -0.794543  4.49226  17.9497  12.2422  2.36248  4.15856  -2.24391  -11.3247  1.97616  -2.87953  51.1867  -1.72315  -0.163927  0.0324257  15.3542  -0.676669  -2.57921  1.69402  -4.19461  -4.33656  -3.94492  1.86375  -3.44676  -15.7026  5.77953  -6.90244  8.94325  7.25739  16.8934  
-0.390824  -3.00362  4.26631  8.24614  15.6642  2.77435  4.4337  -3.92084  -1.81749  5.75885  -2.64039  40.9366  -2.19586  0.108686  -9.14204  10.5097  -1.86467  -2.6059  0.718039  -3.48202  -7.95033  -7.11468  0.83033  -2.77087  -17.321  4.7017  -6.85523  7.29531  -2.27852  18.8066  
-0.522851  -3.53456  1.83656  -16.382  16.1052  1.16941  2.09315  -2.00922  3.50038  3.39924  0.096239  -8.91931  -0.540792  0.123078  -12.7567  2.14376  0.116625  -1.88323  -1.47046  -3.59473  -12.8233  -4.31686  0.101575  -1.0906  -26.0622  2.17315  -2.74527  2.41011  -4.74219  -2.6852  
-0.516076  -2.53915  -2.53478  -36.9258  13.4523  -0.641695  -1.47481  0.847339  0.104401  -3.69585  2.82379  -70.6965  1.90081  -0.125519  -8.29814  -2.4749  1.53508  0.208354  -3.24102  3.29294  -15.594  2.19778  0.241878  0.333795  -27.0009  0.598975  1.89616  -3.72307  1.87076  -25.038  
-0.41254  -0.866425  -7.25064  -32.8313  7.66646  -0.749372  -3.39681  1.86822  -5.03414  -9.26894  3.46385  -99.8742  2.54534  -0.369952  -0.786239  -0.0196366  -0.186594  3.15613  -3.45638  17.3703  -13.5288  6.67496  0.34745  0.540361  -8.66926  0.555511  3.4812  -8.62754  9.35688  -26.1721  
-0.29549  0.300828  -11.0546  -7.46304  -0.443013  0.676016  -1.83936  1.20954  -3.80697  -7.95816  2.74141  -79.0572  -0.0659262  -0.372463  3.1862  4.72459  -3.74932  5.14658  -2.62137  27.3321  -6.77938  5.6846  -0.641505  -0.314303  17.5332  0.110537  1.53056  -10.7356  7.89838  -4.29415  
-0.210526  0.31394  -13.555  11.3267  -10.4217  1.66099  2.00888  0.80331  2.63544  -0.468858  2.91065  -32.6431  -4.48015  -0.145487  2.08592  4.11186  -5.71436  4.8822  -1.95282  22.3264  2.05533  1.53211  -2.39615  -1.26388  21.6452  -2.71298  -1.10109  -9.67174  -2.9332  22.0613  
-0.100068  -0.139327  -13.9723  0.0770862  -21.8304  0.779517  4.7075  1.25707  6.15879  6.9215  4.41963  3.35732  -7.45567  0.104746  -0.406644  -3.73833  -4.2169  3.16991  -1.67893  5.31485  9.69159  -0.634361  -3.36837  -1.58975  -13.7955  -7.10467  -0.802761  -5.73134  -12.6516  30.6412  
0.115622  0.343574  -10.6304  -32.0611  -30.7748  -1.36049  3.62707  1.20843  2.42972  8.04863  4.88907  17.1936  -6.87737  0.191777  -0.672195  -12.9085  -0.484806  1.91869  -0.88943  -9.59218  13.5696  1.38506  -2.53384  -1.31965  -66.0528  -9.65751  3.67776  0.282477  -10.638  13.9943  
0.367293  2.1825  -3.24219  -49.0532  -29.676  -3.11741  -0.454779  -0.310939  -4.05264  2.34443  1.8668  21.6481  -3.63815  0.0789896  1.05622  -16.1508  2.8519  1.71291  0.915565  -12.9917  12.5964  4.62006  -0.593504  -0.72669  -82.5571  -7.61354  9.82539  6.42767  1.45099  -14.3865  
0.437412  4.0129  4.71123  -25.756  -14.9434  -3.65627  -4.06521  -2.14258  -5.83728  -4.94024  -3.95427  27.7942  -0.527077  -0.133405  2.24794  -11.9686  4.15534  1.28606  2.76467  -9.3916  7.64488  4.60949  0.792317  0.0852464  -31.4122  -1.76902  12.9636  9.76423  10.0072  -30.9638  
0.211649  4.05231  7.97074  22.1549  4.83609  -3.22881  -4.6206  -2.34393  -1.1859  -7.71005  -9.10464  30.2129  0.397337  -0.28714  1.76083  -4.57932  3.50788  -0.35261  3.21436  -8.75344  1.45307  0.651152  0.802328  0.697535  58.0489  3.88872  10.1125  8.25853  3.78528  -22.1024  
-0.121331  2.08871  5.09985  50.7208  13.7805  -2.0431  -3.14835  -0.710254  4.66542  -4.66818  -10.7907  20.8654  -0.692521  -0.255959  0.726038  1.71684  1.88979  -2.21478  2.13284  -12.409  -2.73015  -3.40475  0.150452  0.0822804  112.25  5.26232  2.99612  2.98335  -12.9227  3.42074  
-0.254262  -0.35958  0.803362  32.0763  6.05282  0.162415  -2.96404  1.02368  5.90248  -0.213687  -9.28381  5.12555  -2.10771  -0.0796733  0.249532  6.27754  0.372818  -2.58733  0.901535  -12.1693  -3.07797  -3.53643  -0.00790026  -2.1891  82.1345  1.29351  -3.10843  -2.24693  -23.6846  21.7707  
-0.147781  -1.86504  0.700804  -15.545  -4.39799  3.08  -5.48234  1.41903  1.83121  0.160795  -6.60272  -3.78568  -2.2775  -0.00925866  -0.191827  10.3476  -0.168907  -1.51489  0.754084  -3.19458  -0.121326  -0.0623149  0.45026  -4.46628  -3.47219  -5.33028  -4.19034  -4.14949  -17.3128  16.486  
-0.0900178  -2.34882  4.22679  -45.4286  2.44662  5.08955  -8.02703  0.87983  -3.46177  -4.42888  -3.74616  -2.79021  -0.715983  -0.287035  -1.48181  13.5338  0.440117  -0.855437  1.41264  7.3944  4.14522  2.85611  0.636357  -3.85935  -62.7273  -10.2335  -1.20088  -2.84973  0.333661  -5.18787  
-0.276886  -2.38445  5.02906  -29.9725  27.5716  4.45743  -6.57023  0.586589  -5.47918  -9.22993  -0.229093  -1.98455  1.89043  -0.761589  -2.98333  13.3929  1.03964  -1.67946  1.70178  8.31696  7.67009  1.98178  -0.0356402  0.527097  -43.3804  -10.5484  1.44491  -1.18711  13.0743  -19.2465  
-0.479386  -2.08355  -0.692942  12.2054  47.1309  1.29626  -0.551464  0.597019  -2.84164  -8.85642  3.84207  -9.92501  4.07575  -0.864858  -3.01325  8.39214  -0.273618  -2.62899  1.13469  -1.56396  9.02707  -1.36956  -1.04428  5.60952  21.2957  -6.81166  0.881435  -1.29093  11.386  -8.86895  
-0.326548  -1.46327  -8.35699  36.9176  37.1536  -2.18923  5.87302  -0.16484  2.18164  -3.29827  6.5498  -22.4892  4.35683  -0.214917  -1.07388  0.436622  -3.94958  -1.62678  0.381131  -10.9696  7.56507  -3.08216  -1.5347  6.79258  50.3821  -1.93988  -1.51687  -2.48947  0.571283  18.529  
0.12782  -1.30836  -9.77945  20.2039  2.30384  -3.70037  7.80937  -2.05692  5.48155  1.86266  5.99784  -28.9312  2.452  0.753339  1.34051  -5.99492  -7.4351  1.2575  0.21717  -9.00781  3.83592  -1.22504  -1.5725  2.78834  7.17769  1.68041  -2.49205  -2.53061  -6.96571  38.3024  
0.406259  -2.31651  -3.12241  -19.8996  -26.2998  -2.83179  4.40017  -3.69636  4.14481  1.51887  3.00311  -24.1532  -0.0863436  1.09164  2.45181  -7.26486  -6.85166  3.64365  0.565098  2.72314  -0.408104  1.77253  -2.00994  -2.7139  -59.3892  3.92888  -0.989658  -0.294945  -4.62548  31.7987  
0.310474  -3.28801  4.45828  -45.0491  -23.7596  -0.964345  -0.824785  -3.32986  -0.765913  -3.35883  0.840804  -11.1842  -0.858488  0.508964  2.07799  -3.253  -0.916275  3.61981  0.823238  12.5696  -3.64908  2.32304  -3.04011  -4.70119  -70.486  5.80625  1.07381  3.09962  3.70842  2.3323  
0.34228  -1.64191  4.91983  -36.0821  1.99391  0.396359  -3.89547  -0.91251  -4.52909  -6.93764  1.80643  4.17939  1.09408  -0.0261276  1.31143  2.96247  7.01457  1.83349  0.733101  11.9169  -6.1189  0.135304  -3.34161  -1.84308  -8.17164  7.0336  1.56597  5.58645  9.37822  -29.3663  
1.04094  3.32572  -1.86976  -8.01755  20.1384  0.760745  -3.82839  1.70462  -3.01882  -5.1254  4.47472  16.6812  4.22855  0.637236  0.900769  7.76568  11.5515  0.327929  0.478154  3.66987  -9.28911  -1.64405  -1.23943  2.4591  64.1422  5.80115  0.37475  5.71017  7.11777  -42.85  
1.93819  8.5462  -8.79146  9.96476  11.0594  0.395409  -2.19695  2.73403  2.75605  0.341412  5.13472  20.501  5.91281  2.07609  0.615998  9.49956  10.1588  -0.0646536  0.0646949  -2.13522  -12.9231  -0.60722  3.24555  3.75561  72.6983  1.37353  -1.24472  3.3418  -1.42314  -32.3775  
1.65968  9.9765  -9.69333  4.52763  -14.7769  -0.351581  -0.552552  2.12249  7.07655  4.14184  1.99843  11.531  4.96809  2.19433  0.0703779  8.83226  5.21428  -0.294411  -0.80407  0.645409  -13.8282  1.87114  7.83928  0.842927  13.6972  -3.88886  -2.53648  -0.436553  -9.91066  -8.46887  
-0.55988  7.12469  -5.119  -13.1716  -31.896  -1.15126  0.694531  1.07935  5.22581  2.7969  -2.56168  -6.71702  2.43924  -0.551625  -0.692286  7.14315  1.15007  -1.22934  -2.02008  8.56947  -9.13361  2.67184  9.70068  -3.46271  -46.351  -6.2675  -3.57487  -3.68552  -12.3801  11.4271  
-3.6009  3.40386  -0.0642228  -24.0303  -27.8533  -1.49282  1.31843  0.434682  -1.43167  -2.61198  -4.39477  -22.6684  0.0221883  -4.91451  -1.7287  5.01777  0.177542  -2.20757  -2.66186  13.478  -0.889653  1.19715  7.79063  -5.23669  -46.2089  -4.41702  -4.24533  -4.94051  -7.89034  15.1913  
-5.16175  1.48201  1.99369  -21.0502  -11.5708  -0.922466  0.650409  0.0857833  -6.72693  -7.86966  -1.98315  -25.7124  -1.68462  -7.5023  -3.45329  2.40159  1.09431  -1.94657  -1.85687  12.0571  4.63034  0.168778  3.61877  -2.91688  5.45531  -0.520611  -3.86153  -4.77251  -1.57803  3.86886  
-3.95082  -0.0623187  1.89501  -12.0933  2.13739  0.360273  -1.40537  -0.146565  -6.0578  -8.93782  1.93336  -15.7024  -3.12028  -6.0295  -5.77281  -0.379703  1.64976  -0.381887  0.0156985  9.46288  3.27881  1.84491  -0.222417  1.61643  44.6306  2.42811  -2.06233  -5.55446  -0.189862  -9.98189  
-1.00847  -4.07128  2.58698  -7.58425  8.93786  1.40572  -3.44281  0.0934187  -0.827955  -4.59269  3.25956  -1.82145  -4.49218  -1.69454  -7.36567  -2.4204  1.10591  1.10458  1.47055  12.3869  -2.46216  4.7025  -2.22545  4.94966  24.652  3.55726  0.458081  -8.54025  -5.19625  -13.2393  
1.34343  -9.71406  5.43808  -9.58984  14.1364  1.23786  -3.56807  1.10614  3.42766  2.50985  0.717063  7.1124  -5.20264  2.03105  -6.69448  -3.23898  0.339043  1.2767  1.49729  18.7756  -6.88478  5.07572  -2.96869  5.1551  -34.092  3.57924  2.45937  -11.4189  -10.9582  -3.66501  
1.73495  -12.2186  8.77922  -13.8222  21.8083  -0.258721  -1.53858  2.27467  2.81491  7.46372  -3.18107  10.6251  -4.52545  2.81964  -3.79291  -3.46341  0.220112  0.378137  0.674098  17.4248  -7.89299  1.63006  -4.06344  3.11769  -70.4352  2.34358  3.31209  -10.1081  -10.7612  9.31305  
0.736053  -8.39396  9.4796  -18.7127  30.892  -2.15423  0.549736  2.31151  -1.25635  7.57577  -5.22574  15.2296  -2.39734  1.32901  -0.43247  -3.89652  0.644403  -0.302823  0.374215  0.75167  -8.06445  -2.99294  -5.95624  0.936918  -53.1407  -1.34128  3.4693  -3.79329  -4.43127  15.8863  
-0.187572  -1.10016  5.74947  -27.9685  40.3727  -3.17463  0.134086  0.452506  -3.91528  5.61281  -4.86009  27.1073  0.66893  -0.158608  1.78378  -4.05946  1.02986  0.0952651  1.04719  -23.2604  -9.18147  -5.22061  -6.99004  -0.643381  -16.6707  -7.25172  3.85468  2.70105  0.970035  16.9977  
-0.262334  3.32294  -1.144  -43.8181  51.714  -2.67584  -3.26441  -2.6625  -1.75496  7.19782  -4.09383  45.3748  3.91748  -0.28218  2.89348  -2.45313  1.16561  1.24539  1.76103  -36.1204  -8.74536  -4.21796  -5.05968  -2.55805  -20.6325  -12.4991  4.8644  3.18831  -1.27788  21.4873  
0.184157  1.90067  -7.49444  -59.7391  62.5608  -1.12126  -7.41788  -5.31679  3.89222  13.4099  -4.43157  60.1741  6.2746  0.510962  3.602  1.16313  1.24727  2.17454  1.54918  -27.9449  -4.05872  -1.95864  -0.4623  -5.14253  -76.29  -13.8237  5.86283  -2.88831  -9.98306  32.0652  
0.488242  -1.94952  -9.55209  -62.5673  62.5481  0.299731  -9.17911  -5.84877  8.12941  17.4161  -4.83006  57.363  6.28784  1.05629  3.58698  4.48841  1.37008  2.22  0.701163  -8.6366  2.43432  -0.399706  3.42361  -6.49344  -125.601  -10.7247  5.59927  -8.71865  -16.8169  38.183  
0.38339  -2.72076  -5.8944  -43.5038  41.4395  0.650464  -6.93023  -3.70788  6.9582  10.8405  -3.14969  28.8517  3.03516  0.769301  1.72381  4.69023  1.3999  1.41304  0.310075  3.56465  5.15595  0.18949  3.10969  -4.1159  -100.377  -5.34469  3.24534  -6.75916  -14.52  26.5347  
0.0137741  0.742434  1.71332  -7.45695  2.44444  0.0119282  -1.7194  0.241947  0.991441  -6.047  0.851555  -18.9451  -2.69779  -0.12411  -1.98  1.71386  1.26891  0.164837  0.747304  3.32293  2.77993  0.405091  -1.24612  1.77806  -0.288946  0.367223  -0.715335  3.13949  -3.95321  -2.16592  
