-2.34429  -2.71205  -2.37244  -1.10088  -0.987165  -2.65237  -2.46462  -3.5192  -2.14191  -0.84366  -4.25854  -3.01799  -2.10158  1.26413  -1.83909  -2.38121  -2.34583  -2.37975  -86.6741  -4.51686  -3.42407  2.72954  1.79839  -1.93876  -1.93753  10.994  5.24209  9.12995  -1.90722  -0.472402  
1.49629  1.61228  1.3789  2.15409  0.188959  1.01811  2.99118  0.527408  0.943485  -0.013275  4.01404  2.27439  1.25027  3.05464  1.45191  1.48957  3.82557  1.93791  -27.9823  4.37613  0.0882789  1.7156  4.17491  1.22602  3.46046  1.58853  -3.26285  -15.177  2.20376  14.6433  
4.58734  5.17031  4.39466  5.39935  1.32061  4.08928  6.47046  3.9816  4.05951  2.12065  8.50897  5.68711  4.60235  5.03614  4.07764  4.49029  7.50441  5.2038  29.8338  9.87475  3.303  1.14819  6.33349  4.07154  7.40578  -0.272383  -4.37952  -19.4308  5.2162  17.2658  
6.20591  7.1045  5.85866  7.55472  2.72503  5.91435  7.04112  6.21379  6.38618  5.02648  8.30128  6.03958  6.88724  6.80467  5.3561  5.8668  7.86993  6.68531  68.3315  10.7065  5.68332  1.49569  7.74464  6.01034  8.87041  5.06286  1.63657  -2.1837  6.32951  8.12165  
6.05559  6.87203  5.52288  7.30231  4.41466  6.11318  5.389  6.75579  6.85993  6.76101  5.47343  3.84088  6.79903  7.23775  4.97706  5.43848  5.99415  6.29132  68.3099  8.40109  6.6661  2.94143  7.75697  6.49576  7.74903  10.6094  7.65333  19.9983  5.50899  -0.738524  
4.62144  4.85391  4.24218  4.71489  5.34347  4.9329  3.28843  5.62659  5.42495  6.07472  2.7458  1.32741  4.58077  5.21338  3.42856  3.91295  3.60059  4.63781  38.0744  5.86965  6.10215  5.12568  6.1848  5.55379  5.02262  11.009  7.2384  29.7214  3.63241  -0.0309619  
2.90571  2.41301  3.3014  1.45306  4.20152  3.16865  2.13576  3.52519  3.15872  3.73611  1.28937  0.597735  2.23804  0.909652  1.79824  2.45735  1.70231  2.68236  10.0838  4.98427  4.42995  7.22116  3.66317  3.84548  2.24651  7.54577  0.207765  23.1524  1.91208  7.20162  
1.66166  1.00223  3.06259  -0.970108  1.26622  1.63425  1.8018  1.55098  1.10246  1.64407  0.663635  1.40818  1.56618  -3.58821  0.952152  1.77028  0.326923  1.13533  5.09202  5.23984  2.37424  8.44603  1.33096  2.12496  0.617441  4.62187  -8.83356  8.93824  0.988497  10.9272  
0.931349  0.995401  2.68277  -2.56419  -1.25984  0.713375  1.05836  0.50229  -0.524986  0.924236  0.192362  1.56438  2.25946  -5.47413  0.909858  1.62626  -0.796174  0.147727  12.1829  4.74262  0.490023  8.43621  0.0343404  0.734127  0.358227  3.30457  -15.5879  -2.83945  0.628328  6.46559  
0.347147  1.42704  1.38745  -4.21844  -1.45391  0.364199  -0.810802  0.28812  -1.78231  1.12144  -0.180782  -0.252045  2.34919  -3.5479  1.05885  1.36261  -1.60903  -0.475179  9.89053  2.64667  -1.01148  7.14946  -0.229712  -0.325847  0.869435  0.665328  -18.5419  -7.74731  0.314393  -1.38794  
-0.266844  1.02854  -0.344721  -6.01649  -0.00930246  0.383861  -3.04189  0.0882114  -2.26369  1.08  -0.259472  -2.48781  0.479535  0.589294  0.854464  0.669081  -1.81829  -0.843083  -1.92588  0.434735  -2.06898  4.68029  -0.121055  -1.00844  1.40354  -4.84999  -17.6936  -5.62035  -0.097681  -6.0183  
-0.731039  -0.408187  -1.30693  -6.85579  0.43312  0.5474  -4.13513  -0.741562  -1.52719  0.230647  -0.156634  -2.46775  -2.61477  3.87482  0.254112  -0.179997  -1.39338  -0.840148  -4.9593  0.403792  -2.55691  1.33251  -0.239627  -1.11224  1.56818  -9.94993  -13.0054  2.55119  -0.437407  -7.14717  
-0.851619  -1.8164  -1.03933  -5.74982  -1.42584  0.582248  -3.38815  -1.94531  -0.0838384  -1.06877  -0.0727917  0.320794  -4.90039  4.3849  -0.440071  -0.75877  -0.732358  -0.386868  7.36915  2.80162  -2.33668  -2.08534  -0.546452  -0.580096  1.31733  -9.92617  -4.93788  14.1145  -0.692018  -9.01669  
-0.712979  -2.03638  -0.315373  -3.04403  -3.61173  0.234692  -1.46349  -2.6489  0.737297  -2.14431  0.219419  3.43269  -5.03209  2.62201  -0.943029  -0.925292  -0.262267  0.271302  18.5936  4.93892  -1.50063  -4.38357  -0.444443  0.226125  0.79989  -4.64839  4.32689  23.0456  -1.06892  -12.2308  
-0.561401  -1.08962  -0.0763503  0.00344524  -3.03691  -0.507447  0.394377  -2.3443  0.225055  -2.66187  1.09523  4.16817  -3.41148  0.356997  -1.14674  -0.81756  -0.0157974  0.641523  13.474  3.67381  -0.490013  -4.62907  0.571252  0.67931  0.345606  0.791839  11.4026  22.4767  -1.5629  -11.3127  
-0.521239  -0.106037  -0.311634  2.47246  0.613666  -1.31766  1.34578  -1.4282  -0.817297  -2.70399  2.14733  2.42182  -1.46824  -1.18353  -1.07665  -0.627133  0.251103  0.396301  1.97572  -1.19551  0.118692  -2.79543  2.28059  0.358733  0.370286  2.08534  13.7043  10.7487  -1.77572  -2.08961  
-0.535633  -0.0290078  -0.319209  4.23601  4.11387  -1.76471  1.25866  -0.69305  -1.03688  -2.47113  2.11316  0.242557  -0.238337  -1.82302  -0.854659  -0.492483  0.527066  -0.311605  5.25792  -6.41818  0.0266954  0.163751  3.72673  -0.587889  1.01523  0.883291  11.0126  -5.72311  -1.36809  10.6559  
-0.533486  -0.648318  0.180963  5.26837  4.24994  -1.68757  0.545959  -0.469076  -0.22246  -2.05921  0.236355  -0.871448  0.340359  -1.59047  -0.685419  -0.515353  0.316295  -0.947457  22.3809  -8.41398  -0.542559  2.82242  3.91522  -1.49865  1.74464  2.40501  5.20917  -16.704  -0.549328  15.9736  
-0.533041  -1.06416  0.630869  5.11717  1.45789  -1.31411  0.0158401  -0.47686  0.458385  -1.50993  -2.40078  -1.39267  0.867588  -0.360458  -0.694237  -0.688956  -0.816907  -1.01916  23.617  -6.68288  -1.05195  3.97228  2.69196  -1.66017  1.58133  8.06421  -1.01814  -15.7957  0.111237  7.90637  
-0.570502  -0.877842  0.373158  3.42596  -0.959849  -1.0249  0.481047  -0.388468  -0.0179564  -0.924828  -3.56536  -2.46136  1.51364  1.42594  -0.752186  -0.800102  -2.47589  -0.474176  -14.7765  -3.85678  -1.17173  3.17678  0.967286  -0.873381  0.0539187  12.2972  -5.48511  -4.75963  0.333181  -7.58366  
-0.623376  -0.597967  -0.514366  0.7721  -0.926035  -1.0268  1.95591  -0.249839  -1.21198  -0.463866  -2.2694  -4.05413  1.78166  2.36834  -0.592517  -0.569596  -3.46609  0.238773  -76.5509  -2.61616  -1.10445  1.05445  0.00967917  0.321306  -2.11997  8.22007  -7.2664  9.25745  0.379705  -18.0879  
-0.650843  -0.797068  -1.33038  -1.46337  0.152623  -1.23158  3.19251  -0.274448  -1.72456  -0.221702  -0.133099  -4.98953  1.18912  1.20525  -0.174502  -0.00302766  -2.85315  0.507502  -114.251  -3.02251  -1.32255  -1.13693  0.36236  1.06924  -3.46858  -4.03687  -6.78631  20.2573  0.647593  -16.6027  
-0.66698  -1.21749  -1.56541  -2.24346  -0.386258  -1.38054  2.55387  -0.493761  -0.828597  -0.17278  0.239367  -4.33237  -0.0147815  -1.54888  0.151926  0.440137  -0.972009  0.0503289  -94.6414  -3.01545  -1.94936  -2.38358  1.4252  0.958291  -3.09656  -16.3099  -5.29157  27.2714  1.17438  -6.9193  
-0.69729  -1.0387  -1.35537  -1.72225  -2.89027  -1.2269  -0.271886  -0.765081  0.75394  -0.216685  -1.65487  -2.22908  -1.09613  -3.69316  -0.00618679  0.203721  0.811426  -0.810713  -30.4693  -1.00539  -2.45876  -2.71984  2.09135  0.399867  -1.54305  -20.105  -3.96087  31.9949  1.64584  1.8931  
-0.690989  0.00927382  -1.12616  -0.798326  -5.03806  -0.683474  -3.60344  -0.99197  1.74127  -0.241495  -3.31621  0.501745  -1.75937  -3.38561  -0.57583  -0.74837  1.37334  -1.38059  32.6149  2.42972  -2.14134  -2.99643  1.77429  0.155707  -0.246464  -14.4228  -3.0698  33.1722  1.72138  4.53145  
-0.5485  1.1374  -1.00011  -0.060655  -4.85295  0.0909096  -5.21023  -1.13113  1.63128  -0.114675  -1.89213  2.97381  -2.49925  -0.96187  -0.982361  -1.70764  0.734834  -1.18669  56.3752  5.18335  -0.919548  -3.66505  0.865718  0.478107  -0.189117  -5.22127  -1.58547  25.591  1.19778  2.81535  
-0.235941  1.33164  -0.689061  0.654826  -2.87514  0.750332  -4.39515  -1.06515  1.02391  0.344232  2.46367  4.3449  -3.79924  1.63909  -0.732858  -1.7458  -0.243238  -0.419763  36.6176  5.4814  0.435015  -3.87079  0.259305  0.840721  -1.07019  1.83869  2.33136  6.63048  0.0748211  1.84683  
0.147122  0.496543  0.0688008  1.65831  -0.895559  0.977226  -2.46935  -0.733784  0.77728  1.1935  6.36108  3.79608  -5.15265  3.04454  -0.0250659  -0.60509  -0.772951  0.220302  -3.96787  3.17344  0.992694  -2.13649  0.523036  0.578769  -1.74824  6.65887  9.56802  -16.6786  -1.28209  4.71755  
0.431401  -0.478379  1.09768  2.72619  0.436573  0.719863  -1.17728  -0.371748  1.11509  2.07289  6.50476  1.18217  -5.33038  3.58886  0.36012  0.922996  -0.586237  0.173282  -40.63  -0.382878  0.544813  1.83988  1.45578  -0.309132  -1.38452  12.6027  17.8947  -30.5314  -2.1236  10.5749  
0.498651  -0.759376  1.87459  3.25794  1.66963  0.229185  -0.963144  -0.325899  1.5827  2.24139  2.9739  -2.41684  -3.71551  4.2102  -0.131781  1.62246  0.186117  -0.431901  -61.8214  -3.40616  -0.278037  6.2722  2.25204  -1.1288  -0.108188  20.7644  21.9746  -26.5667  -1.90889  16.0296  
0.339461  -0.434024  1.98451  2.95761  2.66745  -0.152328  -0.906953  -0.565966  1.65108  1.21445  -1.00927  -5.01916  -1.08144  4.70026  -1.17597  0.976224  1.10317  -0.877361  -65.7994  -4.89862  -0.741309  8.5563  2.10379  -1.25786  1.2543  27.7021  17.0135  -10.8476  -1.12173  17.4903  
0.0283269  -0.196094  1.42003  2.04362  2.24901  -0.267646  -0.100361  -0.626292  1.16251  -0.530115  -2.40783  -5.14138  1.15123  3.74392  -1.7724  -0.328678  1.38437  -0.525492  -52.8832  -5.12906  -0.751025  7.45975  0.819639  -0.762817  1.86832  28.8181  3.49817  1.50314  -1.08674  13.1698  
-0.312976  -0.414046  0.494938  0.774304  0.368847  -0.213715  1.26172  -0.246866  0.302649  -1.67477  -1.16572  -2.8094  2.31089  0.727267  -1.20277  -1.08981  0.376705  0.58036  -25.2486  -4.84427  -0.793105  4.0961  -0.88134  -0.171702  1.42807  23.105  -11.9552  1.0065  -2.48136  4.35032  
-0.536922  -0.757229  -0.467698  -0.87449  -0.553093  -0.159121  2.16862  0.15594  -0.609468  -1.18346  0.196071  0.508954  2.81634  -2.89853  0.219107  -0.765157  -1.51334  1.75458  8.64435  -3.98433  -1.22536  0.715234  -1.75154  0.197368  0.341785  14.0742  -21.5038  -8.26039  -4.10411  -5.16599  
-0.52946  -0.750429  -1.27817  -2.83199  2.0193  -0.163014  1.88765  -0.0285933  -1.18366  0.606922  -0.63127  2.8748  3.252  -4.65609  1.37267  0.0820466  -2.68655  2.26914  34.4405  -1.64645  -1.78857  -1.05764  -0.951361  0.467094  -0.508222  6.40294  -22.1414  -15.1652  -3.7385  -11.688  
-0.309029  -0.405477  -1.79753  -4.44695  7.12696  -0.187235  0.633832  -0.741406  -0.997361  2.17073  -3.51749  3.16133  3.5417  -3.42149  1.35213  0.47383  -1.79113  1.9284  38.8555  2.27372  -1.8779  -1.03086  1.16723  0.790434  -0.385694  2.36312  -16.8254  -13.706  -0.633295  -14.2315  
-0.0526896  -0.153121  -1.86003  -4.80504  10.3919  -0.210941  -0.682366  -1.21079  0.142776  2.20242  -6.14448  1.78053  3.23816  -0.627087  0.26719  0.0344418  0.581057  1.11494  16.6158  5.72327  -1.21068  -0.0465587  3.20627  0.979629  0.654407  1.25645  -9.90715  -6.85617  3.19453  -14.2658  
0.0440469  -0.278447  -1.39375  -3.69099  8.4478  -0.22623  -1.21513  -0.851666  1.84491  0.836195  -6.18003  0.465098  2.41223  1.19019  -0.92361  -0.74203  2.14982  0.37085  -26.5253  5.73787  -0.127562  0.715107  3.80737  0.765814  1.61749  1.34977  -2.72112  -0.149791  4.67623  -12.9124  
-0.0422016  -0.661334  -0.588616  -2.02529  2.59258  -0.150615  -0.751327  0.0330042  3.11684  -0.640373  -3.2226  0.793121  1.72385  0.897631  -1.31165  -1.12267  1.30833  -0.0432212  -74.3803  1.61713  0.753985  0.380382  2.75578  0.277845  1.30208  1.40182  5.8641  4.98414  2.81532  -9.24174  
-0.147366  -1.0203  0.152763  -1.05078  -2.8526  0.111178  0.271108  0.631646  2.92635  -1.21617  0.971448  2.6543  1.57268  -0.221485  -0.784616  -0.867477  -1.05079  -0.247723  -104.271  -3.49476  1.08622  -0.993772  1.06499  -0.0338593  -0.576893  0.453181  15.5067  10.7079  -0.245631  -2.18432  
-0.127416  -1.2033  0.523564  -0.995072  -5.40299  0.435341  1.17399  0.539717  1.01879  -1.12442  3.93462  4.03538  1.43018  -0.0490731  0.0511952  -0.318801  -2.52719  -0.507654  -98.0459  -5.14244  0.967147  -2.27346  -0.0108421  -0.0278702  -2.99618  -2.55572  22.7087  18.4526  -1.5031  6.20075  
-0.0458207  -1.1258  0.556975  -0.772572  -6.49126  0.42109  1.47112  0.080719  -1.69581  -1.29928  4.35432  2.90726  0.30648  1.94265  0.539683  0.0583827  -1.89693  -0.929328  -56.5072  -1.93715  0.665955  -2.22246  -0.0781855  -0.139249  -4.36549  -7.7759  23.5438  26.756  -0.184975  10.9083  
-0.0998456  -0.659556  0.530792  0.798371  -8.41372  -0.239963  1.05009  -0.205926  -3.63388  -2.06685  2.8878  -0.748568  -2.03384  4.03426  0.467348  0.0759438  -0.311302  -1.34857  -4.30094  2.99209  0.309336  -0.899864  0.240738  -0.801405  -3.82567  -13.3328  17.179  32.3258  1.70432  8.6481  
-0.356018  0.172162  0.643084  3.5403  -10.5067  -1.28319  0.0979341  -0.142145  -3.68072  -2.66605  1.31799  -4.73457  -4.53661  4.04869  0.00768633  -0.173537  0.30332  -1.45837  26.5062  5.13507  -0.118109  0.16387  0.111958  -1.70612  -1.85437  -16.3513  6.30045  31.3527  1.79039  1.86086  
-0.612947  0.9584  0.858107  5.83383  -9.76086  -1.92763  -1.01538  0.0660899  -2.083  -2.16025  0.802355  -6.7171  -5.63316  1.69313  -0.56473  -0.506972  -0.448007  -1.05865  23.4602  2.94084  -0.555363  -0.335514  -0.639666  -1.99724  0.253565  -15.8692  -5.04995  20.7824  -0.0972291  -3.10365  
-0.578219  1.14562  1.05407  6.08954  -5.19013  -1.5637  -1.84236  0.193813  -0.286916  -0.609693  0.854174  -6.11209  -4.67256  -1.10208  -0.992016  -0.739164  -1.18159  -0.246472  4.73489  -1.22173  -0.789914  -1.69526  -1.42506  -1.29986  1.38111  -13.9443  -13.3413  1.37286  -1.92127  -2.3689  
-0.188416  0.66532  1.18894  4.16565  -0.0184318  -0.405784  -1.98168  0.209722  0.258261  0.894052  0.0509707  -4.2184  -2.63154  -2.177  -1.03261  -0.695388  -0.615781  0.58648  -1.1307  -4.00326  -0.661256  -1.65268  -1.54843  -0.306105  1.21981  -12.9108  -16.2958  -19.7514  -1.75874  1.31079  
0.282673  0.133965  1.22224  1.42285  1.64331  0.644236  -1.30084  0.217445  -0.694393  1.34138  -2.21743  -2.60635  -1.29212  -1.36498  -0.613946  -0.300402  0.833603  1.00496  12.5907  -4.22619  -0.286113  1.06432  -0.823957  -0.0629604  0.22554  -11.7645  -13.8028  -31.7323  0.176812  1.63712  
0.457768  0.223332  0.96242  -0.592945  -0.228326  0.832634  -0.0535427  0.301468  -2.11792  0.751697  -4.77406  -1.91476  -1.6203  -0.520387  -0.00827881  0.297432  1.58572  0.854956  22.0218  -3.13253  -0.00413679  4.99304  0.411727  -0.797914  -0.847201  -6.80983  -8.63997  -28.2919  1.88503  -3.94105  
0.203903  0.87228  0.201508  -1.26125  -1.28034  0.243365  1.22866  0.424896  -2.8611  -0.0146391  -5.59752  -1.8082  -2.8254  -1.46288  0.324008  0.760768  0.720582  0.383845  -0.411907  -2.21017  -0.0480383  7.1381  1.66164  -1.74319  -1.44089  3.4598  -4.96008  -13.8353  1.67407  -10.8802  
-0.2555  1.30645  -0.920741  -1.06041  1.96997  -0.3589  2.02998  0.406901  -2.77782  -0.21461  -3.78104  -1.70946  -3.15533  -4.05078  0.19599  0.807992  -1.04359  0.00787025  -50.9105  -1.462  -0.298249  5.89028  2.56251  -2.13347  -1.52113  15.076  -4.63317  -0.0887645  -0.26045  -12.0448  
-0.572178  0.918502  -1.84895  -0.822675  7.56093  -0.336817  2.09422  0.0277012  -2.60592  0.137154  -0.503457  -1.21761  -1.69863  -6.36397  -0.115078  0.422603  -2.14606  -0.0763345  -90.438  0.185812  -0.408028  2.41086  2.85655  -2.01632  -1.45967  21.4263  -5.4384  4.64105  -2.29682  -5.33202  
-0.606638  -0.0651113  -2.07662  -1.14078  9.88662  0.216948  1.51512  -0.732991  -2.76905  0.49185  1.9683  -0.245629  0.662843  -6.60611  -0.300876  -0.197523  -1.65387  -0.0583286  -77.9709  3.34933  -0.180635  -0.75196  2.37496  -1.86618  -1.5284  19.4472  -4.03951  3.04597  -3.17104  3.83627  
-0.516986  -0.891942  -1.66561  -1.97416  5.96288  0.656405  0.671261  -1.56873  -2.60323  0.409493  2.17126  0.981613  2.11685  -4.6879  -0.517888  -0.839564  0.0746312  -0.269371  -9.94085  7.2937  0.210631  -2.14334  1.20613  -1.69204  -1.47558  12.3188  -0.537199  5.15308  -3.02199  7.74866  
-0.531229  -1.1602  -1.15779  -2.65527  -1.17863  0.4723  0.0333594  -2.0241  -1.06777  -0.0548924  0.445228  1.95721  1.74328  -2.04845  -1.16197  -1.3735  1.89007  -0.775446  72.1127  10.2506  0.395837  -2.23658  -0.160226  -1.02401  -0.740814  6.01316  1.39133  16.7506  -2.71721  3.94484  
-0.670378  -1.1604  -0.979588  -2.22059  -5.91053  -0.207529  -0.118536  -1.87088  1.83962  -0.486196  -1.60725  2.28184  0.277785  -0.195624  -2.10887  -1.68318  2.7917  -1.23765  111.697  10.462  0.167615  -2.41195  -1.09419  0.178595  0.782895  3.92105  -0.639419  31.013  -2.5304  -2.71664  
-0.739067  -1.36006  -1.07167  -0.392274  -5.98769  -0.774751  0.141929  -1.29305  4.66802  -0.548106  -2.40738  2.00752  -0.82901  0.478867  -2.52023  -1.61764  2.51733  -1.21072  79.5698  7.29606  -0.364063  -3.4257  -1.32901  1.09536  2.34781  5.03791  -3.98988  32.8814  -1.87429  -5.28289  
-0.575941  -1.75068  -1.17446  1.71078  -4.08152  -0.730164  0.514842  -0.686219  5.7007  -0.328958  -1.36368  1.59429  -0.814225  0.734771  -1.71334  -1.10872  1.52981  -0.577552  -5.83116  1.93863  -0.93178  -4.83243  -1.12624  0.980551  2.90617  6.50638  -3.64603  13.411  -0.345246  -1.58503  
-0.258349  -1.89125  -1.26576  2.08811  -3.65849  -0.138967  0.767378  -0.31234  4.45874  -0.281804  0.929301  1.48881  0.0226911  1.50856  -0.117653  -0.293718  0.538323  0.318011  -93.3268  -3.01114  -1.34625  -5.34093  -0.826162  0.306559  2.11964  6.73249  1.87816  -19.3222  1.41156  4.0648  
-0.00369328  -1.48576  -1.49284  -0.341346  -4.68152  0.465694  0.85232  -0.124703  1.9833  -0.712983  3.1173  1.92778  1.05741  2.93213  0.981507  0.583267  -0.059007  0.968692  -136.685  -5.22282  -1.54089  -3.74124  -0.340233  0.409401  0.711333  6.01707  8.76705  -44.2099  2.25909  5.58482  
0.0952283  -0.746988  -1.71492  -4.47443  -4.12746  0.601093  0.744711  0.125658  -0.22556  -1.30601  3.93756  3.05746  1.91854  4.07905  0.801065  1.38818  -0.397488  1.11289  -125.78  -4.52554  -1.4631  0.0351894  0.705251  1.79349  -0.351922  5.19468  12.3198  -44.315  1.86386  1.26756  
0.159415  -0.119842  -1.43209  -7.79932  -0.0155239  0.276151  0.38719  0.62499  -1.355  -1.33328  3.01267  4.83849  2.34043  3.80639  -0.11408  2.08958  -0.823307  0.852745  -88.6209  -2.92693  -1.03763  4.34258  2.26293  3.19749  -0.785158  4.55351  11.6801  -21.5785  1.04508  -4.73526  
0.320777  0.197568  -0.363116  -8.44765  6.20899  -0.0651212  -0.0817513  1.27938  -1.46862  -0.533952  0.953615  6.54055  1.94642  1.89018  -0.600701  2.51356  -1.37422  0.412646  -64.68  -2.54254  -0.269212  6.75392  3.4519  2.79218  -0.984115  3.90132  9.19752  5.83613  0.704711  -6.84643  
0.503053  0.359276  1.04002  -6.28599  11.21  -0.0189744  -0.214614  1.69383  -0.975672  0.353508  -1.29  6.67187  0.586776  -0.659779  -0.227921  2.28659  -1.68859  -0.118644  -71.9161  -3.68869  0.66513  6.18938  3.14632  0.276976  -1.22057  2.94773  6.38579  20.4677  0.721254  -3.94087  
0.489492  0.558118  1.90317  -2.31871  12.7796  0.362502  0.33852  1.45873  -0.254167  0.224596  -3.11189  3.81761  -1.17775  -2.54074  0.375608  1.23679  -1.44925  -0.755534  -94.9988  -5.1665  1.47565  4.15641  1.11937  -2.60465  -1.21053  1.28323  2.60834  19.442  0.237664  -0.509609  
0.196378  0.723705  1.78855  2.29325  11.0216  0.642445  1.21831  0.591229  0.29287  -1.13533  -4.2488  -1.91433  -2.34425  -3.29324  0.428394  -0.182874  -0.845912  -1.37147  -101.707  -6.07311  1.90431  3.22299  -1.50267  -3.75733  -0.666346  -1.5955  -2.17089  12.1337  -1.06101  -1.75605  
-0.204491  0.580261  1.10753  6.29413  7.43755  0.449213  1.43811  -0.346165  0.217533  -2.67263  -4.40907  -8.64929  -2.39539  -3.23058  -0.103042  -1.14005  -0.428104  -1.64205  -70.9026  -6.5374  1.82033  3.88256  -3.11546  -2.68414  0.0570214  -5.63027  -5.38327  7.25808  -2.3606  -7.74249  
-0.476221  -0.0160928  0.595666  8.16977  3.60388  -0.174292  0.28137  -0.70809  -0.629345  -3.11154  -3.33006  -13.7055  -1.73619  -2.45004  -0.670479  -1.24025  -0.494892  -1.33546  -6.85322  -6.5671  1.2403  3.51988  -3.03379  -0.613757  0.218017  -9.49026  -4.35187  5.12392  -2.5891  -13.0069  
-0.577644  -0.836494  0.503474  6.86389  0.440274  -0.864643  -1.87977  -0.425572  -1.76274  -2.26836  -1.30083  -15.3015  -1.16149  -0.521848  -0.900345  -0.957202  -0.775678  -0.63089  67.7066  -5.13865  0.324497  -0.646115  -1.90697  0.973175  -0.397205  -11.1632  -0.209205  1.90859  -1.64971  -12.2263  
-0.652682  -1.38084  0.449292  3.13346  -2.02059  -1.29029  -3.80868  -0.0602377  -2.33524  -1.09505  0.708061  -13.0891  -0.99847  2.37642  -0.905473  -1.04667  -0.821859  0.00385623  128.641  -1.34508  -0.622349  -7.60053  -0.761379  1.54425  -1.05392  -9.5946  2.34451  -2.52883  -0.523018  -5.80064  
-0.7863  -1.26311  0.0104118  -0.584575  -4.38034  -1.36807  -4.44901  -0.099244  -1.89004  -0.532258  1.74599  -7.85825  -0.970854  4.54624  -0.914281  -1.5841  -0.5951  0.291703  161.267  3.66513  -1.25959  -12.5099  0.166372  1.3715  -0.843449  -5.68864  -0.282977  -4.46637  -0.152174  1.02515  
-0.865726  -0.545657  -0.721278  -2.11509  -6.87617  -1.18694  -3.68267  -0.362644  -0.83499  -0.604099  1.62229  -1.10039  -0.723372  3.8544  -0.925885  -1.84872  -0.456021  0.382043  159.971  6.97902  -1.42406  -11.4678  1.35678  0.79874  0.292611  -1.37382  -6.99208  -2.81848  -0.511322  4.31353  
-0.733264  0.268691  -1.2265  -1.59728  -8.52527  -0.856912  -2.15256  -0.283727  -0.0816558  -0.680456  0.732076  4.86619  -0.250941  0.158878  -0.797986  -1.2606  -0.552788  0.514919  124.547  6.72798  -1.25186  -5.95189  2.95724  0.0474236  1.43754  2.18173  -13.4769  -1.89607  -0.849741  5.45172  
-0.420355  0.635735  -1.1038  -0.93282  -7.76453  -0.507641  -0.558767  0.260649  -0.147025  -0.328818  -0.61105  7.58415  0.16576  -3.9908  -0.50441  -0.18096  -0.564951  0.56563  60.8685  4.10142  -1.03454  -1.66221  4.23179  -0.520014  1.63124  4.8122  -16.2289  -6.03665  -0.629886  8.14253  
-0.149358  0.414275  -0.458975  -1.45744  -4.38401  -0.334201  0.758928  0.73115  -0.667134  0.332438  -2.21881  6.10316  0.326829  -5.59895  -0.126893  0.463608  -0.193097  0.127126  -15.0391  1.91164  -0.935563  -2.47852  4.33649  -0.514911  0.782046  5.96006  -14.2347  -12.9354  -0.0281175  12.4652  
-0.0942345  -0.0605826  0.172776  -2.39615  -0.454146  -0.469137  1.71173  0.626846  -0.819542  0.956126  -3.45307  2.40813  0.234881  -4.13349  0.287811  0.277662  0.328448  -0.898034  -79.0215  1.48431  -0.860493  -6.2374  3.35283  -0.0473164  -0.402532  4.08732  -7.70302  -15.4544  0.412493  13.8173  
-0.202525  -0.34073  0.244478  -2.14832  1.34246  -0.77905  2.2526  0.153153  -0.220465  1.30665  -3.27554  0.15209  0.104287  -1.6893  0.69945  -0.196147  0.485882  -1.96708  -110.672  1.72612  -0.593427  -7.07835  2.14009  0.177547  -1.14619  -1.29324  2.78073  -9.88024  0.389554  8.47724  
-0.285346  -0.293434  -0.362252  -0.506132  0.402416  -0.893946  2.35084  -0.080285  0.678461  1.25124  -1.35156  1.25072  0.23654  -0.412907  0.968939  -0.232234  0.150603  -2.33219  -106.181  1.14667  -0.0175895  -1.97132  1.10537  -0.421479  -1.16547  -7.24565  14.7865  -0.33406  -0.0229055  -1.24005  
-0.243146  -0.17042  -1.15797  0.861615  -1.19342  -0.553082  2.08237  0.0805027  1.11996  0.704399  1.20613  3.86372  0.796084  -0.492503  0.997817  0.160812  -0.333489  -1.77518  -79.6757  -0.125289  0.762445  5.75831  -0.40358  -1.61435  -0.66964  -8.77533  23.3443  6.72886  -0.636973  -9.0357  
-0.147701  -0.284467  -1.39861  0.399922  -0.96387  0.109367  1.61639  0.148473  0.886102  -0.216539  2.78307  4.41679  1.54136  -0.869373  0.967924  0.317297  -0.699474  -0.780991  -50.359  -0.824497  1.44811  9.64503  -3.15363  -2.58987  -0.0356336  -3.78484  24.1451  10.8515  -1.2989  -11.4645  
-0.114151  -0.662001  -0.834112  -1.43754  1.33708  0.700527  1.11098  -0.250906  0.41757  -1.11589  3.03044  1.8907  1.85355  -1.08721  1.25107  -0.157586  -1.04494  0.0267588  -27.5703  -0.438953  1.67149  6.52214  -6.63957  -2.78907  0.375872  3.73675  18.099  17.175  -1.75856  -10.9482  
-0.150494  -1.0042  -0.113359  -2.64698  3.57801  0.995852  0.641801  -0.790042  0.142748  -1.58988  3.14639  -0.882773  1.26834  -1.523  1.90521  -0.865816  -1.4013  0.473736  -8.65868  0.257968  1.22125  -0.68497  -9.05774  -2.28109  0.370693  6.82888  11.2554  27.6725  -1.62421  -11.6435  
-0.166665  -0.983437  -0.195033  -1.85775  3.56271  1.12858  0.180115  -0.896976  -0.0818122  -1.53047  4.15228  -0.464837  -0.0117065  -2.11548  2.39461  -1.13229  -1.4196  0.793191  10.6902  0.394901  0.283833  -6.18609  -8.89647  -1.34769  0.0184413  2.4934  8.63813  36.0281  -0.666952  -13.8709  
-0.103893  -0.587559  -1.18373  0.267794  1.18587  1.3111  -0.385564  -0.66061  -0.640328  -1.03578  5.34202  2.77783  -1.24463  -1.9817  2.02432  -0.840785  -0.947612  1.17299  28.2874  -0.00116458  -0.562709  -6.64822  -6.33654  -0.0708805  -0.420267  -4.9278  8.63521  33.8356  0.809181  -14.2423  
-0.0112505  -0.178019  -1.98447  1.99124  -1.65203  1.44676  -1.10886  -0.823161  -1.4149  -0.133715  5.00375  4.60098  -1.84622  -0.855486  0.683937  -0.495733  -0.655884  1.52641  38.7299  -0.402739  -0.748267  -3.24221  -2.98734  1.42104  -0.72418  -7.76137  5.12603  21.1019  2.01263  -10.4677  
0.0134292  -0.165064  -1.44003  2.3936  -2.96299  1.17352  -1.81997  -1.75952  -1.72543  1.15316  2.54133  1.48138  -1.80891  -0.150983  -0.970099  -0.478594  -1.41456  1.68269  41.3461  -0.776065  -0.221311  0.626716  -0.38761  2.53624  -0.920178  -2.41467  -4.56633  7.38423  2.21395  -4.03736  
-0.0613401  -0.553004  0.225135  2.15035  -2.30892  0.322492  -2.11569  -2.77104  -1.12492  2.407  -0.691899  -5.18986  -1.44249  -1.54623  -2.08229  -0.541429  -2.81217  1.5819  38.7909  -1.71366  0.488331  2.59501  1.08051  2.50489  -1.12475  7.51877  -15.3959  1.61456  1.31706  2.09614  
-0.163605  -0.827951  1.45777  2.36638  -0.825384  -0.771105  -1.63509  -2.66566  -0.0456837  2.81289  -2.90846  -9.96785  -0.857454  -4.53081  -2.31545  -0.197566  -2.97022  1.20968  28.7416  -3.70219  0.798126  2.49184  1.94471  1.22977  -1.264  15.1825  -19.6995  2.48262  -0.0584123  6.74362  
-0.192655  -0.417509  1.04265  3.22879  0.0447724  -1.51741  -0.430879  -1.02278  0.629339  1.88326  -3.74634  -8.56638  0.0175412  -6.26562  -1.99447  0.557749  -0.548851  0.502724  3.05904  -6.40816  0.637687  1.25719  2.72098  -0.382745  -1.13185  16.7831  -15.9272  1.24083  -1.06845  10.2383  
-0.116138  0.652403  -0.517451  3.94545  -0.214988  -1.61364  0.914681  1.2917  0.537531  0.189074  -4.17836  -1.75237  1.0063  -4.49253  -1.68598  1.21115  3.22079  -0.498622  -38.623  -8.54955  0.411194  -0.409349  3.43153  -1.16372  -0.731364  14.068  -10.2707  -7.33924  -1.30141  12.1422  
-0.00428474  1.65435  -1.58666  3.83171  -0.984841  -1.28544  1.57242  2.87324  0.0951496  -0.984759  -4.80247  5.60692  1.54605  -0.235719  -1.73224  1.40584  5.26364  -1.46221  -78.4371  -8.50332  0.418899  -2.35416  3.88615  -0.718882  -0.485587  11.2119  -9.34984  -19.7794  -1.03492  11.2256  
0.0288767  1.81527  -1.19764  3.05701  -1.2094  -0.997092  0.998495  2.97092  -0.251052  -0.940669  -4.89823  9.08185  1.16642  3.02489  -2.10693  1.33857  3.78961  -1.93374  -91.4315  -5.4754  0.490958  -4.38978  4.09804  0.376348  -0.78067  10.148  -12.945  -29.7816  -0.882155  7.86718  
-0.0779022  1.08288  0.0926692  2.1295  -0.34455  -1.00094  -0.639646  2.00955  -0.693245  -0.360394  -3.52001  8.01952  0.00952061  2.95224  -2.50974  1.28497  0.29861  -1.76664  -70.7602  -0.585291  0.295932  -5.69508  4.22757  1.30715  -1.35897  9.10166  -15.272  -35.63  -1.16333  4.73558  
-0.296065  0.139667  1.10438  1.02326  1.18489  -1.19038  -2.44227  1.04625  -1.63856  -0.556233  -1.0692  5.08131  -1.25373  0.53194  -2.5942  0.958463  -2.03711  -1.28321  -36.9365  3.47347  -0.130644  -5.00606  4.19041  1.69982  -1.39499  5.22391  -12.1779  -38.4372  -1.65359  4.04371  
-0.548022  -0.345701  1.32116  -0.969042  2.24664  -1.27653  -3.27646  0.755596  -2.7738  -1.9232  0.797962  2.85618  -1.96018  -1.42016  -2.22596  -0.245889  -1.68075  -0.924544  -17.9269  4.60681  -0.395706  -1.78915  3.62202  1.58466  -0.395127  -1.78522  -4.97745  -34.8368  -1.95413  4.93563  
-0.754651  -0.375706  1.0439  -4.08312  1.85243  -1.00287  -2.56049  0.86963  -2.98395  -3.38788  0.939507  1.4904  -1.90523  -1.51963  -1.65797  -2.251  0.045587  -0.781848  -21.5212  3.4167  -0.285217  2.51861  2.40913  1.02813  0.992222  -8.90562  2.55094  -17.9083  -1.96559  4.48878  
-0.834906  -0.44457  0.644024  -7.19873  -0.0179543  -0.253454  -0.737419  0.581708  -1.44998  -3.57448  0.00286249  -0.712933  -1.31  -0.888187  -1.3602  -3.88454  0.900595  -0.571706  -32.6208  2.61204  -0.0680967  4.89886  1.07849  0.092924  1.41619  -12.4973  8.46568  11.7903  -1.8174  1.02025  
-0.69565  -0.833916  0.200532  -8.28092  -2.19263  0.853674  0.994739  -0.521445  1.29751  -2.35307  -0.365812  -4.6276  -0.592753  -1.14514  -1.49951  -3.80341  0.248115  -0.0898703  -36.7359  3.93524  -0.120178  3.24823  0.339974  -0.902692  0.202894  -11.7268  12.6245  38.8793  -1.42524  -4.39653  
-0.293853  -1.2319  -0.155764  -6.26981  -2.99315  1.86839  1.60166  -1.96486  3.68223  -0.957462  0.561214  -8.74746  -0.0990393  -2.10456  -1.56777  -1.87261  -0.63658  0.442385  -39.3389  6.18849  -0.399353  -1.21557  0.17109  -1.41293  -1.76771  -9.14938  14.4605  43.7982  -0.425033  -9.40649  
0.25596  -1.11505  -0.0902803  -2.29203  -1.46442  2.14388  0.987364  -2.81539  4.4636  -0.552315  1.85  -10.5168  0.109657  -2.0227  -0.714295  0.59005  -0.36773  0.56702  -56.1549  6.73036  -0.518724  -4.6149  -0.344947  -1.11877  -2.74906  -7.82046  13.402  23.0824  1.21265  -12.3941  
0.694412  -0.387729  0.466056  1.10213  1.7619  1.3474  -0.0266662  -2.52747  3.69536  -0.9296  2.20074  -8.77565  0.292616  0.0238676  1.38993  2.04636  0.987963  0.119986  -87.6488  4.51695  -0.329333  -4.20242  -1.95383  -0.287245  -1.84381  -8.07283  11.0282  -3.97652  2.70778  -12.8016  
0.817736  0.435818  0.998663  2.24739  4.79526  -0.0502045  -0.443002  -1.30801  2.39832  -0.838947  1.64603  -4.78751  0.790745  2.75223  4.00343  2.02775  2.19314  -0.520891  -112.116  1.0108  -0.153912  -1.21084  -4.07237  0.434496  0.120241  -7.63044  10.1701  -13.1354  3.00865  -10.5441  
0.679735  0.695649  0.919235  1.75042  5.90251  -0.980231  0.190091  0.228959  1.44064  0.491549  1.54614  -0.659123  1.57532  3.99308  5.71588  1.23102  2.25324  -0.777724  -106.926  -1.81779  -0.289886  0.803457  -5.11166  0.572816  1.44603  -4.85153  10.7681  0.14651  1.92161  -6.13963  
0.53028  0.185577  0.323852  1.51649  4.87068  -0.707414  1.5864  1.49286  0.906637  2.4033  2.85298  2.50669  2.12067  3.02266  5.49414  0.555329  1.26308  -0.456873  -71.5892  -3.48517  -0.463103  0.22386  -4.09236  0.149332  1.31714  -0.964615  8.75341  16.9383  0.416513  -1.26805  
0.513927  -0.666004  -0.117091  2.64115  3.06097  0.393893  3.00215  2.03291  0.404734  3.47084  4.733  4.88792  1.81937  1.01965  3.40289  0.284694  0.0511502  0.0256149  -25.2476  -4.65945  -0.0646507  -1.11956  -1.78081  -0.456602  0.610744  1.6807  1.15034  17.0401  -0.418983  1.91244  
0.490059  -1.16903  -0.0564278  4.38952  1.97597  1.15116  3.61915  1.61819  -0.268122  2.95921  5.24917  6.77024  0.593167  -0.612314  0.491588  0.134057  -0.671509  0.0541717  14.6762  -5.69214  1.0178  -0.86326  0.0334346  -0.8368  0.830509  2.96431  -8.62547  1.68153  -0.46272  2.82301  
0.229916  -0.93124  0.0795692  5.27678  1.69219  0.776037  2.90427  0.536782  -0.827204  1.47412  3.46779  7.81851  -1.00176  -1.58588  -1.9221  -0.199037  -0.762651  -0.529099  44.5897  -6.21275  2.05219  0.623147  0.290913  -0.773012  2.40441  5.17259  -13.0044  -9.25041  -0.354547  3.49315  
-0.234367  -0.154844  -0.266701  4.61677  0.805332  -0.316105  0.901534  -0.35454  -0.798711  0.246746  0.607215  7.59083  -2.25519  -2.0998  -3.00597  -0.687018  -0.506219  -1.19908  67.6106  -5.94848  2.14315  1.08797  -0.555066  -0.291845  4.13842  9.10076  -8.48055  -1.197  -0.416063  6.9968  
-0.563684  0.569262  -0.935773  3.01117  -1.78063  -0.950843  -1.70345  -0.325264  -0.0146205  -0.0629035  -1.0871  6.25462  -2.7806  -1.62917  -2.76461  -1.08126  -0.242306  -1.25269  83.079  -5.10861  1.20124  -0.0669737  -1.39406  0.377713  4.40036  11.4285  0.0111393  19.0757  -0.269419  14.2822  
-0.473668  0.759961  -1.17779  1.45769  -5.0329  -0.438097  -3.89493  0.392427  1.11589  0.189504  -0.613672  4.47302  -2.59668  0.581124  -1.88086  -1.18093  -0.121713  -0.540761  88.0267  -3.88097  0.0491321  -0.665946  -1.69228  0.914674  2.79686  7.88931  4.16228  32.492  0.36782  22.3297  
-0.0843993  0.43513  -0.614357  0.473564  -6.26656  0.709334  -4.86225  0.765069  1.7337  0.233893  0.765785  2.68106  -1.89539  3.77833  -1.17666  -0.967919  -0.091825  0.381208  82.464  -2.17914  -0.472896  1.25437  -1.69033  1.05502  0.467613  -0.809445  0.679674  27.9827  0.978725  25.6672  
0.185371  0.0433826  0.240349  -0.0308119  -3.95043  1.33075  -4.36333  0.156841  1.10139  -0.232718  0.844374  0.840775  -0.950558  5.49135  -0.99171  -0.551071  -0.05115  0.871885  66.5342  -0.184905  -0.368671  4.40459  -1.7268  0.703892  -1.1251  -7.86223  -6.39182  10.3304  0.769424  20.3742  
0.0806697  0.0275271  0.568873  -0.314537  0.0692355  0.811224  -2.71883  -0.901864  -0.707664  -0.759661  -1.24574  -1.14813  -0.102346  3.89312  -0.939088  -0.0259563  -0.0584731  0.889892  35.8259  1.38266  -0.346858  5.51234  -1.72851  -0.0101389  -1.60815  -6.73715  -10.8933  -9.27667  -0.214273  7.39403  
-0.219218  0.398559  0.164196  -0.451344  1.90173  -0.357195  -0.607128  -1.40403  -2.62558  -0.680503  -4.07086  -2.82162  0.414932  0.101716  -0.318552  0.585196  -0.39057  0.917744  -9.63491  2.01927  -0.877942  3.38667  -1.3291  -0.735563  -1.80415  1.52885  -10.3458  -24.0403  -0.949438  -7.51526  
-0.320688  0.72401  -0.42479  -0.314583  -0.283416  -1.14974  1.20549  -1.12958  -3.3518  0.165904  -5.26764  -3.20959  0.715893  -2.65314  1.14733  1.23351  -1.24246  1.26327  -50.2782  2.1314  -1.55364  0.540522  -0.211603  -0.990695  -2.53966  8.58778  -6.49323  -31.9099  -0.570944  -17.4031  
-0.0575086  0.542179  -0.570379  0.231614  -3.78404  -1.03329  2.15892  -0.812431  -2.54442  1.26347  -3.88291  -1.60731  1.14626  -2.36299  2.91024  1.68473  -2.32093  1.64311  -53.1638  2.39372  -1.49739  0.217086  1.62168  -0.446837  -3.63751  6.79785  -1.97636  -31.1905  0.650882  -18.667  
0.339658  -0.167732  -0.188823  0.917214  -3.79361  -0.393188  2.1821  -1.04014  -1.16656  1.91841  -1.32143  1.65032  1.772  -0.189026  3.89288  1.54845  -2.8417  1.57159  -6.53005  2.52731  -0.394905  2.4349  3.5938  0.719647  -4.09252  -3.57414  2.13355  -21.3773  1.68976  -13.164  
0.496461  -0.914326  0.329868  1.04005  1.53714  -0.0453283  1.67699  -1.43497  -0.418431  1.87085  0.0912069  5.03365  2.12367  1.10717  3.28147  0.617449  -2.16203  0.997043  53.6289  1.42906  1.02125  3.8068  4.57858  1.79813  -3.22421  -14.9829  5.98291  -8.15951  1.9187  -6.34646  
0.26234  -1.1402  0.619554  -0.140489  8.87439  -0.427392  1.14477  -1.18765  -0.340463  1.39106  -0.54065  6.80533  1.63758  0.229619  1.22514  -0.774095  -0.523209  0.369267  66.5759  -1.07471  1.64031  1.1333  3.56643  2.04011  -1.41383  -19.4777  9.7157  -1.37084  1.5694  -2.88258  
-0.175989  -0.785143  0.62132  -2.51696  12.8325  -1.24698  0.786808  -0.189879  0.184801  0.853808  -1.84837  6.02922  0.421338  -1.51856  -1.09162  -1.82476  0.99501  0.0345322  6.51039  -3.23362  1.11733  -5.22068  0.709421  1.29857  0.303912  -14.7502  12.9687  -5.77466  1.10597  -3.2185  
-0.498062  -0.346618  0.461567  -4.95746  11.0085  -1.82846  0.535286  0.731758  1.86522  0.370522  -1.74496  3.19115  -0.632882  -1.97997  -2.20717  -1.84637  1.48806  -0.222646  -84.16  -2.8604  0.199079  -11.5022  -2.43969  0.142524  1.21182  -4.74522  14.9434  -15.5687  0.540977  -3.90432  
-0.535446  -0.323269  0.225189  -6.03662  5.61109  -1.74468  0.391564  0.756028  3.74932  -0.145511  0.366893  -0.341626  -0.560186  -0.409028  -1.54826  -0.893461  1.19181  -0.88004  -131.118  0.177733  -0.169179  -13.4413  -4.11619  -0.691294  1.4186  4.2211  14.7836  -20.417  -0.41227  -1.43915  
-0.382445  -0.643951  -0.053024  -5.28666  0.519747  -1.14763  0.49056  -0.00749891  3.99029  -0.65579  3.06511  -2.94361  0.737972  1.91889  -0.0657193  0.240474  1.1821  -1.98611  -100.015  3.50642  0.0781723  -9.23581  -3.88555  -0.928564  1.41337  8.01406  12.2869  -15.5125  -1.70147  3.99063  
-0.261746  -0.779725  -0.253884  -3.52487  -2.38024  -0.534307  0.709251  -0.675566  1.92945  -0.920662  4.44672  -3.37535  2.33449  2.98214  0.464203  0.701625  2.01388  -2.94486  -27.5854  4.70641  0.187385  -0.813586  -2.74617  -0.86246  1.40661  6.88554  8.42607  -3.79786  -2.76878  8.66622  
-0.294278  -0.439112  -0.193039  -2.03251  -3.75324  -0.238129  0.462754  -0.519483  -1.00386  -0.771955  3.87379  -1.41128  2.95454  1.79508  -0.864897  0.328068  2.90495  -3.08605  20.4241  3.83071  -0.281148  7.20458  -1.65677  -0.977158  1.17199  4.21221  4.68569  10.1431  -3.0559  9.24256  
-0.389673  0.0219245  0.154634  -1.39121  -4.67917  -0.170343  -0.755275  0.383593  -2.69651  -0.350243  2.16625  1.58496  1.88809  -0.673243  -2.96262  -0.268246  2.55064  -2.35962  15.7936  2.8891  -0.725182  10.4222  -0.320787  -1.50734  0.445389  2.88326  1.64396  24.3137  -2.47103  6.18378  
-0.357435  0.0244532  0.526222  -1.10477  -5.03507  -0.0371857  -2.58843  1.31527  -2.40682  0.0421422  0.46916  3.10298  -0.574611  -2.19106  -3.57107  -0.368946  0.668353  -1.36274  -12.9435  2.99906  -0.193971  7.6699  2.10242  -2.22998  -0.573998  2.75083  -1.25836  36.0024  -1.33319  2.98852  
-0.117481  -0.473566  0.572508  -0.255366  -4.1125  0.261226  -3.84477  1.58414  -1.15658  0.265425  -0.684845  1.65831  -3.33467  -1.30468  -1.49146  0.111279  -1.5039  -0.678475  -23.0509  2.77403  1.29717  1.83611  5.18909  -2.54545  -1.27039  1.75419  -4.12744  38.225  0.00179019  2.35625  
0.213228  -0.842789  0.227217  1.54253  -2.07604  0.530864  -3.54325  1.07208  -0.259764  0.432347  -1.37724  -1.28655  -5.04508  1.00387  2.06634  0.575942  -2.38173  -0.273824  -6.74674  0.0963357  2.51469  -2.57593  6.77871  -1.89683  -1.09579  -0.529461  -5.59057  24.0911  1.25554  3.67088  
0.431764  -0.502015  -0.212401  3.68984  -0.195511  0.566114  -1.87938  0.23257  0.0269185  0.661147  -1.89632  -2.26848  -4.86632  2.0197  4.51538  0.427394  -1.60361  0.392048  9.05084  -4.85019  2.25398  -3.26354  4.8417  -0.3716  -0.00248401  -1.51806  -4.36332  -3.74751  2.06422  4.38574  
0.423256  0.360243  -0.436205  5.10267  0.274578  0.414265  -0.0564503  -0.366254  0.252635  0.874616  -2.54645  0.416552  -2.96661  0.212861  4.29952  -0.289124  -0.267436  1.63698  5.43085  -9.1145  0.662091  -1.77403  -0.140049  1.10549  1.48858  1.54628  -1.70811  -30.658  2.006  3.18589  
0.225844  0.942758  -0.486686  5.13813  -0.890685  0.27846  0.846967  -0.509869  0.714968  0.891883  -3.50334  4.34171  -0.466183  -2.72288  2.19912  -0.971599  0.33849  2.99529  -1.37305  -9.80906  -0.903001  -1.48219  -5.04881  1.46232  2.66647  7.83383  -0.854076  -39.4835  1.00778  1.10145  
-0.0332203  0.688624  -0.6294  4.04116  -2.89821  0.22224  0.700693  -0.421961  1.09853  0.67807  -4.52327  5.05639  1.35603  -3.41626  0.276371  -1.13258  0.0258385  3.48877  16.5604  -6.88524  -1.27692  -3.9237  -6.67704  0.596434  3.00347  12.8972  -3.43866  -24.0144  -0.337121  -0.332481  
-0.224326  -0.152105  -0.864688  2.32882  -4.6803  0.133444  0.110175  -0.41714  1.07171  0.397843  -4.88785  0.856387  2.00306  -0.538314  -0.220451  -0.866406  -0.336197  2.55621  55.4684  -2.64787  -0.539758  -7.22884  -4.63874  -0.355703  2.27743  12.4945  -7.52666  6.35176  -1.13165  -1.24177  
-0.250717  -0.805965  -0.752405  -0.0391298  -5.5764  0.0217956  -0.334725  -0.516653  0.74052  0.217329  -4.01726  -5.32547  2.01951  3.54552  0.241872  -0.610348  0.00408724  0.734984  75.919  1.01247  0.318205  -8.03396  -1.6653  -0.122083  0.532207  6.0398  -10.2311  34.4266  -0.982512  -3.46562  
-0.0856153  -0.718478  0.0817607  -3.44743  -5.6086  0.14972  -0.487002  -0.453424  0.321884  0.121659  -2.16575  -8.7858  2.25813  5.22089  0.405327  -0.561282  0.782469  -0.729132  48.2915  4.0183  0.533068  -4.88159  -0.870266  1.28985  -1.89435  -3.3458  -11.439  47.6547  -0.368687  -8.40015  
0.169441  0.016238  1.30107  -7.33203  -5.29104  0.664012  -0.501989  -0.0549581  -0.279493  -0.0137381  -0.221049  -7.17816  2.88586  3.30496  -0.356292  -0.487798  1.06694  -1.05297  -5.92398  6.73611  0.21937  0.239275  -2.65689  2.4979  -4.14976  -11.292  -13.2897  43.7874  -0.0869788  -14.9123  
0.292795  0.836393  1.92631  -9.55311  -4.99566  1.16471  -0.547391  0.4539  -1.23123  -0.214823  1.272  -1.93405  3.19566  -0.271577  -1.55165  -0.113968  0.351917  -0.670992  -32.0813  8.2896  0.0319427  3.71332  -4.47765  2.13364  -5.02892  -14.1849  -15.9352  26.9276  -0.421684  -19.2704  
0.103975  1.16479  1.23319  -8.02597  -4.36054  0.936363  -0.665542  0.620269  -2.26384  -0.36767  2.62951  3.66215  2.43871  -2.94812  -2.23037  0.488196  -0.862732  -0.687784  -2.37553  7.2381  0.407827  3.64047  -3.74399  0.21568  -3.74558  -10.5787  -15.7259  1.6958  -0.986431  -17.7113  
-0.328089  0.795518  -0.441142  -3.12501  -2.53853  -0.222394  -0.729161  0.224004  -2.73538  -0.404362  4.30141  6.5648  0.76823  -3.73759  -1.88219  1.00023  -1.59367  -1.58828  51.5291  3.69741  1.18228  1.4641  -0.6904  -1.91398  -0.864744  -2.45641  -9.36615  -27.6402  -1.2975  -9.85379  
-0.676822  0.0364192  -1.89171  1.8757  0.621126  -1.56004  -0.451761  -0.467809  -2.28941  -0.439416  5.83422  5.24386  -0.819688  -2.93881  -0.742577  1.23921  -1.33796  -2.62111  73.1195  -0.123992  1.79585  0.177193  1.96433  -2.84896  1.75323  5.02421  1.08028  -52.9251  -1.30107  0.0950807  
-0.625739  -0.472778  -2.10815  3.61679  3.79572  -1.99423  0.428022  -0.936992  -1.22929  -0.61311  5.98368  0.250279  -1.48216  -0.886042  0.552062  1.26747  -0.42692  -2.60234  42.6004  -1.95208  1.76385  1.10718  2.08317  -2.19941  2.38148  7.03314  9.37455  -61.5385  -1.24106  6.30604  
-0.178275  -0.277097  -1.13941  1.85196  5.09177  -1.2095  1.76293  -0.881037  -0.100875  -0.794027  4.03471  -5.38039  -1.36559  2.01789  1.4778  1.1573  0.463454  -1.28303  -5.6733  -1.69097  1.00343  2.6679  0.29959  -0.632525  0.973823  3.2398  11.6368  -44.8717  -1.16285  6.38068  
0.323872  0.423079  0.0516458  -0.346347  4.01343  0.0246929  2.86988  -0.402697  0.846136  -0.607121  0.797755  -7.5179  -1.2531  4.67168  1.89221  0.829683  0.952368  0.28298  -26.0012  -1.34303  -0.151552  2.57986  -1.10557  0.818474  -0.794186  -2.16211  10.2249  -9.08181  -0.824616  3.38832  
0.519041  0.857814  0.524258  0.202874  2.18821  0.707077  2.95563  0.219731  1.54468  0.129981  -1.95161  -3.99881  -1.49107  5.95161  1.9784  0.239695  1.06192  0.814221  -11.2927  -2.91989  -1.17893  0.947619  -0.99684  1.46101  -1.28114  -5.39746  10.237  25.4921  -0.123822  2.42142  
0.352243  0.421144  0.125795  3.62507  1.66573  0.610001  1.78842  0.789385  1.67985  1.05597  -3.04192  3.14439  -1.46532  6.20776  2  -0.408418  0.90541  0.127412  5.38199  -6.57648  -1.67257  0.258122  -0.339265  1.28631  -0.543009  -7.32062  13.1451  39.7578  0.603394  5.14642  
0.0697263  -0.673778  -0.567208  7.07859  2.58323  0.294161  -0.0669559  1.1809  0.810665  1.54177  -2.81463  8.9589  -0.363336  6.90819  2.07302  -0.787896  0.517972  -0.752952  -7.34023  -10.4874  -1.5274  2.08326  -0.467545  0.828209  -0.0434663  -11.2637  15.1853  31.8352  0.848883  8.50309  
-0.0836753  -1.54176  -0.91102  7.61903  3.02722  0.236927  -1.63506  1.24399  -0.913388  1.34346  -2.49626  9.5943  1.65644  8.13901  2.07129  -0.789021  0.000846739  -0.777498  -46.0284  -12.2422  -0.926507  4.55917  -1.20052  0.590983  -0.813364  -17.1309  11.9308  17.2671  0.501796  8.77716  
-0.102614  -1.47306  -0.718709  4.78903  1.32876  0.246786  -2.16275  0.93378  -2.4687  0.844475  -2.8383  4.86471  3.28926  7.49113  1.71163  -0.609184  -0.42099  0.0288639  -81.8271  -10.5757  -0.196933  4.07144  -1.28454  0.471436  -2.16791  -19.7678  3.22573  11.9992  0.0472778  5.74652  
-0.1384  -0.571798  -0.223327  0.545681  -1.89994  -0.126984  -1.50918  0.526155  -2.81281  0.535166  -3.40322  -2.15179  3.27847  2.77954  0.745743  -0.474983  -0.634423  0.750428  -93.5985  -6.33444  0.3611  -0.531882  -0.289358  -0.113129  -2.53899  -14.7687  -6.27933  17.4104  0.167381  1.90716  
-0.244563  0.432384  0.293649  -2.61338  -4.379  -0.832022  -0.196582  0.53122  -2.00293  0.432804  -3.13391  -7.24724  1.73209  -4.35595  -0.808301  -0.395725  -0.757835  0.710804  -84.0325  -1.99497  0.564304  -6.24047  0.689377  -1.32611  -1.35497  -4.9458  -10.4969  23.1337  1.06848  -1.54201  
-0.291271  0.88303  0.740002  -3.48559  -4.56277  -1.24439  0.864756  1.16529  -1.14305  0.193388  -1.52252  -6.96824  0.096459  -9.06422  -2.51884  -0.262428  -0.876253  0.218524  -66.1733  0.218311  0.361164  -8.89467  0.319836  -2.27295  0.316937  1.04914  -5.75923  22.5243  2.14834  -5.98036  
-0.153068  0.651734  1.13089  -2.55354  -2.93653  -0.900449  0.865326  1.93044  -1.08531  -0.294015  0.721951  -0.666292  -0.2842  -8.272  -3.66865  -0.0992259  -0.766188  0.111066  -43.3686  0.078836  -0.168883  -7.34914  -1.50957  -1.63312  1.04546  -2.30154  6.66017  20.2519  2.40658  -12.1987  
0.0950871  0.0691462  1.40893  -1.35983  -1.04494  -0.0741275  -0.358983  1.9395  -1.3706  -0.738547  2.15237  7.87906  0.540027  -4.18785  -3.63422  -0.0573771  -0.115357  0.710801  -8.20165  -0.741534  -0.781029  -4.06311  -3.82784  0.805061  0.667414  -10.8966  20.2655  23.1462  1.34601  -17.6153  
0.241649  -0.374366  1.43086  -1.38148  0.280574  0.530897  -2.11669  0.831066  -0.793056  -0.923055  1.76898  11.8041  1.31177  -1.83636  -2.29277  -0.156804  0.906477  1.41666  42.8103  -0.615625  -1.10248  -1.91287  -5.62611  3.47697  0.305243  -14.9053  26.4072  27.1595  -0.435146  -18.4044  
0.177203  -0.35294  1.12303  -3.02995  1.44895  0.573553  -3.26643  -0.709746  1.00477  -1.03399  -0.075155  6.90229  0.985837  -3.41185  -0.141845  -0.190134  1.51607  1.36517  100.478  0.414375  -0.857278  -1.40401  -6.38057  4.23794  0.848227  -9.24289  20.3912  18.8758  -1.69619  -13.8755  
0.0021759  0.0583547  0.574126  -5.2275  3.13403  0.37655  -3.00353  -1.49888  2.82662  -1.26338  -1.89826  -3.15137  -0.189129  -6.1784  1.9798  0.00306662  1.00445  0.388449  151.489  1.20922  -0.168049  -1.20667  -5.92671  2.34679  1.77555  0.665234  5.90198  -9.51038  -1.72325  -7.27055  
-0.122731  0.414714  -0.0740373  -6.07667  5.1352  0.425518  -1.42263  -0.979318  3.02513  -1.31631  -2.30007  -9.17646  -1.04479  -6.1273  3.31675  0.262979  -0.440169  -0.809614  191.364  1.40684  0.423303  -0.438181  -4.49727  -0.867491  1.71037  4.52048  -7.51577  -49.3977  -0.956868  -1.76754  
-0.171621  0.329026  -0.782887  -4.43456  6.22496  0.741445  0.555639  0.233604  1.21462  -0.751348  -1.0813  -5.98709  -0.777102  -2.53964  3.41761  0.263378  -1.76104  -1.40831  225.089  2.07449  0.398957  0.5334  -2.95938  -3.31635  0.0973882  -1.84711  -12.8127  -81.6209  -0.262444  2.97429  
-0.25034  -0.0176765  -1.60604  -0.979979  5.02125  0.874781  1.82559  0.942425  -1.27024  0.194385  0.663095  1.02133  0.252061  1.69115  2.19972  -0.0731299  -1.96663  -1.27504  254.207  4.29809  -0.204195  1.30005  -2.48392  -3.9713  -2.00784  -12.0106  -11.5175  -92.5576  0.261908  9.31024  
-0.424959  -0.00940336  -2.47731  2.22909  1.24347  0.470628  1.82294  0.47676  -2.63924  0.588215  1.59121  1.38257  1.03373  3.57193  0.0674847  -0.449978  -0.993877  -0.940833  267.799  7.51587  -0.801091  2.25465  -3.53569  -3.35578  -2.92923  -15.8596  -10.5851  -82.8405  1.27631  17.3159  
-0.607291  0.603487  -3.05167  3.56247  -3.48458  -0.281045  0.879527  -0.742468  -2.27455  -0.0661184  1.26963  -7.75213  1.00531  2.76447  -2.03992  -0.531709  0.334303  -0.877138  248.934  9.625  -0.88038  3.67589  -5.17117  -2.49109  -2.0788  -10.248  -13.4473  -62.3323  2.88372  23.2737  
-0.623749  1.19422  -2.84113  2.97529  -6.29443  -0.79022  -0.078615  -1.63604  -1.05346  -0.979687  0.397729  -16.5108  0.546002  1.05182  -2.96601  -0.29899  1.0903  -0.975393  189.05  8.70944  -0.523233  4.57315  -5.58929  -1.76689  -0.478657  -2.02994  -15.682  -39.5955  3.82352  22.6232  
-0.378121  0.865216  -1.60263  1.57413  -5.16077  -0.621731  -0.281685  -1.4151  -0.219273  -0.849988  -0.0620044  -12.4354  0.384724  0.0745113  -2.06259  0.00728211  0.92072  -0.80964  94.552  4.43541  -0.200754  3.47774  -3.60985  -0.92254  0.443773  -0.20002  -10.546  -17.3387  2.56731  13.815  
0.0608397  -0.445801  0.371504  0.174143  -0.803381  0.116603  0.253895  -0.23667  -0.106198  0.532216  0.1138  5.00041  0.721665  0.019815  0.217123  0.23594  0.117988  -0.267224  -18.41  -1.92473  -0.129155  0.424282  0.268947  0.206638  0.366488  -5.9868  2.23263  4.85303  -0.760253  -0.419881  
