0.806919  -2.07914  1.06451  0.342904  0.180603  -13.8306  0.306222  1.29722  5.98198  4.80435  13.8535  28.2818  1.53698  -7.25515  0.200371  0.0599231  1.06809  2.0034  1.35446  0.449445  9.74171  1.23047  -1.55932  3.3  3.8291  -4.33452  3.59415  1.66825  1.27185  0.883916  
-2.95571  -10.7502  -2.00205  -4.39998  -3.7224  -2.99614  2.58566  10.1331  -7.62507  -6.39292  -5.42379  -33.1672  -2.98841  -0.389095  -0.194274  -9.78994  -3.69805  -1.26689  11.9372  -1.55906  193.459  -3.17319  -22.8062  -9.29883  12.2556  -5.59469  7.18644  -6.36017  -1.33321  -4.50156  
-4.68719  -6.86133  -3.87674  -6.09402  -5.16505  1.57128  2.00322  11.1601  -16.6053  -13.075  -9.22573  -64.6154  -5.21912  3.15252  -1.59709  -15.5504  -5.18634  -3.99711  11.5778  -2.92757  263.923  -4.74598  -18.3422  -14.1783  8.72789  -1.49383  7.57464  -10.1471  -6.59184  -7.34611  
-4.08542  6.61583  -4.25936  -4.24124  -4.30435  -2.84077  -1.22083  4.12618  -18.4411  -16.5575  -2.83818  -64.374  -4.51471  4.65004  -3.72031  -18.1764  -3.11328  -5.7292  1.71879  -3.47261  199.594  -3.5283  6.41038  -11.1998  -4.99825  7.01394  1.87121  -8.78423  -12.7698  -6.82261  
-2.5218  15.0865  -3.69229  -0.943828  -3.09814  -11.9183  -4.08681  -4.7044  -14.7369  -21.4239  -4.85856  -54.0838  -2.18855  8.16277  -5.14602  -20.5499  -0.158299  -6.05757  -6.33197  -3.55696  79.8549  -1.9789  23.0378  -6.82707  -16.5699  13.4956  -8.37352  -4.94303  -14.8207  -4.67952  
-1.44817  10.2564  -2.77587  1.25473  -2.31654  -16.0885  -4.01508  -8.80745  -10.6416  -28.0864  -21.5405  -49.4893  -0.317145  14.4037  -4.78515  -21.1338  0.92905  -4.7566  -5.1594  -3.66404  11.0065  -1.92321  15.1875  -6.23498  -17.6576  12.5208  -15.1602  -2.14984  -10.2488  -4.24441  
-1.09584  -0.0261234  -1.59961  1.40833  -0.637137  -9.94888  -1.46224  -5.2216  -9.76309  -31.2594  -37.0568  -44.3747  -0.0191686  18.7471  -2.99984  -14.7341  -0.070467  -2.20366  0.828632  -3.87499  38.7701  -2.59246  -4.43145  -8.29774  -11.7868  4.98308  -10.9135  -1.85652  -3.04507  -7.6227  
-0.753068  -1.81338  -0.0451292  0.339359  2.8524  0.152613  0.860628  4.2784  -9.67136  -26.2598  -32.6136  -25.9449  -0.754051  16.3858  -1.14346  -0.650997  -1.15366  0.388271  2.33294  -3.76617  124.035  -1.98584  -13.3745  -8.42379  -7.25667  -2.89877  1.0018  -2.96305  -0.388925  -13.0969  
0.0385107  7.81342  1.58742  -0.571064  6.27724  2.10869  1.03085  12.2571  -4.26604  -14.9311  -10.8104  2.21009  -1.21104  8.40837  -0.156689  13.0593  -0.657911  1.61827  -2.92664  -2.87706  186.72  0.313057  -6.20074  -4.71982  -5.58095  -5.20131  7.68035  -3.50647  -4.85122  -15.6388  
0.911616  17.5129  2.49065  -0.50358  6.43915  -6.36156  -0.259755  9.11421  8.24617  -3.59066  5.89739  21.2337  -0.717692  0.708709  0.188017  16.685  0.981461  1.08374  -7.87278  -1.23839  169.648  2.42701  3.96049  0.335898  -1.42277  -1.22642  1.19887  -2.55644  -10.8734  -11.1096  
1.23705  15.5256  2.02387  0.436332  2.73949  -12.2203  -0.842244  -6.0576  20.814  2.86899  0.954434  20.4635  0.22775  -2.79317  0.745649  9.35062  2.02742  -0.175595  -5.56619  0.5883  75.398  2.34479  5.29359  3.6203  7.07265  4.29903  -10.3906  -0.616862  -10.3699  -0.831335  
0.897995  3.60241  0.400397  1.41911  -1.4794  -1.74385  0.385763  -18.7762  23.4315  3.90017  -16.5784  11.4352  0.722337  -4.10704  1.88671  -0.489476  1.56041  -0.63986  2.07251  1.87171  -39.204  0.186057  -0.0851325  4.58719  13.4626  5.8771  -11.4999  1.21062  -1.60056  8.55564  
0.306755  -5.49635  -1.3731  1.45967  -2.354  21.1297  2.40415  -11.4056  13.5143  1.58113  -21.3952  12.7866  0.462064  -7.22069  3.00619  -4.5532  0.335376  0.227586  6.64257  2.09279  -100.451  -2.11002  -3.25749  4.3978  10.2953  2.32528  1.97296  2.2382  8.4095  10.5631  
-0.157674  -3.20132  -2.25837  0.269641  0.14101  37.0027  3.46227  14.2072  -0.550803  -1.01135  -0.361571  26.4684  -0.152155  -11.654  3.10838  -2.11564  -0.383448  1.59664  2.93955  1.15028  -68.3935  -3.00167  -0.695632  3.38596  -0.569804  -2.46506  16.9466  2.55754  10.9402  4.73094  
-0.439092  5.18258  -1.93962  -1.22231  2.22604  33.914  2.99225  33.2023  -6.92092  -0.364922  31.3188  35.5217  -0.800024  -12.3426  1.76199  2.24203  -0.250171  2.30107  -5.64701  -0.514874  28.6701  -2.62538  4.40021  1.00601  -8.34841  -3.66827  18.2626  2.74237  4.54658  -3.06625  
-0.549903  7.61622  -0.939287  -1.5435  0.861264  22.1253  1.92724  24.3113  -0.895226  5.00055  44.4059  27.2574  -1.59857  -6.21471  -0.431715  4.74506  0.198819  2.05909  -11.5236  -1.95857  107.847  -1.85627  8.45859  -1.93185  -5.37348  -0.389797  6.17371  3.25981  -4.18734  -6.36708  
-0.35558  0.189842  -0.107991  -0.237619  -2.59364  21.1203  1.33548  -3.52043  11.9856  11.1624  26.4577  10.6647  -2.53443  3.06034  -2.32273  4.02484  0.630276  1.52591  -10.5155  -2.25311  95.7031  -0.89307  10.2743  -2.99732  4.79431  3.52419  -5.39967  3.98105  -8.33351  -3.7724  
0.173275  -8.29323  0.0200198  1.38861  -4.0139  33.9026  1.17903  -20.0533  21.7967  10.2553  -3.92773  5.54831  -2.89634  8.77173  -3.11462  -0.335678  1.27387  1.28339  -4.60642  -1.30411  -5.50785  0.596614  8.97357  -0.891137  12.672  3.62288  -6.26017  4.23497  -7.06478  0.98348  
0.644279  -7.73646  -0.509386  1.52385  -1.46409  42.243  0.504964  -9.66723  22.8388  -0.990179  -15.1458  16.3217  -1.77185  8.57456  -2.82284  -6.69391  2.10809  1.19884  1.68581  -0.13625  -114.596  2.28061  3.32251  2.37788  13.5571  -0.350812  -1.11811  3.37584  -4.10093  3.60245  
0.490774  0.108097  -1.22828  -0.0848542  2.40811  29.932  -1.25229  11.0007  17.258  -15.3904  4.24611  24.9969  0.624064  6.2807  -2.00326  -9.76388  2.2752  0.866406  5.44149  -0.0108845  -144.752  2.93412  -5.3813  3.175  11.2262  -4.47555  -1.06115  1.38614  -1.88471  3.09428  
-0.354295  3.33607  -1.62021  -1.71512  3.37637  4.59795  -3.32894  15.8575  11.1606  -21.6081  33.3227  13.5311  2.64565  5.83211  -1.13339  -4.64451  0.959601  0.33408  6.32085  -1.06224  -82.7784  1.74134  -12.228  0.277514  10.7025  -5.18175  -8.16828  -1.05935  -0.254131  1.45563  
-1.22252  -4.65936  -1.43402  -1.59289  0.410429  -11.9528  -4.09706  1.66123  8.04168  -17.2684  40.5792  -12.3036  2.73326  5.78328  -0.382931  5.4036  -1.25634  0.112582  5.25086  -2.01496  7.48721  -0.591951  -12.6734  -3.63752  11.1464  -2.71516  -12.4998  -3.0516  0.299086  0.57869  
-1.34568  -15.4976  -0.839971  0.0495526  -3.29087  -12.4944  -2.45925  -11.5632  6.23837  -12.3159  16.5219  -28.951  1.08779  1.49589  0.0840886  8.87183  -2.55844  0.556093  3.70591  -1.50156  60.4552  -2.48124  -7.01892  -4.72927  8.19402  0.399595  -4.80588  -3.90822  -1.92823  0.139372  
-0.683307  -14.7906  -0.327852  1.26292  -4.01653  -14.1848  0.993996  -8.94849  2.42303  -16.5346  -17.8409  -23.718  -0.427033  -7.82235  -0.000339746  -1.66955  -1.74612  1.41479  3.54116  0.343183  74.0621  -3.02472  0.417865  -1.93322  1.0157  2.85574  11.238  -3.34526  -5.59865  -1.63303  
0.0641405  0.101591  -0.277994  0.718542  -1.58414  -34.3821  4.17586  2.09884  -2.9311  -26.1438  -33.8162  -9.60855  -0.255549  -16.3591  -0.708021  -18.123  0.351597  1.96371  6.00666  1.88493  91.2494  -2.49562  5.45842  2.08312  -5.48029  4.66717  21.2923  -1.4942  -4.70451  -5.42979  
0.243127  15.4925  -0.576266  -0.779707  0.807648  -63.0115  5.01093  6.16135  -5.36858  -26.8631  -22.7043  -7.30096  1.22609  -17.2539  -1.56099  -23.1621  1.6837  1.54924  9.85026  1.64693  128.9  -1.51057  6.77082  3.62205  -6.54612  4.48486  14.6763  0.949945  4.52525  -9.34553  
-0.0773365  16.5445  -0.672473  -1.31687  0.419886  -69.2318  3.10921  1.51338  -1.90988  -11.1569  0.393008  -17.2684  2.22381  -9.84851  -1.82  -9.35798  1.18196  0.116979  11.1999  -0.239469  149.366  -0.225656  5.6125  1.17512  -4.19797  -0.0957627  -4.68884  2.84876  16.1178  -10.0698  
-0.341425  3.88025  -0.201395  -0.17901  -1.99282  -38.1301  0.0567175  -0.804842  4.27726  11.5985  15.4565  -18.8998  1.39233  -0.278211  -1.28708  11.5481  -0.230692  -1.57409  6.6738  -2.29985  111.775  1.31231  3.9182  -3.52065  -4.90296  -8.85001  -21.0701  3.20018  18.1186  -5.85611  
-0.241447  -8.17767  0.534845  1.35166  -3.20414  7.68463  -2.06136  4.75753  6.85184  24.4823  14.7788  2.191  -0.958289  4.9849  -0.627721  21.1142  -0.931399  -2.30994  -2.5869  -3.2142  29.5899  2.52948  3.03875  -7.1379  -10.5521  -17.0012  -19.6246  1.94634  6.01835  1.55357  
-0.0387228  -8.35384  0.831747  1.48285  -1.23336  30.2083  -2.5188  10.4526  4.18516  20.9049  3.2505  33.1163  -3.36712  5.00048  -0.630651  13.7981  -0.512944  -1.4006  -10.4289  -2.79571  -43.2177  2.63203  3.38371  -7.34479  -14.6263  -18.7753  1.79629  0.0314749  -10.4327  8.09773  
-0.119955  0.246353  0.443678  -0.144088  2.40542  17.9076  -2.25598  7.32601  2.47716  10.1024  -10.851  46.3271  -4.52969  3.70031  -1.13508  0.576178  -0.0547163  0.480103  -10.6226  -1.61702  -75.3225  1.649  4.62014  -4.39081  -9.48108  -12.7161  31.1477  -1.40732  -17.16  10.4964  
-0.435388  6.636  -0.0379486  -2.17903  4.24466  -2.88307  -2.44192  -1.78612  8.98067  5.26717  -20.2978  30.9349  -4.01726  4.2535  -1.03274  -5.70711  -0.543772  1.72065  -3.11214  -0.159348  -83.8103  0.664821  6.0251  -0.700635  3.18724  -2.96325  51.011  -1.96985  -11.4598  8.33751  
-0.527346  5.60829  0.165296  -2.96568  2.47208  -0.135812  -3.02478  -6.21517  22.0819  9.4841  -18.4409  3.67385  -2.22557  5.60551  0.31374  -3.6332  -1.52586  1.44366  5.12149  1.40399  -91.8148  0.714276  6.49225  1.22989  11.88  4.1255  51.4164  -2.09044  -4.71237  3.33303  
-0.0787629  1.70467  1.05817  -1.97798  -1.20219  25.4698  -3.0162  -1.3699  30.3863  14.7277  -2.85314  -11.0114  0.0566108  4.6438  2.05825  -0.511198  -1.624  0.610265  6.39959  2.75813  -86.0247  1.63332  4.69164  0.608375  7.6937  4.47462  36.3415  -2.31915  -8.04147  -2.39289  
0.706923  0.891441  1.78697  0.00663303  -3.28163  42.0977  -2.05706  6.22481  23.1863  12.5637  18.1809  -7.61018  1.95338  0.554047  2.64134  -1.1413  -0.189832  0.935921  0.205542  3.28479  -39.5673  2.29893  -0.0189649  -1.63556  -4.3548  -1.05369  17.9718  -2.63086  -17.9574  -6.62836  
1.3088  2.99936  1.58759  1.74364  -2.00146  25.8155  -1.06576  7.84985  2.25191  3.07332  27.8066  0.0664584  2.92698  -4.02057  1.68864  -3.46177  1.87576  2.62218  -6.18956  2.60635  33.4883  1.98021  -6.31746  -3.96341  -10.1273  -6.8824  4.87228  -2.52045  -20.0463  -6.80352  
1.38053  3.80137  0.615514  2.43163  1.00685  -8.95682  -1.04119  2.7469  -18.4021  -6.58993  15.9711  -0.947403  3.02693  -6.15349  0.498275  -3.96541  3.02272  3.79252  -5.50935  1.11374  77.2664  1.14384  -10.9351  -5.05679  -2.12987  -6.33765  -4.65299  -1.6749  -6.61796  -1.40214  
0.988334  1.64953  -0.292745  2.05422  2.54242  -24.2807  -1.55568  -2.2847  -25.303  -10.2971  -8.0242  -7.33308  2.67747  -5.80992  0.394808  -2.89283  2.55515  2.64573  1.39053  -0.332495  58.204  0.793217  -10.6645  -3.75518  12.2534  2.33856  -17.537  -0.384252  13.0727  7.32183  
0.436989  -1.34776  -0.562702  1.17636  1.11502  -1.93179  -1.0164  -1.81675  -17.8538  -8.17907  -22.3104  -7.53688  2.16673  -5.23139  0.93494  -2.51343  1.11848  -0.148702  6.51804  -1.21942  9.76281  1.23074  -5.31512  0.589213  19.3578  12.5336  -35.4177  0.818143  22.03  13.26  
-0.0170586  -3.58713  -0.360614  0.450011  -1.77719  35.1982  1.44568  2.29711  -7.26947  -5.01898  -14.5677  2.43945  1.35973  -5.62082  0.480316  -3.19358  -0.0951983  -1.98948  3.81627  -1.68603  -7.19955  1.69259  1.71333  6.85654  14.9451  14.0679  -50.2316  1.71854  13.8686  11.214  
-0.273447  -6.12687  -0.230146  0.212491  -3.4753  48.3097  4.62188  4.45435  -3.34237  -4.75799  5.80649  14.4136  0.168309  -5.67939  -1.33228  -3.30826  -0.440293  -1.37857  -4.0398  -1.97861  20.8102  1.18246  6.23624  11.8196  6.95927  3.93477  -50.6681  2.49581  -1.11629  2.16684  
-0.348964  -9.18881  -0.487363  0.360406  -2.87982  24.8  6.18851  2.92921  -3.40795  -6.26564  19.1444  19.4042  -0.975321  -3.7815  -2.53143  -2.12608  -0.166994  0.331656  -9.14417  -1.92553  47.279  -0.421487  6.43053  12.1281  3.66222  -9.33125  -32.7508  3.14453  -8.27694  -7.27558  
-0.332419  -9.2729  -1.05531  0.575738  -1.11604  -9.85592  4.97124  1.58158  3.43725  -5.0519  16.9509  16.6885  -1.43658  -1.05059  -1.20827  -0.81334  0.10086  0.713866  -7.45512  -1.25514  29.2113  -2.15484  3.75442  7.33468  3.53036  -14.1695  -3.97592  3.19206  -4.58695  -11.3402  
-0.345479  -2.31147  -1.62734  0.595015  0.16561  -22.9096  2.09748  3.43582  20.915  0.882959  7.85039  11.6839  -1.09636  -0.79153  1.48411  -0.363613  0.051872  -0.705988  -2.68171  -0.300898  -17.4142  -2.78031  1.18069  0.606952  -0.994813  -8.65919  21.7265  2.2548  -0.247288  -10.1609  
-0.436769  10.3198  -1.81556  0.368745  0.540726  -9.41742  -0.164768  5.32965  37.4602  7.7034  3.45328  7.33132  -0.618857  -4.46265  1.95384  -0.456797  -0.182899  -1.89364  -0.74032  0.095906  -39.5869  -1.83738  0.201472  -3.93589  -11.6458  -1.88681  33.4335  0.865365  -4.77362  -7.93631  
-0.50603  21.1376  -1.33788  -0.0267357  0.679705  7.46622  -0.576622  2.25752  36.8617  9.57978  3.95552  2.60131  -0.63073  -9.00889  -1.51889  -1.10482  -0.362846  -0.834037  -2.59574  -0.407701  -14.7628  -0.0306352  -0.166303  -4.52724  -21.2336  -2.45253  29.9182  0.266471  -14.6462  -7.22293  
-0.350991  23.1444  -0.276501  -0.456061  0.931011  6.80911  0.20025  -3.72349  16.6788  6.27745  1.39242  -2.12134  -0.833003  -9.14567  -6.02493  -3.57632  -0.336607  1.89368  -4.07055  -1.01569  20.8435  1.45313  -1.85889  -2.47499  -22.4484  -8.64202  19.7615  1.1691  -16.4812  -6.67559  
0.0899608  16.2787  0.826148  -0.84686  0.694363  -7.48834  0.61197  -3.91792  -7.12912  4.84978  -6.47095  -2.58891  -0.242408  -2.57297  -6.76497  -8.48226  -0.0136769  3.53372  -2.052  -0.582906  14.7142  1.9494  -5.91019  -0.274615  -15.4288  -12.2057  14.7687  2.84248  -1.84692  -4.21094  
0.58591  6.73199  1.33192  -1.21879  -0.657329  -16.1237  -0.152427  4.92478  -15.7788  11.303  -11.4865  3.94878  1.60542  7.23105  -2.54557  -13.7253  0.656026  2.09634  1.54198  0.931171  -42.4201  1.7561  -11.0083  0.492706  -5.55718  -8.80061  20.7423  3.83739  22.958  -0.387055  
0.75166  0.435135  1.07427  -1.63447  -2.58199  -9.72036  -1.62955  13.0071  -6.59647  21.3289  -5.41257  12.9807  3.79873  13.6949  2.59539  -15.5672  1.43233  -1.40453  2.75483  2.15569  -105.496  1.55289  -13.5781  -0.292444  3.49771  -1.36811  32.2355  3.54233  41.9063  2.67237  
0.457865  -1.90043  0.539906  -1.93404  -3.48697  0.858035  -2.81926  8.28391  6.34343  22.9184  9.36788  16.3701  4.74562  12.7805  3.85048  -12.5035  1.65913  -3.71891  1.21725  1.75804  -120.771  1.62193  -10.0951  -1.81448  10.9246  5.46121  37.3627  2.6961  43.1219  4.60273  
0.0630587  -3.09976  0.38158  -1.62029  -2.20694  -1.23207  -3.10521  -5.93859  9.09955  9.66062  22.4709  11.428  3.70718  6.23348  0.975799  -7.78682  0.815143  -2.38876  1.04908  0.0507159  -76.8336  1.64767  -0.597168  -2.89496  14.2733  9.86914  28.9919  2.23947  27.8148  7.03309  
0.132679  -4.95684  0.759568  -0.280156  0.670845  -18.9932  -2.38915  -12.1209  2.06062  -9.77867  27.0598  3.94966  1.59279  -0.176216  -1.88897  -6.87934  -0.615922  1.82766  6.02111  -1.16542  -10.6556  1.34124  9.59109  -2.49628  9.72973  10.9073  11.2566  2.04837  7.15553  10.2715  
0.802733  -6.5592  1.2081  1.63402  3.03494  -38.1441  -0.883739  -1.00664  -4.07603  -19.4511  25.3264  1.33719  0.139633  -1.8368  -1.32263  -11.4532  -1.22712  5.48498  14.5375  -0.528231  31.769  0.968706  13.1823  -0.568198  -1.33027  6.51666  -6.33468  1.27326  -7.46546  11.5032  
1.46499  -6.58517  1.13338  2.70745  2.99463  -40.1475  0.842932  13.6419  -3.2731  -12.9402  22.5133  4.32414  0.23457  0.768109  1.61479  -16.3757  -0.170939  5.59396  20.1068  1.31899  35.2735  1.04697  7.38848  1.54114  -9.26178  -3.01678  -19.685  -0.266596  -11.7134  7.51529  
1.26632  -5.29965  0.457643  1.73372  0.596858  -17.9768  1.73998  11.1339  -0.360409  -0.489933  18.1184  7.24608  1.14336  3.0136  3.35442  -13.5287  1.47872  2.45113  16.8476  2.31145  17.0552  1.56697  -2.48102  1.93576  -4.79635  -11.6914  -31.6611  -1.63886  -8.82336  -1.18567  
0.0277348  -3.805  -0.271155  -0.792528  -2.10978  17.3947  0.88622  -7.94106  -2.52046  3.01742  6.59193  5.30344  1.22967  1.25776  2.40543  -0.0488679  1.44744  -0.586561  4.91864  1.12344  -3.65143  1.81638  -7.28841  -0.229443  9.45012  -12.3187  -43.4447  -2.00844  -4.7597  -9.76888  
-1.40632  -2.28969  -0.435214  -2.70203  -2.8787  43.9908  -1.37206  -20.1744  -8.4387  -5.64097  -13.2967  -0.306942  -0.408343  -3.02276  0.783466  17.3101  -1.17509  -0.419647  -9.12227  -1.40911  -24.6961  1.11075  -2.7783  -3.81313  20.0895  -5.18199  -48.79  -1.85415  -3.12412  -12.8449  
-1.91407  -0.397766  -0.0326247  -2.15295  -1.34198  44.6798  -3.25136  -9.56133  -9.94722  -15.3038  -31.7648  -5.17781  -3.02501  -4.58778  0.900923  27.2578  -4.4393  2.58082  -17.2089  -3.06661  -44.3421  -0.37323  6.2121  -6.26969  16.7838  1.32951  -40.6986  -2.45025  -3.73695  -8.72199  
-1.20904  1.23097  0.292032  0.372548  0.723136  21.2486  -3.10957  10.5201  -2.87321  -14.1219  -34.1463  -6.93722  -4.91342  -0.335195  2.5163  24.1808  -5.2081  4.76245  -15.8793  -2.38533  -40.1837  -1.70976  11.2824  -5.4312  3.6508  0.680473  -21.6427  -4.20014  -4.44753  -0.396778  
-0.0950253  0.935273  -0.0200902  2.41376  1.26818  -5.97928  -1.26473  14.5551  7.6726  -2.53727  -15.5973  -7.18571  -4.99848  6.54346  3.61116  13.0966  -2.48639  2.86937  -8.32698  0.054623  13.3596  -2.16642  9.22237  -1.16835  -6.1674  -3.66181  -2.42016  -5.84779  -3.72915  6.90229  
0.432121  -1.65754  -0.728709  2.04  -0.00832392  -16.1463  0.333829  -1.04906  13.9028  8.82408  10.4761  -7.99191  -3.81515  9.18458  3.41555  4.00105  1.41493  -2.30686  -0.997595  2.32683  98.9672  -1.83419  4.0721  4.19717  -5.58697  -3.21352  9.55856  -5.70865  -1.56956  9.54413  
0.201965  -4.32125  -1.00773  -0.198048  -1.6185  -8.17152  0.303562  -13.6395  13.9537  11.7855  21.7869  -9.46089  -2.7477  4.00692  3.17077  1.86547  3.34707  -6.25472  1.99731  2.95504  146.616  -1.33422  1.38569  7.29617  0.292282  4.0915  16.7797  -3.45572  1.34614  7.89953  
-0.139721  -4.18208  -0.431063  -2.01434  -2.04888  -2.50986  -0.684035  -5.86059  11.6171  8.37242  7.9818  -9.14035  -2.23222  -5.33652  3.8428  3.57191  2.49346  -5.16334  1.30608  2.02178  94.8154  -1.04017  2.18354  6.10428  2.09292  10.975  23.7942  -0.48487  4.50229  5.28789  
-0.0367458  -1.20865  0.443745  -1.8838  -1.19833  -18.6479  -0.993749  11.0208  9.42679  6.05591  -17.4998  -4.5893  -1.16359  -11.5142  4.27058  3.42365  0.694851  0.0069755  0.283268  0.703171  -33.5975  -0.807105  3.23437  1.56298  -2.55736  10.1292  27.6764  1.53117  7.6473  3.96309  
0.338341  1.07629  0.669316  -0.473658  0.00794769  -50.8045  -0.155819  14.1248  6.03108  8.08619  -28.8671  4.24019  1.6798  -10.7881  2.51759  -0.572953  -0.0267549  4.20713  1.13532  -0.060239  -133.891  -0.372085  2.04686  -2.87441  -8.25382  3.26273  21.2263  2.12286  10.1613  2.39359  
0.432722  -0.942098  0.00107324  0.462769  0.962005  -69.9159  0.753985  1.23174  0.610416  10.5842  -13.3927  13.3837  5.55296  -6.2026  -1.35617  -6.65687  0.459197  3.35031  3.40184  -0.33672  -114.477  0.253701  -0.261267  -3.71959  -9.76063  -1.85834  4.7831  2.03647  10.9361  -2.41069  
0.0559337  -7.04715  -0.871856  0.109367  1.86453  -53.618  0.726271  -7.50457  -3.66641  8.35415  14.6383  16.8572  7.719  -3.55251  -4.84556  -13.0346  0.874969  -1.52283  5.17992  -0.788018  11.8818  0.869224  -1.05086  -0.292218  -7.10529  -1.79885  -11.0982  2.10481  9.32923  -9.48882  
-0.407265  -13.0284  -1.21092  -0.719266  2.93638  -13.7536  0.209649  0.220818  -3.48883  0.827332  27.2069  11.9917  6.07219  -4.94461  -5.53356  -18.6141  0.430646  -5.44238  5.08522  -1.67649  136.473  1.45694  0.573199  4.65188  -4.19453  -1.20444  -17.0658  2.4977  6.03772  -12.6959  
-0.4799  -14.3555  -0.973865  -0.751803  3.6996  12.4095  0.472942  11.0954  -0.991935  -7.94779  10.6983  2.62377  1.60537  -6.92024  -3.53425  -20.4389  -0.443727  -4.73094  2.99556  -2.45019  155.556  2.19387  2.53233  7.15914  -4.10035  -5.34186  -14.8815  2.95502  2.8049  -7.05818  
-0.0724048  -9.90078  -0.574803  0.390638  3.33733  1.49397  1.9081  6.35265  -0.739354  -12.7888  -19.4698  -3.74373  -2.13131  -4.8026  -1.08144  -14.1748  -1.00287  -0.469128  -0.0992618  -2.32908  60.2197  3.09476  1.22768  5.49477  -7.00095  -11.778  -12.1245  3.30036  0.994216  3.92747  
0.516302  -1.94998  -0.196059  1.99919  1.66751  -27.8362  3.44799  -9.91017  -1.57887  -10.6359  -33.2335  -3.86939  -2.4665  1.82996  -0.216975  -0.0393035  -1.12546  3.28336  -2.56412  -1.21601  -68.0016  3.68782  -5.21049  1.58043  -10.1921  -12.308  -9.93885  3.44744  0.0915916  10.0188  
0.931074  6.35125  0.290599  3.10397  -0.489356  -33.8289  3.63336  -15.452  3.64442  -1.80265  -15.4152  -1.59406  -0.109503  8.43768  -1.20995  13.6665  -1.09413  3.96514  -3.00834  0.119062  -140.077  3.27289  -13.528  -1.20987  -8.45136  -3.04762  -2.00079  3.15924  -1.98058  5.02892  
0.984819  13.0016  0.846376  3.18973  -1.92748  0.294987  2.03238  -1.17688  16.9786  8.32542  18.5331  -2.34826  1.83526  10.068  -2.80544  16.4327  -0.977716  2.54339  -1.54405  0.789071  -133.069  1.51153  -15.2412  -1.72547  1.85929  10.3185  13.3506  2.22304  -6.10442  -5.36541  
0.686106  17.0326  1.0738  2.33015  -1.97339  44.2394  -0.31015  15.4987  27.7321  10.4391  36.8142  -5.73938  1.19093  6.35351  -3.28539  6.38907  -0.636911  1.38568  0.0118611  0.666531  -89.4433  -1.19394  -2.94693  -1.92073  17.237  18.2827  25.9019  0.845925  -9.5561  -9.08409  
0.202307  17.4395  0.677688  0.9554  -0.88499  54.0087  -1.60587  13.9565  21.9676  -2.11916  22.2474  -7.08169  -1.39766  1.61658  -1.4854  -6.40033  -0.156075  1.32264  -0.0264125  0.414524  -57.9314  -3.75624  20.5153  -3.79223  26.2898  17.075  23.1662  -0.470522  -8.00479  -1.23045  
-0.219147  13.454  -0.0973561  -0.413002  0.475532  23.541  -0.69358  -2.17263  0.214784  -23.9101  -10.0887  -3.87305  -3.86998  0.370823  2.28138  -9.44709  0.135161  1.48138  -0.788948  0.661149  -46.3249  -4.93968  39.8519  -6.08461  19.4138  10.5494  5.47448  -1.57891  -0.683155  9.79072  
-0.401181  5.97324  -0.666497  -1.39003  1.34274  -7.03488  1.82677  -10.6139  -20.3049  -37.0519  -27.3001  0.211559  -5.10946  2.68525  5.93679  -0.393576  0.138601  1.17993  0.826156  1.28061  -33.3693  -4.12929  38.4512  -5.2625  1.29503  3.44059  -12.925  -2.86909  7.19245  11.1688  
-0.396955  -2.07086  -0.693778  -1.93943  1.58771  0.780289  3.68272  -0.223272  -24.2363  -24.2865  -12.0155  1.32603  -5.56225  4.45075  6.89603  11.1946  0.11148  0.771451  6.4595  1.59827  -14.1953  -1.8834  14.3714  0.0589198  -10.6142  -4.16483  -19.3204  -4.5291  9.00015  -0.0329314  
-0.429644  -7.58032  -0.392175  -2.26748  1.68667  36.8949  2.72001  15.851  -14.7798  13.7587  19.219  0.93837  -5.71833  1.79687  4.28851  14.2246  0.240399  0.545777  13.0176  1.20539  -15.5061  0.296798  -15.055  6.57488  -3.26706  -14.1953  -16.1335  -5.78157  3.80923  -13.3016  
-0.65114  -9.42935  -0.296784  -2.52745  2.09885  54.1014  -0.90147  18.9507  -7.28918  55.1811  32.9941  3.87064  -5.04794  -4.99427  -0.0564659  6.56817  0.338575  -0.0271664  14.5281  0.387185  -55.6315  1.11478  -28.0308  9.31265  16.4726  -24.3681  -16.7669  -5.32604  -2.36879  -16.0095  
-0.95784  -8.38733  -0.763585  -2.56039  2.6314  24.4894  -4.45831  7.8082  -8.16573  72.8404  14.5425  9.97902  -2.81702  -12.1447  -3.25674  -4.88532  0.125137  -1.29593  8.12616  -0.280704  -102.933  0.661549  -18.5999  6.8137  26.955  -28.0744  -28.4474  -2.73148  -3.00966  -6.95809  
-1.06488  -5.56091  -1.53745  -2.08493  2.54111  -27.3439  -5.16407  -3.82809  -7.42062  56.0042  -16.4073  11.8201  0.462125  -16.1862  -3.86764  -12.2405  -0.324928  -2.34428  -2.19276  -0.559538  -96.2786  0.320399  -1.23733  2.18577  14.8012  -21.5485  -41.5244  0.891766  2.49767  2.85097  
-0.758365  -1.81425  -1.76785  -1.0458  1.3457  -52.8699  -2.87217  -7.448  5.58223  17.6043  -27.2387  3.08115  3.15801  -16.8053  -2.66283  -12.6699  -0.724721  -1.81325  -8.92357  -0.646197  -16.017  1.24076  5.39834  -0.91735  -10.2593  -9.39442  -37.9038  3.81951  9.52684  2.83212  
-0.0974193  1.29867  -0.656375  0.187935  -0.589943  -33.7016  0.0200733  -8.01253  24.7297  -17.5721  -7.36274  -12.3504  4.15102  -15.8211  -1.20663  -7.93755  -1.01504  0.179954  -8.03083  -0.791541  80.2675  2.91352  -2.08802  -1.91529  -24.751  -0.363889  -9.94575  5.23636  13.7093  -5.44576  
0.598834  1.61845  1.59768  1.0531  -2.34473  2.43888  1.26525  -11.9008  31.8063  -31.4129  22.1791  -21.8193  3.93566  -14.2922  -0.24397  -0.82289  -1.33547  1.67716  -2.15156  -1.00548  109.842  3.5337  -10.4126  -2.28858  -15.7409  2.39954  29.665  5.54724  14.1379  -10.4711  
0.958199  -1.2862  3.56408  1.1797  -3.23584  16.6144  0.828334  -15.2514  17.8318  -23.4466  33.2506  -16.2076  3.73772  -11.2742  0.384311  6.75732  -1.5456  0.911972  3.14119  -1.11881  49.4862  1.96629  -6.74606  -2.31842  6.19191  4.13391  58.2674  5.39719  11.7145  -4.3131  
0.82419  -4.45978  3.66986  0.625598  -3.19636  -0.945786  0.189567  -9.63995  -6.21589  -7.46653  19.4503  0.308787  3.81511  -5.60461  0.89762  13.5534  -1.12011  -1.4999  4.92324  -0.970259  -44.9334  -0.851487  6.33619  -0.635033  19.3394  10.4083  63.517  4.71702  6.67418  8.084  
0.391137  -3.71053  1.73304  -0.154506  -2.51447  -28.6298  0.39228  4.14548  -21.9087  0.0490879  -1.99065  13.8565  3.21266  2.0062  1.19451  18.8891  0.167688  -2.86855  4.22367  -0.472453  -103.855  -2.68565  14.8284  3.11506  13.1584  18.0437  52.545  3.02459  -0.956577  14.2941  
0.0496165  1.92042  -0.728033  -0.60523  -1.48633  -41.7256  1.34913  14.6348  -22.478  -7.06934  -12.4219  14.4659  1.24575  9.15417  1.02094  22.1887  1.64542  -1.19548  3.07259  0.354507  -106.785  -2.20999  9.97906  6.63221  -2.51487  17.2958  40.8332  0.481551  -9.33346  8.17363  
0.0601897  8.60569  -1.9716  -0.384329  -0.444765  -34.0153  2.58035  12.8721  -15.7266  -19.8204  -9.39796  6.04861  -1.16468  14.0591  0.241151  21.3047  2.25381  2.48461  2.18377  1.29461  -73.655  -0.20587  -2.74498  7.05999  -10.5341  3.34719  34.0006  -1.60762  -14.9545  -3.79147  
0.336655  11.3996  -1.68362  0.382145  0.234774  -13.9055  3.73753  2.58056  -10.8814  -22.4557  -2.45608  1.16386  -2.20682  16.8973  -1.01193  11.9962  1.69959  4.80517  1.53069  1.97081  -20.4562  1.44356  -11.6568  4.03651  -5.31258  -16.4027  22.8531  -1.79487  -15.1739  -10.3483  
0.584625  8.86917  -0.991846  1.25125  0.441814  9.11497  4.17384  -5.35945  -8.09829  -8.18645  1.61251  6.44154  -1.08592  18.551  -2.14609  -7.70132  0.844025  3.37462  1.18988  2.12385  44.6677  1.67524  -12.1271  -0.399464  3.67639  -28.3265  -3.3941  -0.0979434  -10.1591  -7.82563  
0.583189  3.64666  -0.958834  1.7842  0.555972  29.033  3.01207  -6.26839  -2.0787  12.4552  4.08193  14.5418  1.01612  18.4793  -2.33037  -31.1738  0.65623  -0.705625  0.391643  1.8512  87.9958  1.02345  -9.17191  -4.36384  4.54652  -25.1124  -41.2502  1.42855  -2.78559  -2.54361  
0.343508  -0.975936  -1.44304  1.85518  1.01571  39.5321  0.318333  -5.34981  8.19163  21.3296  7.65768  12.5347  2.11236  14.8933  -1.31502  -43.4808  1.08412  -3.87437  -2.9851  1.45451  55.3228  0.617782  -8.94778  -7.37699  -3.25861  -11.703  -71.6295  0.387313  2.59297  -1.67618  
-0.00293553  -4.15165  -1.56245  1.54444  1.61656  35.2615  -2.23118  -8.02789  16.6175  11.678  10.2634  -2.77181  1.26487  7.17002  -0.108864  -32.3357  1.21626  -3.6954  -9.78574  1.03369  -61.3017  0.876515  -11.416  -8.99551  -10.7646  0.749761  -74.3961  -3.28313  1.86793  -4.67659  
-0.355736  -6.97696  -0.923845  0.899064  1.55111  17.7636  -2.81505  -11.3476  17.0114  -4.1499  7.21461  -18.9937  -0.836148  -2.18598  -0.0781292  -0.956707  0.4898  -1.19728  -16.4643  0.378119  -180.485  1.2036  -12.1182  -7.6254  -11.4634  4.98722  -44.8573  -6.44109  -5.43802  -5.35529  
-0.64924  -10.1088  -0.0312211  -0.0979932  0.419653  -3.07505  -1.70541  -8.55834  9.39383  -7.26642  -2.74789  -21.3451  -2.70051  -9.14901  -1.1414  31.0827  -0.621767  0.556588  -16.9043  -0.611311  -194.315  0.876578  -8.44052  -2.26158  -7.48344  2.20322  1.80986  -5.38051  -13.397  -0.706248  
-0.774031  -12.2764  0.48419  -1.29954  -0.988365  -15.7037  -1.19731  -0.200268  -0.854289  8.67318  -14.8998  -7.78663  -3.23946  -11.521  -1.4423  42.6256  -1.25011  0.0104959  -8.96298  -1.50426  -83.7108  -0.114817  -2.07069  5.05393  -4.1347  -1.17517  40.4189  0.221408  -12.5067  5.35075  
-0.585214  -11.3126  0.66419  -2.24977  -1.33854  -14.4669  -2.79196  4.86507  -8.83745  32.5144  -21.1032  8.53889  -2.18689  -10.7205  0.47271  28.5843  -1.1004  -1.28945  1.79668  -1.57401  51.3273  -1.07742  4.10346  9.77928  -1.42348  0.168351  52.6465  6.31485  1.57455  7.46324  
-0.0546384  -6.15565  1.05834  -2.48475  -0.286647  -1.0619  -4.93003  0.950822  -13.933  47.5596  -15.3483  14.1671  -0.0760519  -9.65758  3.4691  3.63553  -0.546582  -0.777266  6.67208  -0.541196  93.2415  -1.35137  8.56505  8.82116  4.67694  6.10335  38.9373  8.03589  21.8378  5.34795  
0.616323  1.60288  1.89741  -1.89774  0.975772  16.8636  -4.48558  -6.18849  -17.5869  45.2948  0.958438  8.65774  1.93832  -9.57766  4.64004  -11.2536  0.00894265  1.84465  2.32336  0.992476  27.9443  -0.935153  10.7534  3.62773  13.5784  11.154  16.3127  4.39714  34.2303  2.88357  
1.0784  8.05922  2.67125  -0.824998  1.01144  26.1925  -0.556349  -6.39095  -19.5344  27.963  17.8754  2.93439  2.5659  -9.00622  2.59022  -6.63363  0.52038  4.15485  -6.24271  1.9544  -50.8307  -0.397156  9.90185  -1.21277  17.6602  9.39772  2.95213  -0.93733  30.2617  2.09231  
1.07202  9.51312  2.58644  0.345504  -0.187624  13.2944  3.96741  1.3262  -17.5723  3.26135  24.0407  5.82893  1.27649  -6.05937  -0.896719  9.36179  0.955219  3.92569  -11.3611  1.65288  -53.1041  -0.312271  5.7119  -2.27919  10.188  0.986634  2.76969  -3.60517  14.9358  0.964685  
0.632714  5.65145  1.40164  1.45102  -1.18012  -23.7573  5.19156  7.5895  -11.3599  -19.2356  17.8419  14.3155  -1.01713  -0.916107  -2.86302  20.6337  1.01639  1.73857  -10.1807  0.295356  14.0559  -0.724576  -0.0189874  -0.0930952  -4.72352  -6.49268  5.35602  -2.80672  0.808545  -2.0924  
0.080978  0.27616  -0.265244  2.45108  -0.761209  -65.329  2.26386  5.68928  -5.12936  -29.0875  10.457  17.7254  -2.62384  4.01575  -2.45252  17.6484  0.510616  0.184837  -6.01017  -1.21719  69.5513  -1.13179  -4.04976  2.00483  -14.4307  -5.25946  0.397982  -1.31547  -4.98591  -4.25789  
-0.225752  -1.78321  -1.44195  3.09873  0.692372  -80.3565  -1.83327  0.848826  -4.36459  -20.6464  13.9461  9.62533  -2.61869  6.19399  -1.44206  3.92382  -0.203205  0.729622  -3.11156  -1.96813  54.3119  -0.914126  -4.69295  1.51626  -11.1781  3.38922  -10.0917  -1.69242  -6.29607  -1.43007  
-0.165483  0.893201  -1.59387  2.97897  1.84014  -53.5423  -3.42925  2.4362  -9.32655  -0.648827  26.4073  -5.60839  -1.73105  5.10661  -1.55255  -9.61419  -0.473182  2.07325  -1.84506  -1.6231  -14.0148  0.0958433  -3.58148  -0.884223  -0.542906  9.89775  -16.1919  -3.37622  -10.5462  5.11651  
0.0980597  5.20126  -0.929372  1.95365  2.07657  -2.83408  -1.58346  9.61458  -13.2683  12.5501  32.0228  -17.5227  -1.39383  2.81748  -2.23284  -14.6838  -0.122337  1.75664  0.485459  -0.535149  -75.5503  1.33411  -3.87086  -2.31223  4.3325  7.88754  -13.5317  -3.71794  -18.2493  8.2352  
0.314421  6.87723  -0.0277077  0.47373  2.0978  34.9979  1.62816  11.2988  -8.74561  4.41325  18.1257  -19.9923  -2.05476  2.2686  -1.85046  -11.0552  0.299507  -1.03346  5.13401  0.657847  -95.0281  1.81482  -6.40852  -0.955957  -2.12114  2.65153  -7.79286  -1.32935  -22.4328  2.84574  
0.364683  4.72559  0.671652  -0.704837  2.62206  38.0733  3.51633  1.64977  3.75255  -20.0694  -10.1959  -15.3353  -2.75251  4.83769  -0.328885  -4.25731  0.14595  -4.44089  9.72282  1.53677  -87.4141  0.979859  -8.46615  1.80507  -11.1774  4.64096  -5.51488  2.27203  -17.7007  -6.98723  
0.270503  1.23351  0.996684  -1.21722  3.05033  16.5985  2.95553  -10.2648  14.9295  -38.682  -34.5931  -10.0296  -2.27977  8.62305  0.468618  0.579345  -0.565796  -5.61076  10.9653  2.06871  -87.7346  -0.596637  -6.81261  2.85781  -9.55861  15.2081  -6.16146  4.26009  -7.17873  -11.4547  
0.0750101  -0.531983  0.849476  -1.33749  1.97279  -3.53745  0.591135  -10.9296  15.905  -32.9392  -41.7944  -6.72425  -0.526525  9.46298  -0.751698  2.77033  -1.11938  -3.31562  8.66886  2.31962  -108.66  -1.5053  -1.92884  0.932199  5.31017  22.7788  -6.06166  3.33102  1.15981  -5.86854  
-0.21376  0.0534504  0.202609  -1.57426  -0.955456  -8.51811  -2.14197  -0.0821776  7.30037  -6.67744  -34.5179  -3.00356  1.56172  4.44869  -2.71221  4.86157  -0.852354  0.75908  5.913  2.14944  -130.564  -0.776957  1.89243  -1.71505  20.4983  15.8484  -6.89202  0.738701  3.33516  3.76381  
-0.531925  1.12139  -0.688561  -2.02599  -4.15883  -4.51311  -3.8798  8.10664  -1.65  18.1099  -24.7478  3.9691  3.01513  -4.65574  -2.8436  8.07006  0.216229  3.35969  5.07523  1.33786  -126.69  0.992022  1.09428  -1.83612  20.7573  -2.52966  -14.2357  -1.05629  2.31088  7.32463  
-0.755688  0.790716  -1.31858  -2.3607  -5.53205  -2.10522  -3.98458  2.56037  -3.33054  23.3185  -19.5911  11.9726  3.57552  -11.8128  -0.413566  9.3934  1.336  2.55842  4.86163  0.0291835  -89.8952  2.14434  -2.91573  0.746579  4.69351  -16.9549  -27.3534  -0.64004  2.24998  1.92253  
-0.823678  -0.81002  -1.39668  -2.27082  -4.57646  -2.38477  -3.11506  -11.0624  0.653907  11.1577  -16.0072  15.9468  3.50117  -11.3312  2.57557  3.99669  1.57241  -0.430638  2.2187  -1.13597  -33.239  1.74049  -5.28192  2.6719  -12.7331  -16.5761  -35.4408  1.35485  3.02697  -5.13392  
-0.810445  -1.80512  -1.19256  -1.83825  -2.76864  0.0502507  -3.01845  -17.5296  2.43081  -1.30836  -7.23802  13.307  3.09682  -2.86484  3.76838  -8.76294  0.590627  -2.37098  -3.27808  -1.51314  28.0467  0.68815  -3.51528  1.05705  -15.2798  -6.35284  -27.646  2.98715  2.48174  -5.04259  
-0.777594  -0.721682  -1.18434  -1.27908  -1.80345  6.96351  -4.73991  -10.0263  -2.46452  -1.36985  8.48397  7.26227  2.51373  8.21876  2.94147  -22.0065  -0.894181  -1.16217  -8.49943  -1.10885  83.7998  0.641359  -0.118325  -2.49456  -2.43019  0.21521  -5.73038  2.69693  1.77967  2.46012  
-0.613624  1.75291  -1.37216  -0.547128  -1.88122  14.7531  -6.83872  3.23484  -9.66712  8.13212  25.7803  2.54022  1.80659  15.1948  1.53558  -25.7356  -1.51031  2.0751  -10.6902  -0.611244  115.907  1.91332  1.19321  -3.29763  10.9296  -2.77721  16.583  0.474194  4.76664  9.3132  
-0.165569  3.304  -1.19081  0.561764  -1.96309  20.0353  -6.08664  9.87101  -11.0073  14.8743  36.5595  0.599384  0.91328  15.0509  0.257436  -16.3678  -0.452171  4.15956  -11.0429  -0.669533  94.1814  2.89137  -0.0127806  1.0119  10.6485  -7.90999  26.7751  -2.23524  11.4323  8.66515  
0.438425  2.19547  -0.283858  1.88863  -1.3379  20.8879  -1.0052  6.54156  -3.78027  10.6272  36.5108  -1.33195  -0.334189  9.49953  -1.60008  -1.17202  1.52444  2.95271  -12.7113  -1.18851  7.54337  1.88566  -1.32765  7.35885  -1.99279  -4.94159  24.1091  -3.74018  15.2459  2.48681  
0.770283  -1.25751  0.88245  2.72337  -0.404717  13.5237  5.61556  -0.326603  6.21837  -2.26487  27.7559  -6.6347  -1.86853  2.51199  -4.33022  8.20573  2.59676  -0.643726  -15.4719  -1.41705  -97.6946  -0.743794  -1.64781  10.207  -13.0705  6.33251  16.8534  -3.48495  10.4858  -1.15681  
0.542668  -5.27111  1.47356  2.43175  0.0864853  -5.4491  8.6679  -3.79118  11.242  -14.661  16.5204  -15.2056  -3.1327  -2.63294  -6.45645  7.49375  1.63394  -3.72393  -14.4073  -0.775766  -135.428  -2.77607  -2.41685  7.29792  -11.9969  16.1977  11.6845  -2.4443  0.641966  2.47611  
0.0248902  -8.22714  1.34295  1.18903  0.0707936  -31.6285  5.84869  -2.74311  9.79042  -18.5516  7.33139  -22.2141  -3.23751  -4.56354  -5.98682  3.58975  -0.586352  -4.15625  -5.28371  0.476941  -59.24  -2.39473  -4.42071  1.73532  -1.42826  16.376  8.26812  -2.07306  -4.22656  9.53365  
-0.165166  -9.25346  1.23524  -0.0405817  0.0654474  -50.7121  0.175561  -0.00662611  6.56157  -12.0786  -0.176981  -20.1716  -1.76056  -3.81417  -2.80177  5.59771  -2.14455  -2.27021  9.42952  1.41064  73.7845  0.0175884  -5.7322  -1.44576  7.42813  8.56621  3.47721  -2.64485  0.788983  11.8456  
0.256743  -7.64114  1.78006  -0.391238  0.310654  -48.5763  -3.16555  2.12487  4.85265  -1.69444  -8.48586  -4.88247  0.788869  -2.52005  1.1008  13.5794  -1.97377  -0.203071  21.4293  1.28138  141.691  2.39284  -4.15647  -0.0729308  7.25234  0.756089  -2.17278  -2.77458  8.53328  5.56535  
0.91504  -2.90359  2.57428  0.178994  0.500409  -22.3779  -2.22438  2.84971  1.92503  1.04995  -15.6752  18.348  3.18763  -2.98337  3.7472  18.5901  -0.796049  0.156061  23.826  0.271801  75.845  2.97415  -0.613447  3.49931  0.467418  -2.37604  -4.61926  -0.845976  7.52667  -4.95029  
1.21415  4.05892  2.62082  0.97252  0.410549  18.7575  0.215364  1.603  -5.83668  -11.7935  -14.6844  34.7924  4.30765  -5.48964  4.8156  13.8507  -0.0191754  -1.17539  17.0149  -0.610795  -65.1094  1.6731  1.88271  5.12642  -6.42597  -2.80076  -2.03643  2.97276  -4.13226  -11.246  
1.01713  10.3555  1.58555  1.24736  0.376738  60.3947  0.491618  -1.32137  -15.1051  -35.2168  -1.07688  30.5816  3.70689  -7.4504  4.94828  2.7999  -0.0702095  -2.08311  7.55188  -0.444071  -151.902  -0.147105  2.12516  2.74702  -9.86652  -3.47517  1.49137  6.49858  -15.1854  -8.47198  
0.703238  12.7144  0.239064  0.718034  0.855715  86.9871  -1.57639  -3.44749  -17.4152  -51.7359  18.1011  6.89926  1.74708  -5.71125  4.37026  -5.85537  -0.231838  0.00336062  1.94007  0.669178  -115.393  -0.920848  2.0387  -1.76081  -10.4525  -3.30096  -0.023271  7.46183  -12.6854  0.61968  
0.561849  10.0959  -0.504922  -0.375293  1.7108  84.3024  -2.95161  -2.23494  -10.0985  -45.6985  26.9392  -17.8993  -0.578844  -0.273546  2.83666  -8.84867  0.0218465  5.28572  1.69373  1.59273  -11.7791  -0.137546  3.50967  -4.28794  -9.48913  -0.0013314  -6.75585  5.50753  3.73713  8.40614  
0.33437  4.33034  -0.662788  -1.44531  2.25052  47.5654  -1.55092  0.650121  -1.85124  -18.412  14.5535  -21.8577  -2.1066  4.92752  0.607844  -10.5434  0.103673  10.0815  3.43703  1.19378  41.0102  1.15093  5.2118  -2.38858  -7.10272  4.00761  -10.3571  1.98258  20.6817  9.05276  
-0.426747  -1.68342  -0.949781  -1.85968  1.97754  -8.63235  1.0146  -0.251789  -3.92675  11.7405  -12.356  0.732743  -2.14607  5.86509  -1.41419  -14.2355  -0.857661  9.24436  2.75827  -0.495397  -18.3237  1.1299  4.1235  2.13679  -4.3311  3.37287  -1.67952  -1.71666  23.4557  3.3542  
-1.5854  -5.99422  -1.59904  -1.37183  1.06686  -54.9591  1.47685  -7.04183  -15.529  26.4504  -33.2188  34.1197  -1.09276  2.68738  -2.57378  -15.2075  -2.49313  1.58021  -1.87289  -2.20436  -141.578  -0.989307  -0.385018  4.81785  -3.15339  -1.92053  17.9287  -4.89513  9.82444  -2.25514  
-2.27314  -7.88098  -1.85383  -0.411596  0.104672  -69.208  -0.986613  -13.4018  -22.9928  23.0957  -31.8024  53.2625  -0.241151  -0.453304  -2.90904  -6.37745  -3.20299  -7.50678  -7.9408  -2.58673  -224.406  -3.75386  -5.34881  3.07052  -3.90531  -4.12598  34.2536  -6.68059  -8.1076  -1.69122  
-1.71195  -7.45843  -0.902427  0.273221  -0.455589  -55.2503  -3.66165  -10.7145  -15.314  13.2553  -11.6195  44.4376  -0.713439  -0.118091  -2.47574  10.0291  -1.96568  -10.3884  -11.2198  -1.46239  -203.191  -4.56583  -7.18768  -0.89609  -3.60164  3.24889  32.0241  -5.61632  -14.8447  5.0045  
-0.160542  -5.70895  0.890823  0.382272  -0.49485  -36.494  -3.49176  0.160531  2.76802  7.23546  7.68265  14.8465  -2.36161  2.74415  -1.04855  21.6095  0.206249  -5.07458  -9.57903  0.165799  -104.985  -2.41278  -5.30289  -2.35875  0.225521  15.6549  9.94195  -1.32985  -5.19428  11.5866  
1.16653  -4.62431  2.07627  0.426547  -0.201206  -30.0522  -0.614011  7.30368  15.9673  3.86008  9.89171  -14.1378  -3.8849  4.21909  0.894304  19.3472  1.12511  2.26596  -4.77446  1.27269  -14.3362  0.698304  -2.35498  0.649709  4.6647  20.7065  -16.7805  3.77822  10.8812  11.7991  
1.24638  -5.69612  1.57385  1.01756  -0.0485099  -30.4847  1.87438  0.991349  15.9509  -3.8589  -2.00461  -24.3141  -4.07149  2.05969  1.64242  9.05208  -0.121234  3.82485  -0.315015  1.78609  8.04822  1.63774  -1.31126  4.96688  3.86677  11.6927  -30.1538  5.90147  17.2375  5.87193  
0.277125  -8.01299  -0.124044  1.91424  -0.589276  -20.4909  1.58358  -13.0501  8.6774  -16.5153  -9.98104  -14.0572  -2.90374  -1.68019  -0.0891228  4.83864  -1.9846  -1.23978  2.24784  2.30684  -19.7531  -0.509426  -2.57781  5.90171  -3.36571  -4.74736  -25.817  3.67178  7.02054  0.27986  
-0.548284  -8.55405  -1.38619  2.12699  -1.85709  6.44286  -0.557519  -17.8899  3.74665  -25.4478  -0.689216  1.67807  -1.35221  -2.91643  -2.96624  11.933  -2.0983  -6.18002  4.22229  3.05873  -23.3435  -3.37611  -3.46059  2.55073  -9.7032  -16.2384  -14.8918  -0.0666178  -10.387  0.73064  
-0.275903  -5.48282  -0.998539  1.13152  -2.9419  37.5024  -1.59691  -4.37414  1.87707  -23.068  19.8115  5.83162  -0.244777  0.013977  -3.75472  19.9323  0.0730945  -4.62131  6.86016  3.44506  48.0721  -3.83192  -1.15021  -1.3358  -6.78972  -16.992  -9.63613  -1.26869  -18.6929  5.80758  
0.891011  -0.52167  0.760551  -0.289281  -2.56062  52.828  -0.0962585  16.9536  -2.99947  -12.6873  32.071  -4.97628  0.410347  4.4034  -0.936617  15.5279  2.68037  2.31282  8.5305  2.75743  163.282  -1.20305  3.51565  -1.90008  4.49797  -10.2994  -9.70934  0.714615  -11.1717  8.45276  
1.91572  2.61608  2.53784  -0.805807  -0.348476  42.6474  2.33977  25.8384  -11.5821  -5.71798  23.112  -18.5591  1.06063  5.90553  3.10934  -1.69594  3.64292  7.88397  5.94038  1.13277  237.099  2.29356  5.73212  0.486497  14.0091  -1.77521  -5.02863  2.48074  3.26266  3.87062  
2.02821  2.50772  3.17535  -0.0262841  2.45002  14.3483  3.03788  14.02  -15.6772  -8.21521  -0.987048  -22.1437  1.79993  3.39054  4.46501  -19.3406  2.89736  7.63884  -1.75757  -0.451635  215.467  3.96843  1.94988  2.14881  12.8743  5.48755  8.68187  0.809902  10.8583  -5.11685  
1.35986  1.62489  2.58509  1.05904  3.86929  -13.3883  1.27191  -5.65913  -8.9926  -14.2097  -22.4134  -16.0855  2.20899  0.71015  2.06439  -26.2894  2.03931  3.55228  -11.1956  -1.15142  124.223  2.99968  -4.55486  0.645917  3.37236  9.05883  21.0448  -3.37899  7.3309  -11.2329  
0.596363  3.1824  1.55383  1.31164  2.92216  -21.5967  -1.20636  -13.1622  3.19514  -13.0845  -29.0093  -9.95304  1.78882  3.19926  -1.16013  -22.1272  2.09709  0.415449  -17.584  -1.05158  28.6842  0.565133  -5.652  -2.70132  -4.02385  5.82004  17.8039  -6.01502  0.260964  -10.4191  
0.192678  6.98519  0.867725  0.700343  0.412282  -2.0413  -2.40019  -2.88492  9.76214  -2.74876  -23.3412  -7.39656  0.516631  11.3369  -1.67306  -12.9098  2.34592  0.082072  -18.8047  -0.900138  -38.6224  -1.64085  2.85723  -4.54362  -2.45048  -3.82411  -0.927765  -4.55084  -1.6241  -4.98  
0.0610895  9.40281  0.681562  0.091961  -1.86192  36.0236  -2.17163  11.1483  7.26291  7.88165  -15.3664  -0.986583  -1.12657  18.3556  0.834785  -2.95659  1.51378  0.563959  -16.0759  -1.15027  -89.9175  -2.55987  15.1589  -2.99717  4.74058  -12.9208  -17.8417  -0.617939  1.93456  0.596875  
-0.119508  7.63862  0.647952  -0.0704619  -2.60706  68.9713  -1.90633  11.9615  3.16386  9.54298  -10.2241  15.7153  -2.40149  15.082  3.32749  5.82862  -0.459731  -0.333283  -11.3615  -1.4687  -132.087  -2.01656  20.4416  1.14042  8.75508  -13.6026  -16.7398  2.20075  4.99136  5.02049  
-0.481798  3.03603  0.449867  -0.333324  -1.85637  74.5186  -2.55643  -1.32563  4.77816  2.09599  -4.8073  35.4201  -2.71719  -1.26271  2.76113  10.1787  -2.36555  -2.29709  -5.46326  -1.23838  -136.638  -0.582283  13.9602  5.57066  5.01581  -5.64798  -1.20445  2.57217  4.0282  9.65087  
-0.907152  -0.644847  0.100793  -1.33188  -0.67572  49.552  -3.55038  -13.8226  9.03497  -6.39993  4.80007  43.0343  -1.89925  -22.8131  -0.941659  7.06222  -3.18477  -3.59685  0.886944  -0.414814  -78.072  0.555686  1.40963  8.01429  -3.54559  3.45209  9.6424  2.42442  1.2168  13.6716  
-1.21683  -1.48011  -0.269168  -2.6554  -0.23819  13.1417  -3.57418  -13.4628  7.00125  -8.17696  16.8694  32.6332  -0.30942  -35.7746  -4.81891  -0.350998  -2.99922  -3.41347  5.48271  0.316282  15.1646  0.192453  -8.11683  7.0632  -11.2564  7.73162  3.5293  3.99205  -0.405907  12.9382  
-1.28917  -1.03718  -0.676817  -3.03658  -0.942289  -10.5215  -2.02077  -5.19079  -3.15403  -0.521987  25.4141  14.5049  1.36294  -31.2212  -5.38  -3.16155  -2.40699  -2.24564  5.94486  0.292774  76.4098  -1.82864  -11.701  2.89657  -15.0153  8.57689  -11.0529  6.64052  -1.13382  5.17856  
-1.02695  -1.74021  -1.15501  -1.73544  -2.00453  -13.3923  0.418595  -3.21314  -13.0428  13.904  26.1375  3.03059  2.49698  -12.3405  -1.53622  3.59808  -1.65135  -0.755254  2.85841  -0.305219  69.4449  -4.05056  -13.5398  -2.15222  -14.8348  9.81719  -16.0287  7.53033  -2.90294  -5.25816  
-0.346613  -3.52663  -1.3919  0.570007  -1.87371  -8.25186  2.4176  -10.921  -14.4138  28.0623  18.879  1.96934  2.86865  7.97603  4.23483  14.1336  -0.706347  0.80266  0.333955  -0.543044  24.8248  -4.33553  -17.3129  -4.59235  -11.1955  10.6262  -6.07838  5.11819  -5.63437  -10.2922  
0.701122  -4.14147  -0.81947  2.41058  0.541019  -12.1794  3.18775  -14.9504  -9.11346  33.0592  5.2706  3.01563  2.71435  17.3328  7.66246  18.0684  0.169863  1.96773  2.28146  0.350772  1.53115  -1.77294  -20.4067  -2.62914  -4.36345  7.06746  5.1871  1.11563  -7.59239  -6.258  
1.82147  -2.73022  0.679727  2.92532  4.61144  -26.9726  3.14988  -3.2106  -6.41416  25.7989  -13.1437  -3.57424  2.54144  13.0629  6.49803  12.4869  0.596485  1.70173  8.06001  2.2239  26.1849  2.19805  -16.6665  1.59679  3.90603  -0.263705  2.92235  -1.48747  -8.73064  2.23494  
2.57112  -1.72051  2.27414  2.46445  8.03402  -37.3759  3.59259  15.3591  -11.1804  15.9411  -33.3937  -20.4277  2.87355  2.77845  2.91728  4.77414  0.791807  -0.778643  12.5715  4.12572  80.6382  4.73847  -3.57882  3.34483  9.79488  -4.21236  -10.3294  -1.87704  -11.0955  7.29357  
2.63932  -4.16972  2.74534  1.92686  8.5452  -28.5146  5.37375  17.6917  -18.54  19.0073  -49.1775  -42.3413  3.8286  -3.37411  1.47402  3.40725  1.48803  -4.80002  11.1503  5.09549  132.494  3.97954  14.0999  -0.236659  9.83375  1.36946  -18.2348  -1.9249  -15.3762  5.55808  
2.06381  -9.4999  1.75296  1.73149  5.90728  -3.11211  7.62991  -4.4517  -20.7093  37.667  -53.378  -58.8564  4.80752  -1.75194  3.91146  8.58036  2.7755  -8.19271  4.30619  4.7928  158.632  0.71425  27.48  -6.84903  4.54415  13.1085  -11.272  -3.27531  -18.5681  0.2383  
1.1836  -12.9739  0.346746  1.5377  2.14661  19.6717  7.98409  -29.5674  -15.6091  52.3875  -42.5874  -57.6626  4.63619  2.87293  6.75355  12.8154  3.44104  -8.56536  -2.55289  3.49372  143.446  -2.20901  29.415  -10.5031  -1.46217  19.6738  1.39321  -4.89237  -16.0316  -3.41672  
0.350321  -10.026  -0.0727648  0.827276  -0.400208  22.2917  4.54648  -27.931  -7.16468  39.4188  -19.0898  -31.7506  2.47878  3.6003  5.01281  9.46633  2.04407  -4.97148  -4.27058  1.67641  78.174  -2.39018  18.4332  -6.72457  -3.42664  12.1302  3.31833  -4.39186  -5.45988  -2.93796  
-0.334082  -1.27253  0.713429  -0.420143  -1.30113  5.83401  -2.01087  3.33196  1.09338  -1.29496  11.2926  12.7893  -1.26887  -0.854838  -1.79462  -0.86124  -1.29298  1.36419  -0.883118  -0.315596  -24.2487  -0.00205789  -0.924123  3.25005  -0.985374  -7.40451  -8.76645  -1.39656  10.8225  0.526381  
