0.728126  -6.01857  -0.300861  2.10729  13.4884  2.56265  13.5872  -0.120772  33.3844  0.862859  19.0708  -4.03505  -0.0197434  0.982896  3.18426  12.287  2.75106  7.65973  -2.28807  -0.860684  2.51686  0.712107  0.110381  5.73477  19.9901  -1.09589  5.106  0.194661  3.95472  0.211352  
-0.90421  22.5752  2.58846  -2.98384  15.8121  1.15349  7.08337  -2.86028  93.1202  0.310987  -24.6956  7.51302  -2.31003  -0.115063  -0.164528  -4.93688  -6.91923  -3.46134  -1.79581  0.399289  -1.61619  -5.46239  1.34225  -20.612  -24.9363  -11.8383  -8.03975  -0.644057  -7.22305  -6.10592  
-2.13966  36.0963  3.55283  -6.67301  10.9076  -1.61678  -4.50387  -10.8603  93.8852  -0.472609  -51.4508  5.50601  -3.26041  -1.34195  -2.46713  -20.58  -12.1981  -14.3098  -1.13166  2.47222  -4.91629  -9.80854  -3.99288  -38.9154  -55.4527  -14.744  -23.769  -1.10755  -14.7484  -8.96729  
-2.67442  27.4114  3.03144  -8.07388  -2.94408  -4.6742  -17.5853  -20.0339  37.96  -1.4865  -53.9949  -5.83641  -3.68895  -2.44489  -4.01713  -31.3513  -12.0432  -22.8351  -0.278906  4.58674  -6.5517  -11.093  -14.4457  -48.7775  -62.1684  -8.77101  -33.2939  -1.07769  -16.6798  -8.71455  
-2.45667  4.75862  3.01002  -7.14158  -19.1623  -5.57313  -23.2666  -21.0692  -24.478  -2.51592  -37.9474  -11.0924  -5.25456  -2.95299  -5.51438  -34.0051  -8.72585  -26.3112  0.549483  4.96094  -6.12165  -9.33205  -21.9326  -52.9682  -45.8431  0.156846  -24.9204  -0.742185  -13.7714  -7.99625  
-1.78049  -12.3698  4.11777  -4.6982  -26.1432  -3.59009  -18.1883  -12.2195  -54.3979  -3.34021  -16.8204  -4.79268  -7.45804  -2.70875  -6.21111  -28.4279  -5.12964  -23.8865  0.932789  2.95612  -4.14806  -5.94972  -20.4808  -48.8333  -18.2136  5.44729  -2.36225  -0.412175  -8.91798  -7.45522  
-1.13581  -11.194  4.54553  -1.93174  -17.5334  -0.786814  -8.92666  -3.17326  -50.6596  -3.85165  -3.5763  1.39081  -7.58929  -2.11469  -4.49212  -18.1839  -2.5865  -17.3267  0.527274  0.16117  -1.96854  -2.90446  -12.3229  -30.391  5.03426  5.77908  13.8572  -0.282528  -5.15825  -4.99488  
-0.855228  -0.39033  2.24512  0.277244  -0.758569  0.265858  -4.09732  -3.28861  -27.8709  -3.93331  -3.49842  -4.48771  -4.19367  -1.77619  -0.741207  -7.98345  -0.988774  -9.26174  -0.533418  -1.04449  -0.867277  -1.32436  -4.92464  -0.332404  14.592  4.89208  6.90859  -0.319887  -3.54529  0.263413  
-0.865654  -3.05282  -2.28441  1.74145  6.3758  -0.905978  -4.9409  -9.15177  4.4363  -3.3184  -12.027  -17.6219  0.498226  -1.89268  1.61163  -0.657671  0.0949496  -1.47091  -1.5157  0.0414394  -1.17808  -0.947865  -3.26013  25.7658  12.2762  6.43823  -17.311  -0.33795  -2.74721  5.13922  
-0.831201  -31.5278  -6.10215  2.70682  -7.47957  -2.69762  -5.52441  -8.99482  31.9865  -1.76317  -18.7331  -21.5977  2.65627  -2.06477  -0.656172  4.15528  0.867282  4.88091  -1.62815  1.66285  -2.19188  -1.00862  -5.98498  32.1611  6.38208  9.99521  -36.0409  -0.195105  -0.923844  5.19853  
-0.538924  -70.3204  -6.6624  3.35252  -32.4482  -3.41974  -1.18045  0.726686  34.9143  0.539084  -15.7949  -9.73054  1.12462  -1.71785  -6.38655  9.19739  1.47041  8.45585  -0.870432  1.46737  -2.83871  -1.37116  -8.49176  18.731  3.35846  12.2007  -33.0974  0.0550898  1.93689  -0.180714  
-0.115897  -87.6721  -4.137  3.4672  -42.9155  -2.57827  6.29304  9.06322  13.9694  2.80494  -4.48469  6.07954  -1.32245  -0.717974  -10.3485  16.386  1.95188  8.34433  -0.166637  -0.933613  -2.46199  -2.44876  -8.02907  0.698133  3.68336  10.777  -13.681  0.190869  3.79529  -6.93708  
0.161498  -63.2477  -0.91762  2.69748  -22.503  -0.5379  11.7508  4.44139  2.50983  4.1166  6.34679  9.3281  -1.22491  0.423948  -8.28034  22.97  2.13734  5.47479  -0.379022  -3.38356  -1.11267  -3.93044  -5.24874  -6.91151  3.92984  6.61062  3.7468  0.0401223  2.93088  -10.5181  
0.213819  -6.83707  0.846215  1.01369  16.5631  2.05325  12.4921  -9.21467  28.9764  4.15638  8.8451  -1.96229  1.78164  0.995678  -1.36937  21.8107  1.82943  2.45843  -1.15757  -3.28394  0.59606  -4.12818  -1.88306  -2.13766  0.920012  2.17876  6.45521  -0.303994  0.271594  -9.59589  
0.238984  46.0738  0.990336  -0.972981  43.364  4.264  9.52415  -16.4182  71.6694  3.43505  3.76061  -14.3975  4.95962  0.749739  4.89001  8.71328  1.08211  1.42078  -1.12288  -0.309175  1.8188  -1.2154  1.62489  6.00342  -5.93553  -0.942333  -2.8358  -0.500916  -1.26456  -5.46323  
0.447101  59.3131  0.903611  -2.31873  39.2079  5.10163  5.08438  -9.71187  79.5688  2.71069  -0.804775  -16.4079  5.53546  0.170077  6.17321  -9.5598  0.212999  2.22037  0.571884  3.04123  1.92536  4.59387  5.83407  8.52658  -14.3117  -2.68351  -11.6613  -0.263974  -0.0421373  0.320173  
0.775766  25.0902  1.74965  -2.40237  15.867  4.42435  1.31328  1.2206  39.9877  2.24604  2.00657  -10.4783  3.18227  -0.00177151  3.04878  -18.234  -0.522803  2.98419  3.0159  3.72671  0.948661  10.3783  10.3992  4.10487  -20.1734  -3.51266  -10.3281  0.317241  2.20419  6.1424  
0.932361  -25.6446  3.27462  -1.4687  0.0711447  3.33452  0.711274  2.82043  -1.04445  1.73098  10.6197  -6.70787  -0.398677  0.489306  -0.483607  -9.29395  -0.973795  2.2653  4.18739  1.0857  -0.365346  12.5635  13.2869  -1.37049  -20.8288  -3.77291  0.199083  0.790232  2.25041  9.25341  
0.703293  -47.296  4.19445  -0.390265  2.94489  3.01118  5.26838  -4.96217  0.478511  0.856932  16.7758  -7.37818  -3.4334  1.13671  -1.27425  7.59604  -0.942855  0.339809  2.88505  -2.52737  -1.18762  10.0413  12.2875  -0.119067  -17.443  -3.78138  9.5934  0.745208  -0.619565  7.28045  
0.177153  -23.6886  3.63538  0.119181  10.1772  3.12961  13.0751  -10.104  25.9079  -0.249521  14.3431  -4.27465  -5.0101  1.21226  0.437826  13.3736  -0.391175  -1.35235  -0.150179  -4.04209  -1.36513  5.25835  7.28894  10.9868  -14.102  -3.57518  7.31792  0.221547  -3.408  1.93063  
-0.340694  12.3856  1.98259  0.138082  3.62728  2.08788  17.5215  -5.12874  21.7982  -1.21355  6.44864  8.60569  -4.82058  0.543111  2.18069  0.361967  0.206843  -1.61916  -3.03629  -2.56867  -1.39209  1.99068  0.649453  26.2577  -13.6346  -2.34695  -7.38929  -0.321752  -2.83786  -0.740269  
-0.595112  11.4294  0.322978  0.164864  -13.9464  -0.947622  12.0526  4.29432  -21.9168  -1.80855  3.52535  23.462  -2.92147  -0.308831  2.05652  -18.1498  0.212731  -0.326162  -4.38736  0.00625921  -1.55675  1.91471  -4.97173  33.8538  -13.9514  0.884955  -23.4876  -0.46428  0.493828  3.70241  
-0.53763  -39.2399  -0.766176  0.282415  -20.0974  -4.61776  -2.6996  8.56585  -55.0907  -1.97788  13.1439  25.6226  -0.0443459  -0.634065  0.298274  -21.8669  -0.301467  1.74888  -4.04824  1.16069  -1.33597  3.39234  -8.85891  25.5218  -10.0125  5.42542  -27.7716  -0.215226  2.57428  11.8907  
-0.293282  -99.554  -1.56731  0.0592079  1.89379  -6.50372  -17.9265  6.23184  -36.188  -1.6779  30.8275  10.6024  2.33395  -0.309495  -1.4526  -5.81592  -0.34081  3.39532  -2.59734  0.177088  0.0490386  3.60703  -12.1634  5.45996  0.161658  8.27347  -17.6657  0.0558137  0.805217  14.9147  
-0.0367047  -117.03  -2.36602  -0.434444  42.636  -5.55777  -23.6222  2.76868  8.61502  -1.04573  41.5939  -9.15918  2.93973  0.119856  -1.7912  14.5629  0.761426  3.48535  -0.64196  -1.57381  2.51554  1.66929  -15.6004  -12.1705  12.6632  6.45185  -3.69639  0.0372005  -2.64166  8.21781  
0.104478  -78.5669  -2.78237  -0.092817  72.3306  -2.94757  -17.4993  1.01422  20.1996  -0.681336  32.5483  -18.1617  1.72379  0.0590005  -0.503433  20.3163  2.19765  1.64437  1.26511  -2.31754  4.85355  -0.575169  -17.7198  -16.4194  20.6466  0.286488  1.9892  -0.233601  -3.29082  -2.20989  
0.10776  -18.306  -2.30136  2.05941  65.7793  -0.628553  -6.50681  -1.33991  -13.3287  -1.25436  5.2701  -15.316  -0.216916  -0.478139  1.52277  7.73003  2.42135  -1.40948  2.52957  -1.38816  5.69816  -0.746081  -16.1832  -9.32679  19.6228  -6.43469  -1.22903  -0.47098  0.221105  -5.78562  
0.068926  21.0876  -1.16323  5.03165  23.0037  0.51444  0.652594  -5.24388  -42.0205  -2.49271  -24.2238  -13.1031  -1.71746  -0.8417  2.96922  -10.3621  1.06347  -4.23154  2.7306  0.799605  4.66253  1.35527  -10.5021  -1.6459  10.126  -10.1166  -2.37633  -0.463256  4.48308  0.563762  
0.134327  21.8328  -0.127177  6.10524  -31.6467  1.03124  1.98549  -6.89933  -21.7595  -2.90362  -38.9547  -19.4001  -2.46183  -0.384485  2.84578  -18.7893  -0.449173  -5.66534  1.98725  3.56731  2.44748  3.46764  -3.004  -0.299143  -3.44631  -10.4844  8.43467  -0.251606  5.42694  8.44986  
0.342239  -5.89941  0.593615  3.67404  -68.8937  1.797  2.53153  -3.29732  24.8873  -1.1584  -35.1203  -24.9296  -2.86167  0.83966  1.03559  -12.9155  -0.637758  -5.57198  0.869133  6.20391  0.0513982  3.16433  3.09329  -2.45742  -14.9871  -9.45781  28.0664  -0.0436145  2.88348  7.32858  
0.538322  -35.9498  1.54166  -0.416292  -76.07  2.91114  6.60732  2.09552  38.1275  2.12335  -23.8206  -14.2535  -3.42112  2.006  -1.51739  0.647348  0.243826  -4.45141  -0.0934126  7.6549  -1.86129  0.286772  6.04147  -1.43484  -18.6093  -7.62048  42.1254  0.00312409  0.197166  -3.92393  
0.487955  -36.9724  2.91176  -2.37696  -63.1508  3.66546  11.3581  2.51612  -0.209892  4.47136  -19.1147  13.4351  -4.35001  2.22826  -3.22373  11.8774  0.684992  -2.44459  -0.749661  6.69117  -2.98872  -3.04466  5.96565  4.53333  -11.8794  -3.33888  38.2861  -0.106327  -0.112326  -16.6659  
0.129509  8.74975  3.86942  -0.596062  -48.1834  3.34697  9.96721  -3.97715  -40.3136  3.93017  -24.2991  38.9241  -5.4535  1.36509  -2.87659  14.7984  0.0474006  0.925154  -1.22278  2.98731  -3.21702  -4.49888  3.79578  11.0468  0.949715  4.08408  17.7939  -0.2332  1.07327  -22.6859  
-0.287857  77.2515  3.61893  2.42162  -36.409  1.94613  1.21421  -11.8984  -23.1793  1.19337  -29.6909  41.6317  -6.05584  0.161071  -0.728098  10.3017  -0.526815  5.7078  -1.61989  -2.04476  -2.67466  -3.47509  0.614277  12.7368  10.7081  11.666  -5.86122  -0.201652  1.47661  -21.774  
-0.375879  104.325  2.73796  2.90766  -15.9338  0.23275  -6.92513  -14.0411  46.3183  -1.05781  -23.2031  20.928  -5.04445  -0.469689  1.57254  4.42308  0.327024  10.4019  -1.91505  -5.88092  -1.77978  -1.1458  -2.12508  7.7936  11.8269  14.9924  -19.1311  0.0994678  0.680645  -18.4335  
0.0269696  42.8663  2.56964  0.155658  23.1645  -0.758412  -5.46215  -8.5339  101.728  -0.983891  -3.66414  -4.75841  -1.75931  -0.259434  2.39179  3.48067  2.26641  12.5207  -2.00556  -6.68355  -0.94222  0.913348  -2.769  -1.61479  9.25095  13.0862  -19.2627  0.608376  0.247521  -14.0708  
0.649223  -74.7808  3.18911  -2.77441  67.9958  -0.443348  4.53997  0.0289859  85.9521  0.598785  16.3403  -17.4243  3.03695  0.2883  1.55832  8.3977  3.36609  10.6855  -1.7782  -4.64213  -0.207406  1.90295  -0.623726  -10.6579  13.6793  9.46696  -14.2298  1.05399  1.0119  -5.59031  
0.98519  -155.086  2.96924  -2.78107  87.7963  0.851426  12.2441  5.53128  7.20749  1.36079  21.3944  -15.5259  7.23951  0.520238  0.357224  13.1439  2.20061  6.24307  -1.22896  -1.62371  0.615331  1.9211  2.94805  -13.5534  27.5347  7.48999  -12.6516  1.10602  1.60276  8.43916  
0.741398  -141.273  0.750466  -0.206019  64.1126  1.99947  9.15895  6.22801  -76.6756  0.119998  7.86385  -9.13532  8.91929  0.220826  0.0247992  10.4265  -0.617641  2.32375  -0.576879  0.46735  1.42558  1.39792  5.08943  -7.00056  38.8507  5.88041  -14.4412  0.66975  0.295373  23.234  
0.104571  -77.8692  -2.1659  1.85167  14.0113  1.78537  -1.35546  5.65847  -116.884  -1.92025  -11.9208  -5.71972  7.80053  -0.379325  0.574147  0.122494  -3.03262  1.04378  -0.172299  1.06845  1.65464  0.642827  3.63364  5.89305  33.1116  0.684246  -11.5064  0.042708  -2.44946  31.3106  
-0.454709  -50.791  -3.21664  1.18336  -21.3036  -0.17293  -9.05662  7.4544  -104.954  -2.47724  -20.5773  -3.86663  4.97587  -1.00177  1.34352  -9.19085  -3.36944  1.58263  -0.0968187  0.879345  0.816079  -0.14895  -1.00948  16.451  10.6031  -8.46683  2.38896  -0.322191  -4.232  29.5265  
-0.64177  -68.1036  -1.64008  -1.53468  -13.7994  -2.95991  -9.52202  9.912  -55.1207  -0.475401  -11.1743  -1.27982  1.65958  -1.5123  2.19981  -8.84477  -1.50982  1.19027  0.0367453  0.67686  -0.796492  -0.781842  -5.89992  17.6999  -11.7053  -16.1054  22.9321  -0.280884  -3.49846  21.1314  
-0.562771  -37.3348  0.602109  -4.04812  24.765  -4.81581  -8.19092  7.7169  20.2015  2.8851  7.70539  -0.358424  -1.35436  -1.76781  3.50008  -0.00773534  1.2707  -1.81947  0.646634  0.456024  -2.15077  -1.18676  -7.7299  11.1978  -18.0128  -16.2756  37.0705  -0.152201  -1.36735  11.4392  
-0.480615  116.278  1.33961  -4.83752  52.2926  -4.3704  -11.5003  -0.258056  103.698  5.05122  21.8587  -4.47636  -3.17069  -1.51121  4.92249  6.97688  3.2304  -6.19835  1.48436  -0.194579  -2.3283  -1.57052  -5.67429  5.3235  -9.81035  -9.31906  33.794  -0.298736  -0.189955  3.1958  
-0.41342  330.147  0.77947  -3.72252  33.5772  -1.77404  -17.4744  -7.64413  158.454  4.14743  25.0734  -9.86176  -2.67458  -0.598354  5.0635  4.14427  3.07059  -8.95202  1.74103  -1.02489  -1.30809  -2.19554  -2.35479  6.11977  -1.37048  -1.72999  13.7037  -0.577643  -0.603069  -3.57813  
-0.105064  440.772  0.790431  -1.098  -27.1467  1.27797  -18.7886  -7.98055  146.168  0.524796  22.5077  -9.16507  0.0680466  0.690811  2.88526  -5.0038  0.771964  -8.37066  1.05348  -0.880943  0.117885  -2.83098  -1.60088  11.2781  -2.46214  1.00342  -11.5108  -0.410054  -0.64268  -8.98575  
0.563888  347.184  2.17073  2.26659  -86.442  2.76293  -12.8201  -3.77253  69.5941  -3.38341  22.0898  -0.955798  2.8683  1.71058  -0.686938  -9.91701  -2.07077  -5.70472  0.180004  1.07597  1.13471  -2.62258  -4.81514  13.4746  -9.4322  -0.0436216  -28.7395  0.474955  1.88925  -12.1964  
1.24431  115.921  3.68431  4.87712  -96.6984  1.94627  -4.96482  -3.58471  -18.0541  -4.93953  25.1039  6.7284  2.9083  1.91677  -3.23282  -6.03457  -3.09059  -3.51846  0.136566  3.95325  1.52161  -0.843157  -9.4944  8.80468  -13.0159  0.256504  -32.8152  1.48914  6.38834  -12.7351  
1.35968  -94.6902  3.85217  4.9477  -47.9264  -0.0812742  -0.803629  -9.37359  -60.9761  -3.46899  25.7256  6.82661  -0.294071  1.31682  -3.13916  -0.780596  -1.09813  -2.68276  0.691079  5.41061  1.56219  2.06447  -11.7903  0.443657  -9.66045  4.21765  -27.4509  1.64196  9.34148  -11.478  
0.714686  -190.147  2.74738  2.18249  21.5093  -1.47713  1.18368  -12.0514  -53.2886  -0.764342  18.1951  2.37854  -3.99895  0.459375  -1.16417  -4.51847  2.45321  -1.51732  0.288265  3.79464  1.53311  4.38017  -10.4373  -5.51276  -2.042  8.48913  -18.442  0.622878  7.55591  -9.67072  
-0.220414  -199.423  1.43575  -1.37202  58.4501  -1.29473  6.47348  -3.72563  -32.5344  0.682857  2.62847  2.29596  -5.05296  -0.021308  0.458325  -16.8189  4.52587  1.83452  -1.97458  -0.0103456  1.45259  4.45065  -7.40918  -5.87053  6.53842  8.24402  -7.8263  -0.745721  1.63742  -7.26517  
-0.736428  -196.16  0.299768  -2.80484  43.2857  -0.0952824  15.2044  9.39749  -25.4558  0.0342632  -15.1397  8.51964  -3.25885  0.0784899  0.222417  -24.983  3.45743  6.68903  -4.58095  -3.24505  1.27128  2.32243  -4.44374  -2.02364  13.1201  2.99581  5.05224  -1.33027  -4.18742  -2.93313  
-0.573622  -202.971  -1.21718  -1.22488  5.19703  0.898234  20.3098  13.1635  -16.9403  -1.31038  -27.8709  13.2487  -1.40509  0.396311  -1.50783  -17.4791  0.806068  10.1484  -4.54099  -3.9128  1.11018  -0.022794  -0.101047  2.40134  12.8116  -2.8502  18.9412  -0.886154  -5.94718  3.92725  
-0.113169  -190.965  -3.24728  1.35936  -11.3298  0.992393  15.8297  4.29421  17.6219  -1.40931  -31.0118  9.25314  -1.79973  0.403932  -3.17211  3.17206  -0.406224  10.1333  -0.583683  -2.56254  1.11086  -0.507849  8.01381  4.03656  2.28044  -4.76783  29.966  -0.230772  -3.47841  11.1805  
0.105943  -143.696  -4.76194  2.08743  8.24568  0.373739  4.61571  -4.26291  64.3696  0.19568  -24.6426  -0.525739  -3.5134  -0.0409026  -3.40864  22.5943  0.707216  7.50622  4.84663  -1.22995  1.078  0.897414  18.1985  1.23723  -12.3564  -2.40665  35.27  -0.184268  -0.128741  14.5822  
-0.0278874  -85.4356  -4.62764  0.310224  40.3097  -0.440442  -4.45665  -0.469668  76.5091  2.27349  -13.5729  -8.26848  -3.61089  -0.548633  -1.94384  29.1989  1.66975  4.92658  7.33472  -0.883151  0.485452  2.14675  23.8093  -4.49926  -17.4817  0.806218  35.0802  -0.559053  0.891949  11.2359  
-0.154315  -43.8761  -3.01476  -1.74878  55.8664  -1.14272  -6.17494  10.1634  28.5991  3.44589  -4.59778  -11.8116  -0.660361  -0.6574  0.248391  23.7727  -0.376691  3.94249  4.57148  -0.436526  -0.965243  1.48955  19.4278  -7.79453  -5.57339  1.63091  29.1669  -0.419486  -0.58256  2.78946  
0.0724545  -14.8133  -1.22984  -1.26957  51.1403  -1.60945  -3.63887  11.9877  -47.1848  3.4923  -1.40954  -15.3715  3.5537  -0.408698  1.62155  14.3777  -4.82656  3.63318  -1.4161  1.5381  -2.77704  -0.468557  7.46  -2.18443  15.2094  0.0768469  14.3565  0.704923  -2.31606  -5.36113  
0.552424  18.5662  -0.250206  2.16949  42.3172  -1.677  -3.3476  1.00542  -91.2299  3.09833  -1.62281  -19.7956  6.01708  -0.341375  1.29864  5.34172  -7.76943  1.89758  -6.15542  4.5742  -3.83763  -1.58689  -3.2571  12.6816  28.8885  -1.09419  -10.9556  2.12124  -2.52387  -8.6662  
0.843964  46.6355  0.170006  5.9128  38.5047  -1.25528  -6.90973  -9.38436  -77.7656  2.68506  0.197586  -19.1267  5.53813  -0.796451  0.146045  -4.79998  -6.25252  -2.25671  -6.80638  6.38399  -3.36367  -1.00346  -6.72456  26.4486  28.5364  0.585929  -39.2713  2.63773  -1.49128  -7.05991  
0.630413  38.2301  0.81522  6.47807  30.1333  -0.590999  -9.35338  -6.77  -35.7097  1.87487  5.85643  -9.37292  3.55187  -1.38209  0.0862748  -15.2672  -1.73738  -7.5879  -4.32001  5.19002  -1.68425  -0.269288  -6.34028  24.5343  20.4659  4.6582  -55.607  1.80661  -0.56014  -3.91729  
0.0321428  -13.453  1.75493  2.79032  3.32906  -0.128743  -4.70797  3.46818  -8.61086  0.149663  11.5243  3.29666  2.35297  -1.31081  1.82326  -18.2626  1.5013  -11.3231  -1.80947  1.63523  0.0496455  -1.24981  -10.0401  3.1075  12.822  7.61713  -50.5481  0.325621  -0.306728  -2.0489  
-0.539015  -66.7697  2.12269  -2.50944  -42.417  -0.0184148  7.11701  6.25721  -2.90743  -2.20198  13.111  9.58443  2.93736  -0.349444  3.54429  -6.75698  1.1722  -11.0875  -1.18552  -1.88161  1.012  -3.42533  -19.1979  -23.1889  5.51776  5.57904  -30.7339  -0.77769  -0.208653  -1.63677  
-0.768042  -66.9703  1.18994  -5.19338  -92.7838  0.0455331  19.1596  -1.99939  10.7877  -4.00938  11.7694  8.88015  4.4949  0.790886  2.80247  13.977  -0.788777  -6.92009  -1.60595  -3.53745  1.46951  -4.38914  -25.1467  -32.1146  -5.02684  -2.03413  -12.4564  -1.15555  0.269337  -1.77209  
-0.642348  -3.61049  -0.569095  -3.28991  -128.821  0.342524  22.8482  -9.03782  48.2136  -4.13737  11.2684  9.5441  5.54257  1.20238  -0.370693  27.6564  -0.934086  -1.75084  -1.02272  -3.40407  2.29514  -3.14245  -18.7215  -15.3166  -14.8983  -10.9347  -3.78365  -1.21499  0.858257  -2.187  
-0.329855  75.5432  -1.76426  0.996898  -135.22  0.695739  15.0572  -4.63671  79.478  -2.50615  10.9568  14.8997  5.11685  0.870345  -3.10988  22.9337  1.5825  0.685834  1.24678  -2.6754  3.75783  -1.7514  -1.84229  12.3686  -13.9081  -14.5985  3.62672  -1.35947  0.948245  -2.39831  
0.0436034  108.776  -1.47733  3.4575  -105.523  0.803664  1.07671  5.12643  60.6358  -0.232362  5.71969  17.3768  3.3853  0.742056  -3.19325  6.10539  4.33916  -0.716766  3.82929  -2.16258  5.00198  -2.69439  13.2936  26.8219  1.46089  -9.83074  21.7087  -1.44971  0.422993  -0.5214  
0.437295  76.3628  -0.220261  2.18745  -48.4575  0.957845  -9.69005  7.15602  -5.29943  1.27857  -5.13987  8.84973  1.35838  1.55095  -2.02801  -5.60333  4.68159  -3.03691  4.97683  -1.8251  4.84584  -5.08286  17.0642  18.178  20.3038  -0.395328  47.0434  -1.1095  -0.271583  4.81751  
0.777012  14.7094  0.661963  -0.658863  10.5462  1.87653  -11.7797  0.199111  -59.1842  1.50494  -12.8147  -4.82895  0.168533  2.75162  -2.90686  -3.2363  2.59997  -2.09296  4.44846  -1.35525  2.99827  -5.0367  11.8747  -1.35155  26.4307  5.71356  59.5267  -0.353453  -0.664275  11.2631  
0.907065  -18.9484  0.585289  -1.46194  42.7302  3.5414  -8.38619  -4.01965  -49.5318  1.17072  -7.76338  -9.09934  0.309021  2.92264  -6.21715  4.82903  0.310648  3.18482  3.40887  -0.632625  0.323778  -0.422701  7.11029  -12.8472  14.8672  3.50943  42.9702  0.340015  -0.585744  13.6682  
0.725345  1.0904  0.306155  0.638339  38.4638  4.49815  -7.49585  1.51436  5.23046  1.44602  6.72303  1.34318  1.333  1.34724  -8.01176  4.47585  -0.355339  9.51739  2.74439  0.412744  -2.01411  5.87991  6.88777  -10.7922  -4.22408  -4.12818  4.93983  0.580595  -0.00760164  9.83102  
0.321644  45.2466  0.732741  2.97036  16.7439  2.96962  -12.6161  8.36292  36.7205  2.69444  15.1563  14.047  2.3682  -1.0143  -4.41779  -7.01453  0.336951  12.6286  2.01708  1.85831  -3.46225  8.638  6.38544  -6.13808  -16.9  -9.33526  -27.3233  0.470652  0.984506  3.95812  
-0.0804195  55.7054  1.49772  2.49848  7.5616  -1.05761  -18.0081  4.38999  9.78178  3.96579  6.63976  13.4666  2.74101  -2.33206  3.16443  -18.7199  0.837294  11.3508  0.304633  3.35492  -4.11526  5.95155  0.618178  -11.1849  -18.228  -7.20436  -32.7453  0.364678  1.98832  2.29359  
-0.316886  2.67959  1.37697  -0.632782  22.3163  -5.15663  -14.9898  -8.54167  -34.5852  3.78186  -11.8547  -1.79762  2.35439  -1.71451  8.78636  -19.7853  0.162886  7.98999  -2.32533  3.89331  -4.13238  1.07581  -6.84156  -24.8424  -13.3779  -0.137651  -16.5532  0.391257  2.36234  5.43255  
-0.379243  -82.2653  0.0788453  -3.60953  42.9026  -6.35549  -3.12127  -15.6592  -31.9638  1.56394  -23.3295  -18.0898  1.42911  -0.0603696  8.24469  -11.0565  -1.14562  5.17436  -4.65121  2.50921  -3.40604  -1.42062  -6.91779  -33.9896  -8.84542  5.78792  -2.44508  0.40038  1.69958  7.31137  
-0.32996  -133.983  -1.06224  -4.13689  42.2199  -3.87079  7.03143  -7.94124  23.7068  -1.63764  -20.6585  -23.735  0.317588  0.930039  3.65438  -1.18399  -1.79064  3.29348  -5.54701  -0.5697  -1.83171  -0.22405  4.03446  -27.7111  -6.65008  7.73636  -5.29472  0.304994  0.161654  2.74417  
-0.204074  -117.184  -0.688707  -2.57876  15.0609  0.230506  4.42837  6.52211  68.8231  -3.86203  -13.734  -20.3806  -0.505616  0.478028  0.865379  4.92614  -1.14484  1.19406  -4.93661  -3.65211  0.289074  2.52659  19.437  -8.34683  -5.44617  8.18489  -16.4181  0.219881  -1.7895  -5.87167  
-0.0473098  -59.1377  0.73057  -0.68275  -13.9981  2.97704  -9.57398  12.808  44.0836  -3.82661  -15.2167  -17.6569  -0.612726  -0.653242  2.96213  9.83343  0.119559  -1.54708  -3.37822  -4.83665  2.23862  4.42899  29.1987  11.4006  -4.21074  10.2023  -17.653  0.175245  -3.70974  -11.2459  
0.00716995  -15.4978  1.44828  0.593659  -15.6973  2.95036  -21.0211  6.92284  -36.1367  -1.91674  -24.0871  -20.1243  0.0138944  -1.16267  7.1436  16.4199  0.741  -3.90782  -1.19671  -3.76653  3.23733  4.90437  29.228  20.4165  -3.1188  12.302  -5.83967  -0.086713  -4.89773  -9.74411  
-0.179196  -9.16411  0.874368  1.43794  11.1365  0.940474  -16.9926  -1.40476  -97.9496  0.333777  -27.6731  -21.8928  0.695373  -0.617145  8.23667  21.6977  0.218799  -4.82025  1.37229  -2.10007  2.87223  4.35631  22.587  18.0064  -1.62881  9.55694  4.74746  -0.788332  -4.09691  -4.88672  
-0.551283  -13.9663  0.544207  1.9118  35.2805  -1.26033  1.17293  -2.14614  -82.4042  1.7599  -18.6687  -13.1196  0.631273  0.220512  4.28069  19.9065  -0.754132  -4.49062  3.35499  -2.04382  1.37683  2.88514  13.3158  11.419  0.731727  -0.214178  4.82574  -1.62409  -0.371867  -2.21323  
-0.794981  1.64514  2.02334  1.51292  24.1913  -2.30086  19.5506  4.08491  0.618431  2.52886  -4.4118  10.5887  -0.297018  0.369657  -1.78348  10.1395  -1.16158  -3.97629  3.25938  -4.14129  -0.385835  0.679806  2.29532  6.15995  2.72226  -12.5901  5.78829  -1.83974  5.21065  -3.08409  
-0.570396  29.5124  4.39051  0.220243  -22.112  -1.81318  25.3865  9.9384  86.3678  3.49138  2.38918  42.3928  -1.36009  -0.268769  -5.51932  -1.76461  -0.872466  -3.87485  0.778798  -6.46132  -1.37785  -1.04544  -10.454  0.3809  2.44048  -19.7269  24.2828  -0.959796  9.28967  -5.19593  
0.150941  31.9789  4.79989  -1.00242  -71.4234  -0.169767  17.8728  11.7546  112.334  4.65114  -1.25845  66.07  -1.79534  -0.835223  -5.34763  -8.95001  -0.654596  -3.89284  -2.04001  -6.16012  -1.12117  -0.759097  -22.0093  -9.93558  0.452704  -17.3255  54.3994  0.624672  8.62882  -7.18539  
1.00755  -7.72855  1.77928  -1.15293  -92.3463  1.79936  5.93577  11.7635  65.9108  4.73168  -6.41614  65.6928  -1.52916  -0.477661  -3.36306  -9.74963  -0.890596  -3.51442  -2.27063  -2.09326  -0.0819505  1.55225  -27.6724  -22.1262  0.218021  -8.20428  67.0609  1.92651  3.31434  -9.49895  
1.53607  -59.2653  -2.77455  -0.514508  -80.3501  3.10971  -1.87708  11.2826  -8.00973  2.68982  -3.63838  38.6553  -1.06709  0.731698  -2.34894  -8.22311  -0.809775  -2.63202  0.816213  3.99819  0.784712  3.91785  -25.9317  -26.5346  2.76159  0.968244  43.1029  2.24037  -2.78939  -10.691  
1.55941  -77.3062  -5.45465  -0.179793  -49.5838  3.17862  -3.54153  6.52343  -45.0783  -0.509046  7.16019  1.07168  -0.720563  1.87076  -2.69429  -9.66333  0.655314  -1.32753  4.51979  8.92585  0.95631  4.19958  -20.7012  -17.1625  4.01429  5.98188  -0.599412  1.71457  -5.3722  -6.50044  
1.28255  -52.444  -4.8912  -0.556051  -8.13915  2.31919  -1.69713  -6.26174  -18.9104  -2.32904  19.0403  -24.046  -0.296344  2.10698  -2.51209  -15.3  3.23694  0.601369  5.14227  10.6428  0.736721  2.14482  -17.454  -0.403947  0.233854  7.91992  -27.9515  1.07219  -3.55437  4.65252  
1.02725  -20.0793  -2.85976  -0.728868  46.3868  1.48069  0.657971  -23.1346  33.2218  -1.38785  26.9815  -26.9179  0.490419  1.46406  -0.480979  -20.2472  5.17092  3.4367  1.72795  9.42939  0.686545  -0.550572  -17.3917  10.4629  -4.98022  10.2669  -25.1501  0.868499  -0.336924  16.7684  
0.896073  -18.7172  -1.90653  0.32773  106.05  1.2511  1.31465  -33.3574  47.3755  0.646575  31.5082  -19.9006  1.52383  0.63328  2.13619  -17.1592  4.90197  6.83361  -2.98109  6.79782  0.84148  -2.05575  -16.4829  10.2453  -3.51518  13.8813  -15.5936  1.06246  0.706165  20.4955  
0.70931  -47.2635  -2.67064  2.3926  140.452  1.13606  -1.60031  -29.097  1.8173  0.675191  34.0261  -22.0058  2.32661  0.140622  2.54932  -3.94726  2.74524  9.47248  -5.40907  3.73788  0.716389  -1.99126  -10.7124  7.94207  4.89335  15.645  -28.6634  1.21583  -1.09826  13.2559  
0.245106  -68.1143  -3.90134  4.19287  118.723  0.030601  -8.08262  -13.2782  -57.0654  -2.16335  32.0286  -36.3103  2.50151  -0.138756  -0.525334  11.5003  0.542897  9.78396  -4.63659  0.333123  0.0221057  -1.46054  -1.59023  15.0812  9.19945  12.1265  -61.1581  0.96611  -3.33869  2.89176  
-0.50751  -48.6234  -4.50799  4.5879  43.6571  -2.49877  -14.0408  3.39358  -65.211  -5.16153  21.4046  -45.0834  1.9437  -0.601551  -5.27596  17.2461  -0.341792  7.18612  -2.75869  -3.23169  -0.91349  -1.78523  4.83418  29.6109  0.366916  3.97731  -79.013  0.261238  -3.3515  -0.606822  
-1.32848  5.81733  -4.72134  3.31708  -43.0436  -5.44271  -13.3332  12.7729  -8.33074  -4.9812  3.29406  -30.8779  0.833173  -1.24754  -8.34307  10.0792  -0.362019  2.63984  -2.15158  -5.92084  -1.55295  -3.1957  4.74046  35.9437  -13.4182  -4.06793  -55.7944  -0.728476  -0.892936  4.01394  
-1.94915  57.1743  -5.1244  0.51923  -93.8831  -7.01502  -3.84946  14.8901  64.8907  -1.59147  -13.7761  2.15394  -0.500577  -1.59902  -7.86054  0.846012  -0.884092  -1.97847  -2.99565  -6.48841  -1.74604  -4.45695  1.18734  22.4368  -12.1596  -7.69653  -1.678  -1.75676  1.83912  8.71889  
-2.2108  68.6825  -5.31826  -3.43315  -92.7732  -6.0927  8.69544  13.3674  94.0528  1.55072  -20.5285  29.4567  -1.58233  -1.32512  -4.88256  3.66507  -2.32996  -5.05665  -3.64893  -4.74467  -1.67779  -3.89285  0.433262  -3.92682  11.8768  -6.8582  48.1283  -2.52439  2.48386  6.16274  
-2.07544  32.2447  -4.28026  -7.6153  -60.9957  -3.09769  15.4027  8.85614  56.75  1.42385  -16.0099  31.3205  -1.98694  -0.706576  -1.99804  19.2163  -3.62315  -5.91884  -2.84136  -1.96907  -1.33791  -1.10597  3.94035  -23.267  41.3861  -4.6717  68.0026  -2.71096  0.735539  -2.0314  
-1.58834  -29.6368  -1.93833  -10.0964  -32.0023  0.289365  12.8278  0.28522  -28.2201  -1.18656  -8.55265  13.1611  -1.71031  -0.300684  -0.63894  31.6116  -3.52835  -4.6832  -0.905008  -0.0188934  -0.43135  2.22391  6.30968  -22.4194  50.5081  -3.20613  60.834  -2.20317  -1.44531  -7.89393  
-0.898886  -81.0075  0.352996  -8.91226  -23.9326  2.36008  6.21354  -8.84842  -123.364  -2.81507  -7.03039  -1.4482  -1.28152  -0.225789  0.167602  23.7206  -2.17161  -1.91651  1.03553  0.042966  1.0019  3.61045  2.87396  -7.15597  33.1476  -1.64666  45.7765  -1.33847  -1.62936  -6.36732  
-0.268587  -91.9375  1.281  -3.74873  -31.9345  2.50576  2.7714  -10.8048  -190.547  -1.38965  -11.2871  2.76608  -1.49591  -0.0507481  2.45868  -4.93525  -0.903048  1.45255  2.35835  -1.34714  2.17883  2.09589  -2.40978  4.98133  9.1142  1.11794  34.8713  -0.754815  0.859136  -0.0272369  
0.0813385  -53.8566  1.12661  3.18034  -38.5201  1.47927  3.06908  -2.6433  -197.533  1.70068  -13.0183  16.337  -2.62014  0.52306  6.70855  -36.9445  -0.810074  4.18285  3.1074  -2.7205  2.17802  -0.835079  0.127708  1.47278  -0.0291304  3.4834  24.6473  -0.776126  4.23242  4.9831  
0.210445  13.209  1.28651  8.39297  -29.4126  0.691352  1.04902  8.18039  -132.502  3.69691  -6.29821  18.1795  -3.91857  1.10526  10.7448  -51.9078  -1.60598  5.26141  3.32736  -2.80952  1.00944  -2.81161  13.9932  -15.2248  4.93244  2.41037  7.36142  -0.940941  5.80143  5.73709  
0.470313  68.2211  2.28153  9.60329  -4.48896  1.02846  -7.04396  11.3895  -23.2892  3.72057  4.15967  1.86357  -3.97826  0.992106  11.5203  -41.8114  -2.14713  4.68058  2.90214  -1.58551  -0.21104  -2.89265  30.0686  -31.3663  4.93185  -2.1605  -14.7817  -0.341537  4.43198  4.06533  
1.14161  77.0258  2.87656  7.20714  22.1721  2.1419  -16.0423  6.45255  70.9433  3.21887  7.21306  -15.4448  -1.94266  0.0896236  8.12476  -14.3368  -1.68019  3.54601  2.06355  -0.188008  -0.361793  -2.0166  34.9037  -33.3093  -11.5784  -5.87121  -29.815  1.36722  1.52868  2.64471  
2.01979  41.4853  1.61738  3.63358  34.3538  2.78728  -16.2627  3.20114  99.2551  3.53787  -2.29389  -12.9496  1.38687  -0.811801  2.82042  14.3843  -0.322391  3.04411  1.47168  0.267441  0.535949  -1.33879  24.9623  -17.4119  -33.2526  -4.33015  -30.0339  3.33161  -0.413005  1.26594  
2.45606  1.00323  -1.11335  1.04842  28.4916  2.08916  -4.59249  8.59874  57.2558  4.04182  -16.8015  8.46654  3.87766  -0.795207  -1.24346  29.4765  1.35248  3.03455  1.44203  -0.163704  1.44202  -0.62613  10.0303  7.69091  -39.4415  1.51719  -22.3237  4.06062  -0.165457  -2.29834  
1.93685  -4.44419  -3.27894  -0.232522  14.9191  0.520832  10.8182  16.6646  -7.09967  3.05525  -22.914  26.2907  3.79072  0.204424  -3.05112  24.8999  2.87019  1.99876  1.35996  -0.398858  1.49972  1.24833  2.04426  27.6449  -24.6241  5.8931  -20.3453  2.79638  1.36515  -8.42905  
0.642826  25.5065  -3.58978  -1.47133  2.88724  -0.571982  18.1505  15.5287  -27.9686  0.187862  -14.4629  22.4265  1.48066  1.32236  -3.9331  7.00723  3.81709  -1.15752  0.373227  0.346314  0.873955  4.36789  2.90169  33.5821  -5.35605  4.5419  -26.2398  0.330952  2.44086  -13.6718  
-0.639816  50.5867  -3.08656  -3.69365  -11.1092  -0.494784  13.3455  2.84682  27.6053  -2.94742  2.098  4.65175  -0.896489  1.5868  -5.05221  -9.10461  3.79274  -5.2058  -1.32456  1.57446  0.318944  6.93356  4.81935  28.3724  -2.55795  -0.557933  -25.0751  -1.62425  2.21674  -13.3936  
-1.23992  31.0936  -3.7077  -6.47128  -33.3662  -0.0430832  2.72041  -10.5932  121.118  -4.32247  15.0197  -3.2643  -1.40667  0.736965  -5.72399  -11.1161  2.76255  -7.00289  -2.43268  2.06219  0.150664  6.74084  0.794493  21.347  -19.0155  -3.8714  -3.53524  -1.97744  1.10269  -6.83915  
-1.21311  -33.9673  -5.45628  -8.26817  -52.1159  -0.536819  -4.88466  -13.5055  154.269  -3.399  18.4388  9.3412  -0.0900854  -0.70503  -4.84569  -0.515746  1.38789  -4.43525  -2.07612  1.28849  -0.0928668  3.49607  -8.10618  16.8393  -36.6943  -2.85664  28.2965  -1.18979  -0.167937  0.7363  
-1.16067  -106.448  -5.86228  -7.83589  -38.8195  -2.07015  -6.60304  -6.67443  53.0727  -1.32077  15.5377  25.6729  1.42157  -1.91847  -3.00362  8.7296  0.645754  1.09438  -1.08339  0.007059  -0.954581  -0.681054  -15.461  10.0563  -34.7795  -0.37781  41.6777  -0.656925  -1.26767  1.98556  
-1.44281  -140.098  -2.78257  -5.13661  18.3776  -3.13454  -5.12638  -0.349857  -139.576  0.417623  11.6968  20.5869  1.90569  -2.25028  -1.90341  4.47889  0.853125  5.67905  -1.12838  -0.720058  -2.22191  -3.10226  -16.459  -4.54881  -10.3803  -0.54468  20.3911  -1.17899  -2.08651  -5.4527  
-1.67034  -111.962  2.65294  -1.17564  86.8447  -2.20298  -2.77762  -1.09397  -268.831  1.22179  6.68349  -9.95281  1.70955  -1.43354  -1.84744  -10.8362  1.32426  6.57905  -2.55694  -0.719231  -2.93921  -2.71891  -11.0524  -22.8605  18.9133  -3.82047  -16.8968  -2.0947  -2.36091  -15.7628  
-1.11808  -34.2153  6.72133  2.58861  109.588  0.422688  1.41215  -4.99564  -209.953  1.49673  -4.48913  -42.3073  1.92151  0.262157  -1.18577  -22.8138  1.15802  4.54592  -3.61047  -0.59283  -2.25889  -0.462795  -2.41806  -33.0181  31.7527  -7.34834  -32.7101  -2.0162  -1.95587  -19.4828  
0.354327  55.9468  6.83358  4.79714  61.4783  2.72056  8.09525  -4.068  -13.6028  1.91648  -22.7592  -48.835  2.65785  2.00953  1.11055  -19.9922  0.228659  2.17776  -2.3591  -0.537824  -0.223616  2.21588  5.26186  -28.2083  22.2612  -9.04391  -9.79892  -0.409077  -1.33171  -12.0412  
1.93581  119.742  4.03122  4.64296  -21.0021  2.96571  14.2177  3.61963  124.308  2.72451  -39.0815  -24.6056  2.79581  2.79842  3.45583  -4.89169  -0.755641  0.642859  0.778506  0.14174  2.28578  4.50084  8.39637  -14.8554  4.24764  -9.30717  31.1004  1.69334  -1.2257  2.04395  
2.53091  141.144  1.31093  2.64449  -74.7215  1.4659  14.8556  11.7368  66.716  3.51382  -40.057  10.4435  1.43033  2.1455  3.56727  9.8138  -1.17235  -0.999196  3.03422  1.98747  4.27489  5.82939  6.41914  -5.51354  -3.16627  -8.65949  54.3555  2.63603  -1.73184  13.3353  
1.78612  132.959  0.00906782  0.569842  -73.1449  0.225699  8.75862  12.6431  -103.756  3.52005  -21.448  31.92  -0.723768  0.519362  1.89048  14.3853  -1.14329  -3.40124  2.15543  4.12418  5.21692  5.06546  3.52518  -5.29165  7.07835  -5.86937  45.2827  1.76195  -2.01038  15.5434  
0.372905  116.775  -1.33239  0.361941  -46.9189  0.861708  0.0486137  5.19409  -170.493  2.24292  5.09137  31.9306  -1.9982  -1.02427  1.25381  10.2963  -1.17016  -5.21779  -1.06438  4.65972  5.00796  1.08706  5.78271  -7.78729  24.727  0.00452324  19.6233  -0.0307128  -1.20154  9.77655  
-0.740404  99.5672  -4.36971  2.38121  -40.9124  2.95459  -5.40344  -4.21938  -30.8681  0.0120563  21.1662  20.3787  -1.65567  -1.72946  2.64507  6.13214  -1.37795  -4.65536  -3.5643  2.65632  3.6181  -5.34948  14.5237  -4.46322  32.5811  6.78863  1.57068  -1.31565  0.521872  1.8892  
-1.18158  75.4967  -8.11868  5.0546  -61.7494  4.42547  -4.78187  -7.87808  178.338  -2.07355  18.9429  11.0486  -0.78286  -1.68413  3.02523  7.72067  -1.44641  -1.93988  -3.29036  -0.558566  1.10382  -10.7476  23.2596  5.20179  22.2076  10.4128  -0.0271693  -1.53872  2.0985  -3.1432  
-1.29248  46.692  -9.48099  6.19556  -75.4001  3.5152  0.445054  -4.05229  231.414  -2.97974  8.40745  7.89559  -0.900768  -1.55168  -0.992812  13.0484  -1.23706  0.816886  -1.18216  -2.49028  -1.95171  -10.9115  23.2263  14.4288  0.731477  9.40946  6.84041  -1.27584  2.70616  -4.37045  
-1.48157  28.4406  -6.50753  4.81594  -50.5579  0.465877  6.53388  1.63175  70.3969  -2.62579  5.78745  4.89906  -1.96847  -1.79584  -7.61076  15.999  -1.12782  2.00806  0.36058  -1.95208  -4.27997  -4.61269  12.3983  18.2488  -15.7801  6.64131  11.5193  -1.27937  2.53477  -3.82073  
-1.66536  24.9501  -0.547888  1.57686  7.15203  -2.69329  9.9283  2.21707  -133.826  -1.90166  15.311  -4.51865  -2.38914  -2.2002  -10.1428  13.0705  -1.46269  1.6944  0.554805  -0.185425  -4.61285  4.65123  -2.48147  18.9546  -16.5472  5.64392  9.92932  -1.56193  2.29231  -3.93027  
-1.4028  12.8221  5.07445  -2.17122  64.1199  -4.00072  9.01955  -3.04664  -182.815  -1.72219  24.5976  -18.9523  -1.07956  -2.05863  -4.06764  5.66648  -1.95358  0.362841  1.02706  0.656355  -2.76069  10.9218  -13.3906  22.3361  -5.10146  6.12772  2.73626  -1.49944  2.17797  -5.79636  
-0.461906  -34.3409  8.08068  -5.38615  90.5437  -3.2862  5.09009  -7.79788  -67.1941  -2.12132  18.9396  -29.0613  0.892545  -0.887457  7.176  -2.81842  -1.82255  -1.96971  3.37308  -0.0223147  0.0774471  10.1837  -18.9291  29.6609  5.64106  4.73971  -8.13416  -0.621782  1.68744  -8.60209  
0.876398  -103.116  8.57087  -7.49303  78.8188  -2.1167  1.55503  -5.48383  48.7428  -2.31687  -1.92461  -24.7357  1.52328  1.03432  14.9169  -10.0422  -0.678257  -4.66654  6.60822  -0.691829  2.23011  3.14656  -23.0933  34.7056  6.63995  0.312427  -18.7609  0.890166  0.564714  -9.98686  
2.03006  -138.629  7.84275  -8.10294  41.5894  -2.08084  0.60156  3.42801  36.8131  -1.64428  -23.0008  -4.05416  0.371229  2.75766  13.7625  -14.5742  0.973231  -5.5504  7.80695  0.264253  2.85045  -5.62507  -27.1138  28.4718  0.565906  -3.38183  -23.0087  2.38709  -0.355782  -7.84603  
2.51993  -97.9069  6.70626  -7.09516  3.65963  -3.24833  0.537268  12.0281  -55.9149  -0.321268  -29.2431  22.1684  -0.805209  3.3794  6.38339  -14.8194  2.14414  -2.54728  5.28016  2.25234  2.3154  -11.0938  -25.3917  7.71077  -3.53595  -1.55314  -17.412  3.20455  0.313917  -2.98171  
2.18624  -0.664355  5.22619  -4.70719  -7.87604  -4.36681  -2.62183  14.3989  -93.487  0.736463  -19.0525  35.2867  -0.497132  2.74186  -0.403669  -10.1644  2.21549  3.71442  0.541666  2.72717  1.45728  -10.89  -11.5257  -19.9519  -1.65445  5.36874  -5.43944  2.96244  2.87812  0.292922  
1.18918  86.3172  3.42165  -1.2453  17.7537  -4.3199  -9.92344  11.1327  -30.3608  0.836466  -2.62166  21.361  0.225573  1.48743  -2.90564  -2.89235  1.33633  10.0399  -3.22552  0.0608869  0.614124  -6.31358  12.2603  -39.3519  2.38265  11.014  4.8097  1.70077  5.66117  -2.27253  
-0.0556795  113.793  1.5632  3.17878  58.6747  -3.07658  -16.9696  6.99934  41.8906  0.252467  10.2507  -15.6634  -1.16466  0.421652  -2.92294  3.00975  0.172821  13.6175  -4.34462  -4.03253  -0.469532  -0.877875  33.8836  -38.8607  4.11169  9.64597  7.53986  -0.0534728  6.13066  -9.66946  
-0.984268  88.5657  -0.073725  8.01806  72.4568  -1.16117  -17.8159  4.47772  27.6159  0.0768897  17.7457  -53.3018  -5.03807  -0.120134  -3.78638  5.90477  -0.407522  13.8392  -3.87147  -5.4463  -1.95908  2.46694  40.8448  -20.5232  4.44947  2.8015  3.62379  -1.44325  3.24481  -14.8919  
-1.13495  51.3053  -1.1642  11.4531  35.6948  1.2376  -10.9383  1.35637  -47.4147  1.25567  23.0387  -66.5964  -8.00378  -0.322614  -6.07897  8.27741  0.350445  11.1499  -3.78197  -1.54318  -3.39453  3.45494  31.3468  0.697559  5.79354  -2.05386  -1.15504  -1.7723  -1.33247  -11.0468  
-0.460324  31.545  -1.08619  11.0753  -30.0336  4.10712  -0.571961  -4.69446  -76.1089  3.61312  27.3482  -48.9712  -6.06354  -0.399472  -7.85955  12.7587  2.53585  5.58947  -4.52419  5.81484  -3.97984  4.17707  15.9005  9.925  5.73903  0.14158  -1.43677  -1.01781  -4.50796  1.17876  
0.561458  31.709  0.550009  6.26097  -80.1016  6.62807  7.45384  -10.8421  -10.3746  5.7678  28.1517  -18.8616  0.708656  -0.327128  -7.69742  16.8275  5.06836  -2.12901  -4.72356  11.3523  -3.3708  6.32666  7.52938  5.29814  0.383979  6.09408  3.19141  0.143913  -4.34215  13.2  
1.18883  41.3917  2.63164  -0.295855  -93.7627  7.05105  10.2366  -10.8745  78.6395  6.10769  22.8738  -2.238  7.38334  -0.0893616  -5.97568  13.9706  6.13029  -9.02392  -3.09979  10.8517  -2.07187  8.81479  9.85544  -2.45738  -7.13887  7.54108  7.01013  0.859344  -1.61791  16.6009  
0.949589  50.4996  2.47312  -4.42504  -89.4458  4.27286  8.61854  -2.73963  90.0644  4.07723  11.84  -7.22805  8.80268  0.0759994  -3.48995  1.36514  4.77416  -11.4719  -0.163643  4.7553  -0.980986  8.53916  14.4598  -2.86268  -6.80671  0.370624  2.11698  0.740903  1.04073  11.1106  
0.0369852  49.6709  -1.84416  -4.16955  -91.7145  -0.52826  5.16285  7.50115  9.37571  0.646539  -1.97068  -16.1701  4.65245  -0.0706426  -0.424392  -15.0542  2.16636  -9.01878  2.21688  -2.55332  -0.53843  3.91531  10.0834  4.26136  4.67602  -10.5832  -14.1912  0.0964575  1.60816  3.77446  
-0.813293  35.9106  -8.70561  -1.74685  -95.6547  -4.35164  2.65619  11.0174  -86.8861  -2.45022  -14.073  -6.14648  -0.508537  -0.360807  2.73332  -25.2563  0.557696  -5.14396  2.76657  -6.84705  -0.39154  -2.75595  -5.09863  11.9645  15.1178  -16.2436  -34.8738  -0.379456  0.362761  0.661419  
-0.949019  24.0552  -13.358  -1.10744  -76.2159  -4.89374  3.3293  5.22766  -122.258  -4.02873  -19.4858  24.2091  -2.2829  -0.377892  4.42316  -24.3629  0.646732  -3.24277  2.05367  -7.29365  0.101766  -7.06912  -20.7199  15.8053  8.24565  -12.139  -47.2937  -0.200423  -0.644169  1.03206  
-0.403106  39.0667  -12.0429  -3.89846  -27.2397  -2.47994  7.27497  -3.84968  -88.7587  -4.14806  -15.2031  50.9914  -0.706839  -0.1071  3.56756  -16.048  0.48356  -2.81661  1.69382  -5.91945  1.12926  -6.8045  -24.5664  16.2591  -15.9746  -1.97171  -43.3455  0.483041  0.280803  0.319101  
0.149802  83.0844  -5.87526  -7.88257  24.8237  0.623444  11.2367  -8.1961  -31.9428  -3.65536  -4.03613  49.9527  0.717628  -0.090265  1.61711  -6.86727  -2.32426  -0.834538  2.42338  -4.60078  2.25263  -3.95688  -15.6418  13.0055  -37.7501  6.61997  -25.8063  0.984609  2.79942  -2.82085  
0.0937626  117.244  -0.0217874  -9.46726  50.656  2.58534  10.2357  -5.28688  3.23898  -3.21851  5.5401  22.5042  -0.481195  -0.715504  1.43138  0.101525  -7.22647  3.69199  3.14222  -3.26031  2.90653  -2.23918  -5.35328  3.06595  -38.1296  8.48534  -5.06601  0.706614  4.84263  -4.66841  
-0.48952  96.5248  1.35931  -7.25583  49.8939  3.34408  2.40772  1.41806  1.58457  -2.851  6.26819  -5.13722  -3.19959  -1.55484  3.53662  4.9727  -10.4808  8.06783  1.99837  -0.94969  2.91603  -2.98894  -4.3867  -11.9054  -19.0199  3.51233  8.77466  -0.245597  4.55777  -1.56557  
-0.976458  28.1839  -1.04045  -2.97935  44.3809  3.69449  -7.93937  7.38496  -24.5115  -2.28597  -0.714405  -9.95994  -4.65296  -1.86974  4.80815  7.12387  -8.82028  9.23569  -1.46898  2.05395  2.48306  -4.15125  -9.78051  -21.552  0.901973  -4.88057  10.3184  -1.12412  2.00338  5.01905  
-0.934759  -21.3201  -3.11826  0.573221  46.7285  3.79459  -12.9043  10.3643  -45.8298  -1.54915  -7.80731  3.25071  -3.64179  -1.66234  2.23694  5.27045  -3.0691  7.25742  -5.37846  3.95272  1.83141  -3.11081  -7.72971  -16.1649  7.76639  -12.2056  -0.459954  -1.25671  -0.966507  9.7663  
-0.532618  8.63304  -2.10466  2.16713  47.9449  3.13315  -7.738  9.75795  -32.6628  -0.981464  -10.4552  7.50272  -1.20345  -1.70031  -2.53953  1.37441  2.58845  4.47115  -6.90842  3.3329  1.08249  0.222941  10.0302  -0.358053  4.71934  -14.7532  -16.9307  -0.677901  -2.36917  9.07266  
-0.152656  103.617  0.82986  2.55563  34.9497  1.72152  4.74606  5.39547  19.3288  -0.682275  -12.5392  -15.49  1.33648  -2.19246  -4.32864  0.741556  4.82053  2.1227  -4.84917  0.8749  0.409533  3.47912  35.1198  8.88836  1.9969  -11.475  -25.9587  0.0303069  -1.64654  4.083  
0.188958  183.935  2.61369  3.19621  8.44353  0.504697  15.9537  -1.59436  73.2075  -0.18767  -19.7185  -52.2891  3.46847  -1.95135  -0.764505  5.90767  3.87913  -0.716788  -0.745548  -1.20724  0.0554498  4.50462  50.0529  0.939831  2.06806  -5.1682  -15.6326  0.441034  0.191022  -1.55039  
0.778003  183.17  1.98862  4.61139  -22.2261  0.260269  18.4191  -7.9855  76.0339  0.993395  -29.0859  -68.9768  4.5406  0.405419  4.03158  12.1683  2.12356  -4.7679  2.50185  -1.34967  0.0560966  3.34541  45.6946  -15.3694  -0.00856319  -0.698918  12.3695  0.651782  1.67558  -5.40286  
1.59292  106.787  0.576353  6.15693  -52.6297  0.484542  11.5909  -10.3104  11.9599  2.51273  -29.466  -45.2591  3.08191  4.3295  3.87577  12.3688  0.855721  -8.57003  3.15234  0.0563697  0.0883513  1.64099  28.975  -21.7694  -4.74353  -0.50854  40.5129  0.933723  2.03602  -7.27995  
2.08904  8.97739  0.550098  6.82227  -81.5534  -0.0328249  1.96795  -7.51365  -74.8471  3.15142  -13.9042  3.22236  -1.37674  7.15041  -1.61227  6.04922  -0.356423  -9.8133  1.79229  1.51671  -0.195226  0.598076  13.2344  -12.0609  -4.2742  -1.89947  49.7156  1.24238  1.50584  -7.78003  
1.78663  -67.0336  2.07069  6.24177  -98.3819  -1.58316  -2.84686  -1.15943  -121.655  1.9919  10.8238  38.3306  -6.16652  6.51919  -5.72038  1.03903  -1.75644  -8.01323  0.351585  2.11441  -0.648128  0.0212339  4.15323  1.59607  6.44269  0.195523  36.6336  1.27616  0.789767  -7.32199  
0.92836  -112.322  3.37133  4.87117  -82.9964  -2.9336  -1.00766  5.94252  -107.144  -0.410062  29.573  36.1332  -6.84622  2.95319  -2.28366  4.18733  -2.28742  -4.87517  0.30371  1.95267  -0.628126  -0.86337  -2.88077  4.62038  19.8709  7.1419  14.9589  0.940988  0.385933  -6.32962  
0.265414  -129.509  2.98571  3.23807  -25.2544  -2.64017  2.2615  10.0675  -62.7312  -2.32156  33.9725  9.08752  -1.76175  -0.624422  6.41923  12.5011  -1.03783  -2.0313  1.80568  1.17007  0.358411  -2.12225  -13.5064  -2.8502  22.6601  13.9425  0.238051  0.515263  0.321024  -5.01225  
0.209373  -113.871  1.3523  1.32201  58.0427  -0.732797  0.523515  7.4493  -27.9298  -2.49665  29.8734  -8.03357  5.42055  -1.8244  11.4237  16.0777  1.09912  0.546515  4.10542  -0.695111  2.01857  -2.92083  -26.0203  -8.14009  11.4122  13.6708  -3.64888  0.288849  0.320202  -2.52969  
0.456088  -66.6958  0.161117  -1.03038  130.746  1.25867  -6.95716  -1.43796  -2.80434  -1.43873  28.9591  6.65388  8.92842  -0.813267  7.16036  9.48802  2.34741  3.40013  6.29321  -3.82841  3.34364  -2.58198  -33.1064  -2.42112  -2.15119  4.82383  -2.23781  0.225669  0.214887  2.62603  
0.490054  -13.0874  0.517977  -3.20127  162.64  1.83955  -14.1647  -8.47865  45.7699  -0.839391  35.5968  41.636  6.61515  0.505455  -1.94842  -2.03323  2.48826  5.73105  7.65403  -6.98399  3.37866  -1.47657  -29.9302  9.80349  -4.06088  -6.28827  0.476156  0.092776  0.155584  10.5272  
0.226182  11.7738  1.965  -4.06122  148.279  0.898805  -14.3914  -3.51433  132.782  -1.77404  43.4332  65.7934  1.69968  0.761817  -6.30419  -8.6563  3.13263  5.77678  7.70964  -8.03238  1.99368  -0.695805  -18.8349  17.5886  7.3483  -11.2899  6.12989  -0.177131  0.411783  18.4404  
-0.0418072  0.374392  3.13537  -3.11433  105.076  -0.469181  -7.20295  13.3193  219.338  -3.54758  43.4922  60.0845  -1.30508  0.113527  -2.02496  -6.50606  5.10387  3.10445  6.37244  -6.04759  0.0220005  -0.803091  -6.78701  15.9845  20.9834  -7.78089  15.5615  -0.429774  0.95933  22.2635  
-0.151033  -14.9632  2.98659  -1.42898  56.9759  -1.11557  0.90131  27.3549  232.09  -4.31919  33.0145  32.6543  -1.21884  -0.56639  4.80724  -0.872512  6.5334  -0.271342  4.05615  -2.46432  -1.3316  -1.20871  0.170367  9.39451  24.6178  -1.21428  22.9822  -0.536273  1.36327  19.53  
-0.242781  5.23538  1.3956  -0.561554  18.9266  -0.679981  3.01852  22.3603  123.399  -2.79095  15.7467  4.24773  -0.104741  -0.791531  5.32959  0.717012  4.64244  -1.76071  1.4188  0.385817  -1.35362  -0.909911  0.308194  4.66892  14.7187  1.26141  20.5558  -0.538449  1.15228  10.8325  
-0.441958  63.533  -1.05903  -0.898121  -8.92927  0.454334  -1.26944  -1.35863  -78.7018  0.609738  -3.76593  -16.0576  0.42051  -0.668279  -1.79787  -3.19794  -0.618093  -0.986221  -1.16165  1.7885  -0.325535  0.263007  -4.02198  3.65094  -3.89901  -1.65362  8.34106  -0.524448  0.356747  -1.15975  
