2.39043  3.104  33.5897  2.18756  -0.138667  1.70557  3.99757  -0.606999  0.141667  0.534144  4.50719  -1.50145  7.21107  2.27021  48.472  1.26232  3.82462  3.36361  1.03649  -0.209156  3.02835  1.31098  15.1423  2.98891  9.0948  13.9137  -0.223195  5.27096  2.43599  13.4034  
-1.44512  -6.13808  -80.4704  2.03221  -3.96186  -1.2776  -15.7766  -7.07899  -0.308042  -0.698339  6.3397  -7.12684  27.4288  2.38206  -10.3669  -1.7277  -4.29795  -1.97572  -2.52775  -13.8964  0.336564  -0.0899149  -10.7963  -5.2236  9.0418  16.7221  -4.16739  -3.19212  1.4259  5.97945  
-4.14281  -9.63592  -33.1971  0.127034  -7.65231  -3.0138  -12.9629  -13.0832  -1.59619  -2.02648  5.12569  -6.33653  42.1628  0.962775  -63.5939  -3.6227  -8.04409  -5.77605  -5.78491  -18.1797  -2.61666  -1.66764  -14.6556  -9.29812  5.52214  14.3685  -6.1768  -5.66163  -1.09315  -5.77072  
-5.16777  -7.16727  116.487  -3.3477  -10.6361  -3.44508  12.8466  -15.8725  -3.98284  -3.69421  -0.0511572  -1.36334  36.2686  -1.65696  -104.968  -3.83351  -6.597  -7.30695  -7.57165  -11.8207  -4.99918  -3.7529  1.94895  -8.40304  -1.0387  8.13285  -6.07356  -1.11148  -4.19958  -22.4738  
-4.77103  -3.36794  164.865  -6.11666  -11.6998  -3.42063  39.5345  -13.1489  -6.50386  -5.54164  -6.84508  0.136567  2.54921  -3.7101  -126.151  -2.7684  -2.82166  -6.84388  -6.91338  -2.15048  -5.43315  -6.26524  15.825  -5.18283  -6.99621  3.7266  -5.30561  5.48355  -5.32023  -36.4567  
-3.65414  -2.14895  37.7625  -5.81476  -9.49653  -3.4348  44.5195  -7.76658  -7.31895  -6.48406  -10.9767  -4.30249  -36.8089  -4.00824  -118.086  -1.70566  -0.193672  -5.22866  -4.7445  2.23505  -3.56298  -7.98517  8.0147  -2.92952  -9.43362  3.8367  -5.25347  7.17277  -3.27833  -33.4377  
-2.437  -2.96562  -90.5554  -2.35952  -3.80233  -3.00847  27.1401  -6.21591  -5.47226  -5.27293  -9.78975  -8.12416  -45.6537  -3.04432  -76.0821  -1.74149  0.11267  -3.33775  -3.85264  -1.05243  -0.689668  -6.89724  -15.7472  -2.63927  -8.50441  4.97942  -5.8873  1.25749  0.123866  -5.66035  
-1.36673  -2.79014  1.17533  1.55408  3.36056  -1.46605  8.33975  -10.2088  -2.33656  -1.99709  -4.85221  -4.26919  -16.0567  -2.09423  -8.70361  -2.72316  -0.602564  -1.77956  -6.19256  -7.36298  1.38942  -2.04191  -32.8708  -2.67368  -5.9049  2.81378  -6.08462  -7.89348  1.91255  34.5312  
-0.419991  -0.446446  306.389  2.78416  8.25718  0.977605  8.29989  -12.4211  -0.565335  1.44404  -0.543139  5.23058  18.4793  -1.75314  56.1814  -3.45197  -0.584363  -0.773604  -10.3  -10.4455  1.96321  4.81439  -30.3687  -0.970473  -2.43266  -1.11295  -4.94839  -12.4158  1.04617  59.6185  
0.408189  2.17502  570.736  0.770527  7.93098  3.17272  25.0142  -5.13719  -1.29013  2.90718  0.3426  10.8117  21.6374  -1.64844  80.3378  -3.04577  0.577554  -0.140392  -11.7574  -8.09047  1.66229  9.78126  -17.5617  2.54903  1.91  -0.347653  -2.65135  -8.1309  -0.754128  51.1275  
0.992126  2.9366  551.108  -1.72669  2.85233  4.06933  36.3825  7.20703  -3.00298  1.95303  -0.769604  6.56689  -1.58345  -1.2508  43.5631  -1.80436  1.99975  0.47963  -7.29817  -3.04951  1.35651  9.73917  -11.3809  5.52548  6.21975  8.08702  -0.212968  1.59907  -1.17797  19.1459  
1.21603  2.09042  251.492  -1.44166  -2.98223  3.58502  23.9936  10.0177  -3.5722  0.0983627  -0.201108  -2.83397  -12.0966  -0.465211  -32.947  -0.599834  2.72836  1.22824  1.65329  0.307753  1.18185  4.86481  -14.9602  5.13523  8.49765  17.8189  1.26518  9.16189  0.194084  -6.48545  
1.15302  1.50004  -105.33  1.8157  -5.19723  2.48627  -6.30181  -3.37541  -2.69622  -0.889394  3.73502  -7.54182  13.2525  0.507307  -96.4308  0.228738  2.6944  1.84751  9.55856  -0.304504  0.759008  -1.78324  -16.152  0.829779  7.50721  18.2864  1.18114  9.94695  1.82955  -5.53675  
1.0105  1.96515  -296.857  4.67105  -2.85129  1.61451  -29.2475  -20.0505  -1.72168  -0.569889  8.85151  -3.48635  53.1236  1.46481  -104.242  0.934002  2.48096  1.96386  11.3924  -3.90272  0.0339597  -7.00737  -4.73716  -4.63807  4.26512  6.13323  -0.390966  6.05496  2.2308  14.288  
0.905108  2.36872  -265.883  3.83971  0.834104  1.31047  -26.2572  -20.7428  -1.45935  0.291795  11.2327  3.70816  69.2709  2.18587  -60.2539  1.4917  2.41508  1.54503  6.90003  -7.54641  -0.477331  -9.47349  16.1168  -7.11394  1.14461  -10.2024  -2.79157  3.02714  1.43728  28.6674  
0.787341  1.52771  -110.828  -0.0194576  1.83657  1.38569  -5.46774  -4.11222  -1.41246  0.9865  8.98803  5.87113  50.5937  2.39517  -9.85077  1.37884  2.26437  0.973538  0.0925348  -8.53692  -0.287544  -9.24099  36.7626  -4.58464  -0.224156  -18.342  -4.97971  3.71603  0.538751  22.7879  
0.606275  -0.0453914  28.302  -2.68149  -0.516008  1.40313  7.33435  9.87295  -1.19071  1.48341  3.98486  1.41593  20.8057  2.01505  3.47911  0.457236  1.80698  0.629436  -4.94288  -6.21303  0.484034  -6.35499  51.8871  0.828614  0.291127  -13.6177  -5.94788  5.82891  0.204769  3.03149  
0.467305  -0.824126  65.0716  -1.06216  -2.96289  1.04085  -1.59466  4.1526  -1.42179  1.83695  0.284995  -3.6953  6.56866  1.35462  -21.8928  -0.412005  1.42047  0.504059  -7.50699  -2.44701  1.29174  -1.00569  59.3304  4.55056  2.11509  -1.63536  -5.21864  5.28556  0.13625  -14.3626  
0.506514  -0.349879  -0.230671  3.12043  -2.01807  0.373774  -16.6127  -13.9302  -2.59131  1.58912  0.634563  -3.71599  10.3706  0.815633  -49.5375  -0.239236  1.61706  0.330468  -9.28428  -0.35154  1.78779  5.02738  53.4053  3.61155  4.62961  9.73037  -3.10971  1.05742  -0.176426  -20.1703  
0.636326  0.169792  -90.6768  5.08467  2.1015  -0.0894789  -9.26353  -22.12  -3.69969  0.258828  3.6731  0.22167  18.5153  0.468812  -43.5377  0.758993  1.99009  -0.00275252  -11.1547  -1.67576  2.04012  8.38287  28.2789  -0.730474  7.00148  17.7756  -0.560479  -3.88406  -0.632612  -16.1048  
0.569951  -0.397509  -103.241  2.48706  5.64295  0.170359  27.7143  -11.338  -3.25922  -1.68043  4.65614  2.22295  23.5036  0.128589  -0.273348  1.2923  1.23509  -0.300065  -11.9153  -4.92519  2.16618  6.66724  -8.60167  -4.32667  8.13384  23.2808  1.338  -6.00208  -0.750038  -7.22549  
0.206511  -1.26266  7.70033  -1.89231  5.33108  1.08272  67.0305  4.34809  -1.49039  -2.91272  -0.242698  -0.271253  30.092  -0.149152  52.6542  0.659003  -1.19822  -0.293815  -10.324  -6.34773  1.99213  1.04269  -34.3963  -3.97555  7.43905  24.6044  1.84641  -4.6741  -0.403559  3.51071  
-0.108619  -0.346677  173.224  -3.37034  1.60748  1.88197  71.3755  7.22589  -0.422797  -2.62605  -9.458  -3.0862  42.7633  0.0905696  80.9307  -0.229992  -3.76637  0.0970488  -7.05741  -3.46452  1.27953  -4.45051  -29.751  -0.0634568  5.5134  17.7268  0.856729  -1.96899  0.112188  13.2827  
0.0890373  3.07999  254.806  -0.73465  -2.36733  1.76222  31.7968  -2.52322  -1.42306  -1.57335  -16.1727  -1.01729  56.0064  1.1171  68.6171  0.0205168  -3.88005  0.714607  -4.06174  2.0983  0.192365  -6.50247  0.591985  4.20507  3.54085  3.00358  -1.03402  0.226976  0.743798  17.4883  
0.759258  6.83108  176.831  2.79838  -4.40113  0.678953  -21.4783  -10.6331  -3.32909  -1.25663  -13.8627  4.31841  59.5474  2.39086  26.8976  1.37088  -0.759579  1.23938  -2.37389  5.70471  -0.674116  -5.1852  30.8944  5.76113  2.04004  -11.6982  -2.72622  2.11  1.92814  13.6767  
1.2296  7.53551  10.0142  3.67258  -5.22545  -0.601649  -48.368  -8.99673  -3.81696  -2.04393  -2.39742  5.28828  47.5883  2.80642  -15.8044  2.15942  3.26947  1.31812  -1.58923  4.09109  -0.816282  -2.98207  38.6906  3.91777  0.604555  -17.6343  -3.16019  4.74768  3.79276  6.31089  
0.856487  4.10876  -92.7023  1.95974  -6.76589  -1.23169  -37.7674  -3.58207  -2.21508  -2.5363  11.3976  -2.08439  22.2744  1.73165  -33.5864  0.996998  4.90565  0.772156  -1.26573  -1.29405  -0.293519  -1.65862  23.6498  0.308269  -1.14544  -14.0708  -2.0578  7.88569  5.27209  3.89011  
-0.223118  -0.887151  -52.6466  0.432764  -9.22018  -1.05549  -14.5326  -2.50477  -0.0481111  -1.20956  19.2226  -11.6994  -7.43818  -0.220197  -22.0027  -1.5517  3.23744  -0.145745  -1.6965  -5.5202  0.427106  -0.848513  3.02705  -2.78034  -2.76212  -7.27044  -0.320441  9.46059  4.7172  9.62495  
-1.13393  -3.64897  57.3911  0.789231  -10.4082  -0.619144  -8.5588  -4.40338  1.06241  1.45546  17.4201  -13.1366  -28.2081  -1.58004  0.091821  -3.47497  0.493765  -0.798196  -2.68478  -4.88627  0.971706  0.481078  -7.14696  -4.00776  -3.39095  -1.43277  0.554299  7.47148  1.84316  16.4823  
-1.11383  -2.74297  98.2402  2.0712  -7.95972  -0.467594  -21.931  -2.81718  1.19713  3.1676  8.57241  -3.99906  -27.4724  -1.28018  7.90878  -3.32955  -0.640333  -0.70095  -2.59841  -0.309233  1.24873  2.05168  -3.75014  -3.42561  -2.53672  5.06393  -0.235292  2.03525  -1.37234  13.6441  
-0.231615  0.0589821  20.123  2.79218  -1.824  -0.522492  -29.8321  2.59022  1.30042  2.37192  -1.47818  6.52957  -3.75429  0.38493  -7.75358  -1.45272  0.178491  -0.0714271  -0.014052  4.00364  1.21098  2.58259  6.80024  -1.9144  -0.0933856  13.5681  -2.03951  -4.20758  -2.35359  -1.53197  
0.757252  2.1943  -88.6609  2.9695  5.30184  -0.228561  -12.1436  5.17873  1.30953  0.184117  -7.56354  7.74668  27.1461  2.04152  -37.0274  0.665829  1.07528  0.347221  3.87061  4.91963  0.691674  1.72985  16.9195  -0.304162  3.80151  19.6569  -3.42671  -7.67418  -0.649208  -19.3064  
1.16805  2.82537  -104.713  3.28395  9.81641  0.726436  21.4197  0.912952  0.103534  -0.883779  -7.74134  -0.54104  40.6721  2.42252  -63.4817  1.78234  0.51667  0.135441  5.45451  3.05401  -0.331338  0.829069  21.0831  0.993216  8.22898  18.1696  -3.68368  -6.2485  1.48369  -26.0957  
0.90603  2.66398  -6.36209  3.13304  9.65537  1.89345  40.7484  -5.93401  -2.59525  0.0240319  -3.9065  -8.3717  23.0463  1.34219  -75.2378  1.62233  -0.917854  -0.293006  2.30261  1.21573  -1.43369  1.22662  15.2942  1.72297  11.0166  11.1639  -3.41162  -0.981624  1.57804  -17.0651  
0.349754  2.14143  105.36  1.08382  5.57835  2.38863  28.1996  -8.22623  -5.05789  0.987808  -0.45414  -7.63657  -15.2794  -0.35446  -65.5491  0.686969  -1.36958  -0.212184  -3.78507  0.899168  -1.95515  2.4201  -0.395624  1.5431  9.72597  5.74524  -3.52636  4.47036  -0.224795  -0.119984  
-0.0747835  0.877209  112.073  -2.78366  0.540262  1.78228  -2.22874  -4.39207  -5.11405  -0.206667  -0.948432  -0.571601  -47.9781  -1.62631  -33.0763  -0.213464  0.160818  0.470713  -8.06131  1.08689  -1.58611  2.61883  -17.9949  0.307481  4.05852  4.02854  -3.88247  6.44302  -1.46524  11.9272  
-0.15735  -1.04525  -4.52611  -6.11452  -2.39507  0.637616  -20.0103  0.770665  -2.69975  -3.02648  -4.77956  4.33959  -53.2295  -1.96743  11.8339  -0.399771  2.70955  1.0696  -7.42886  0.384356  -0.639955  1.20562  -24.982  -1.36523  -2.86199  0.617507  -3.25497  3.96079  -0.493733  11.9975  
0.0814489  -2.46243  -149.77  -6.66366  -2.07578  0.017695  -10.4998  2.46886  -0.255867  -4.43893  -7.36798  3.08482  -29.0537  -1.51428  44.3924  0.243005  4.23815  0.979919  -3.65985  -0.678953  0.322493  -0.175943  -14.7729  -2.12712  -6.63318  -7.29172  -0.717131  -0.742383  1.42654  2.51314  
0.444019  -2.61045  -202.412  -4.7092  0.229298  0.403855  11.0646  1.17178  -0.204547  -2.45198  -4.68054  -0.384909  8.3853  -0.75966  40.3997  1.09544  3.37915  0.424974  -1.65761  -0.411607  1.0501  0.490625  6.02128  -0.931588  -5.33787  -11.9412  3.11251  -4.16722  1.69394  -8.62974  
0.651398  -2.53929  -112.682  -2.54583  2.14057  1.20771  18.5791  0.889004  -2.19837  1.32719  2.21574  -0.422907  37.5067  -0.236174  2.85264  1.33037  0.587057  0.113986  -4.51459  1.29877  1.68301  2.88379  22.2737  1.90781  -0.983337  -2.98557  6.2736  -4.0932  -0.355158  -14.2585  
0.528415  -3.73045  63.6472  -1.82618  2.02848  1.45154  4.62532  3.16324  -3.49689  3.26239  7.93475  3.0705  42.506  -0.28567  -32.7633  0.802797  -2.21049  0.304777  -10.2345  2.19005  2.34492  4.29396  24.1754  4.79695  2.76423  17.599  6.87762  -0.711273  -2.66358  -11.3485  
0.183412  -5.27331  205.486  -2.33096  -0.0233429  0.855061  -12.7719  4.35597  -2.37024  1.68334  8.19024  5.67889  21.0741  -0.835873  -29.471  0.269083  -3.06727  0.527983  -13.4681  0.259851  2.82171  2.58783  15.5446  6.0936  3.87595  34.514  4.50587  3.77106  -3.02523  -1.4425  
-0.0710313  -3.89548  211.703  -2.92787  -2.57925  0.0664239  -11.9831  0.22355  -0.402472  -1.32655  3.92749  4.32172  -13.4119  -1.3488  11.455  0.47036  -1.56757  0.269142  -10.6333  -3.37694  2.70315  -1.22766  8.48526  5.27779  2.75669  34.9495  0.490689  6.33835  -1.62217  10.792  
-0.0428318  2.13919  81.8669  -2.83777  -3.92833  -0.246368  8.35116  -7.21694  -0.659734  -2.34659  -0.391577  0.414771  -37.5657  -1.18023  49.1295  1.11193  0.851578  -0.330381  -3.44221  -5.33178  1.7888  -3.91208  11.0142  2.99604  0.753473  21.7591  -3.01009  4.88415  -0.371422  20.2906  
0.139961  9.77427  -67.9069  -1.55073  -3.18185  -0.257019  29.5916  -10.1788  -3.60209  -0.248382  -1.741  -3.04338  -32.5936  -0.159425  45.891  1.17141  2.09319  -0.644767  2.84342  -3.72838  0.317851  -3.43528  20.1005  0.326606  -1.16475  8.0721  -4.48237  0.310835  -0.260109  24.3633  
0.209067  13.279  -93.8392  1.34858  -0.923777  -0.717641  33.8084  -4.39192  -5.90271  2.95183  -0.890486  -4.64193  -1.48394  1.16277  8.74013  0.326729  1.19548  -0.344415  4.72802  -0.31629  -1.14282  -1.05016  25.9381  -1.76802  -2.31648  1.96248  -3.97668  -3.19027  -0.312017  23.5028  
0.105856  10.0631  43.048  5.32275  1.08155  -1.86721  19.4039  4.14098  -4.03165  4.60649  -0.0973518  -4.51139  29.9784  1.95876  -18.5324  -0.382553  -0.84337  0.210359  3.91341  1.77852  -1.99002  0.337369  22.4482  -2.58064  -1.97485  0.483546  -2.89196  -1.37811  0.650009  19.6562  
0.0512763  3.50549  228.803  8.30666  1.24898  -2.91366  -2.55105  5.55284  1.30132  4.16326  0.0465235  -2.60172  33.2936  1.83533  -6.10433  0.226797  -1.99014  0.410472  4.97599  1.69684  -1.87883  -0.532825  12.9179  -1.76349  0.0219881  -2.53981  -2.75406  5.15446  2.18851  14.3805  
0.259554  -0.637685  298.339  8.10994  -0.355431  -2.72046  -20.6079  -0.819791  5.25587  3.22168  0.724714  0.849671  4.05479  1.116  26.9232  1.77041  -1.04115  0.0922697  9.68922  1.23803  -0.935088  -2.01331  5.48723  0.374239  2.63426  -8.23241  -3.92849  10.2111  2.9602  8.65182  
0.654518  -0.177308  196.959  4.85958  -1.94218  -0.977185  -28.0328  -4.74774  3.9236  3.32496  2.62391  3.8742  -31.7515  0.451461  33.768  2.39997  1.24591  -0.296817  14.2734  1.80189  0.228584  -1.63883  4.13343  2.8065  4.26524  -13.2632  -5.31009  7.89203  2.6998  3.25082  
0.938648  1.89703  32.7675  1.12936  -1.68066  1.38594  -21.289  0.858319  -1.32628  4.20246  4.82413  3.97798  -43.1962  0.214402  -7.0165  0.950737  2.84352  -0.182736  13.0673  2.28037  0.806824  1.06846  5.54777  4.30501  4.01696  -14.4266  -5.29704  -0.48106  2.58534  -1.87918  
0.905055  1.49326  -38.7335  -0.630153  0.450328  2.94969  -2.48612  8.90684  -5.06112  4.22796  6.03221  1.4571  -26.6867  0.282876  -68.0155  -1.40606  2.31626  0.537734  4.99952  0.880628  0.337667  4.10579  4.57733  4.16752  2.11481  -10.698  -3.26401  -6.92573  3.35314  -8.06757  
0.624685  -1.87542  26.5177  -0.484404  2.58745  2.98292  15.6577  7.15181  -3.5104  2.4282  6.00224  -0.104048  -10.9414  0.303194  -102.933  -2.23883  0.244795  1.35382  -4.46453  -1.62781  -0.875386  5.1892  0.934607  2.47686  -0.734246  -3.17583  -0.279791  -5.45603  3.90887  -15.9123  
0.329312  -5.01365  124.904  -0.199802  2.72871  1.97872  15.3408  -3.74654  1.60655  -0.214336  5.20364  2.15037  -24.5234  0.101464  -92.4985  -0.591556  -1.28887  1.5716  -8.48277  -2.01149  -1.8923  3.93685  -1.82721  -0.089363  -3.53778  4.08525  1.7325  0.837427  2.52501  -22.2805  
0.171002  -4.99395  121.523  -0.875637  0.529781  1.12935  -8.24296  -9.2752  5.16105  -1.65886  3.54489  6.4914  -59.8404  -0.156412  -54.6913  1.86211  -0.80884  0.959953  -5.92929  1.49402  -1.85281  1.86097  -2.97933  -2.5445  -4.72026  5.52688  1.7617  3.23854  -0.803085  -21.0835  
0.123618  -2.24064  -11.4378  -2.08303  -2.43186  1.20164  -36.5921  -0.824255  4.13498  -0.986981  0.399788  8.357  -75.3788  -0.168912  -16.3803  2.70197  0.914577  0.0275056  -2.63686  6.18478  -0.728591  0.558185  -6.35672  -3.90119  -2.78635  -0.0269704  0.713742  -2.31076  -3.89543  -9.11959  
0.0764112  0.409137  -172.969  -3.24511  -3.8878  1.80182  -42.9599  10.953  0.429245  0.476171  -3.74087  5.64384  -37.0048  0.160176  12.4555  1.41644  1.59873  -0.380538  -5.05667  6.87623  0.583691  0.361657  -13.0071  -3.64334  1.76157  -5.58467  0.41132  -10.236  -4.47592  8.56411  
-0.0415234  0.963273  -240.794  -4.33073  -2.4334  1.73982  -20.5319  9.51733  -1.97224  0.565867  -6.34985  0.871816  43.2025  0.55034  33.7569  -0.341657  0.00199652  0.113822  -12.8682  1.18213  1.01139  0.60836  -14.9465  -2.12614  5.50117  -2.0904  1.47365  -11.8974  -2.41687  20.7125  
-0.238154  -0.00569138  -189.618  -4.80712  1.50445  0.267562  8.81506  -4.55359  -1.61877  -1.23034  -4.52327  -2.45523  114.743  0.541238  44.8371  -0.995264  -2.56115  0.970913  -18.3807  -7.5587  0.273855  0.741748  -1.80246  -0.401461  4.69154  10.2838  2.47944  -5.87111  0.241752  18.8181  
-0.484659  -0.654804  -100.963  -3.07767  5.73896  -2.00213  17.2164  -13.4056  -0.578913  -3.09729  1.80514  -3.96696  134.718  -0.0196118  41.3884  -0.800903  -3.57067  1.19408  -13.682  -12.886  -0.868634  0.678239  24.6375  0.667661  -0.599812  20.3049  1.68783  0.513987  1.27633  4.76361  
-0.711632  -0.130913  -60.9676  1.48012  7.5171  -3.53866  -0.411223  -5.81418  -1.00654  -3.10206  8.58506  -5.58251  104.275  -0.701319  32.6252  -0.999763  -2.17219  0.378218  1.38251  -10.7341  -1.36606  0.362986  46.8226  1.10444  -5.74474  18.0649  -0.54756  0.107283  0.156428  -10.5133  
-0.781254  0.803738  -62.2517  6.37038  5.3382  -3.35082  -23.252  7.67291  -2.11814  -1.59295  10.2801  -7.41622  61.0439  -0.787081  38.9649  -1.76811  -0.0929533  -0.728082  18.0614  -2.69126  -0.903868  -0.459448  45.9178  1.53642  -5.67357  7.33233  -1.82158  -5.61876  -1.7509  -17.0551  
-0.558834  1.05931  -21.2939  7.65116  0.197675  -1.89337  -28.162  9.37269  -1.46194  -0.696578  4.73338  -7.16223  39.872  -0.00638722  65.4265  -1.87187  0.459389  -0.906478  25.3522  5.65847  -0.16137  -1.71157  19.9843  2.21866  -0.012417  1.77774  -0.511717  -8.59129  -2.53324  -15.281  
-0.0772505  0.60101  106.428  4.44395  -4.90595  -0.461234  -11.7853  -1.73905  1.33215  -1.3546  -4.37509  -3.57585  44.3912  1.0163  87.1608  -0.474579  -0.630687  0.20892  18.5143  9.33861  -0.0393437  -2.57226  -13.372  2.52122  6.49487  8.66146  2.07812  -3.82004  -1.37945  -14.5764  
0.404583  0.237396  252.123  0.583738  -6.98295  0.204626  11.2636  -9.97188  3.71556  -1.80515  -10.1907  0.80983  52.4088  1.22582  71.8825  1.4874  -1.50568  1.59734  2.47809  7.47984  -0.683978  -2.11143  -33.377  1.66612  8.52116  19.6454  3.19056  5.02472  0.730364  -20.9887  
0.597915  0.340147  297.073  0.38081  -5.01687  0.432715  26.5995  -5.13  3.50147  0.261713  -8.45647  2.53001  39.5629  0.191278  17.2845  2.33464  -0.797731  1.81186  -12.1493  3.07682  -1.31913  -0.439952  -33.6106  -0.110533  4.80493  19.7242  2.0708  10.1437  1.90282  -26.9735  
0.476549  0.248047  205.656  3.27291  -0.413633  0.790692  32.106  4.97246  1.82549  4.38086  -1.09612  1.35025  0.00609075  -1.29797  -43.3141  1.70729  0.800478  0.491319  -16.7628  -0.21773  -1.0219  1.16576  -23.0383  -1.52072  -1.28094  3.95554  0.86354  8.24884  1.07226  -17.098  
0.305523  -0.883538  64.0283  4.33244  4.13267  1.13159  33.2424  7.67975  1.47266  7.18617  5.59619  0.375687  -49.9617  -1.87359  -72.9348  0.86719  1.63033  -1.2117  -10.3638  -1.2475  0.382886  1.56499  -13.0353  -1.51551  -5.2247  -16.6542  1.66761  3.1759  -0.927003  13.085  
0.33024  -2.85837  -25.7564  0.364281  6.35805  0.838205  31.5441  3.39195  2.85551  5.94107  6.46459  1.4716  -81.6092  -0.939979  -62.9015  0.830863  1.20543  -1.78467  0.714455  -1.56276  2.16634  1.11901  -6.97382  -0.519482  -5.05207  -25.7851  3.48887  0.526565  -2.09638  45.6734  
0.478536  -4.33269  -52.4057  -5.83429  5.6601  -0.123184  21.5612  2.38685  3.37593  1.59112  1.66926  2.69739  -73.239  0.649779  -33.0979  0.937893  0.550739  -0.836586  8.23346  -2.77731  3.30255  1.3802  -3.10568  -0.00167092  -2.29524  -16.9889  3.17247  1.53659  -1.25701  53.7647  
0.469741  -3.99106  -71.9148  -8.68768  3.25218  -0.864694  -1.04745  7.56182  1.01295  -2.0816  -3.81171  1.21832  -28.5723  1.4046  -10.7026  -0.0906169  0.578558  0.648144  8.36076  -4.1538  3.21392  3.33575  -2.95535  -0.676074  -0.224778  1.17137  -0.612459  2.9879  0.754414  29.3008  
0.201539  -1.68796  -101.24  -6.31717  1.13607  -0.559555  -30.344  9.88907  -2.6811  -2.13396  -4.68144  -2.23248  23.6463  0.680937  -12.9665  -2.02688  0.825767  1.4105  4.04477  -3.33771  2.07067  6.0158  -10.8342  -1.4982  -0.858409  13.3303  -5.19295  1.98894  1.93909  -5.34043  
-0.101655  1.50092  -89.65  -2.49056  0.563919  0.411995  -50.6859  3.02736  -4.44986  1.12177  0.0735934  -3.78837  51.4436  -0.723209  -40.2285  -2.96627  0.249817  1.07882  1.61492  0.450066  0.530812  7.07757  -23.1158  -0.934117  -3.28099  10.7061  -6.34877  -0.8668  1.21602  -18.0155  
-0.200814  4.09924  -6.1279  -1.60903  1.18353  0.723915  -48.4159  -5.6813  -3.36749  4.89037  6.17094  -1.27468  46.2469  -1.48171  -70.2168  -1.61125  -1.23273  0.247251  4.67269  4.71773  -0.773195  4.70572  -23.5132  0.882113  -4.39663  -2.61335  -2.71915  -3.14411  -0.54817  0.480461  
-0.191195  5.08647  89.3482  -3.62488  1.67094  -0.358266  -24.6822  -4.67124  -1.67015  6.32982  7.77175  2.63042  24.9241  -1.11401  -64.1265  0.852436  -2.51517  -0.319775  10.7206  6.00284  -1.57569  -0.910197  3.58977  1.86751  -1.97229  -14.9348  2.66138  -3.89807  -1.60708  27.1848  
-0.359587  4.26048  100.435  -4.64272  1.21246  -1.93078  3.05677  5.2818  -1.54585  4.32089  3.03926  3.35812  8.49788  -0.331573  1.7867  1.88262  -2.58412  -0.331944  13.7453  3.81831  -1.92088  -7.63509  52.764  0.399153  2.64986  -18.1514  5.27499  -4.45376  -1.20221  32.18  
-0.713942  2.18868  9.27597  -2.16369  0.251799  -2.27754  14.7559  11.1933  -2.38368  -0.0565868  -3.67171  0.131446  2.75774  -0.112254  99.6112  0.485828  -1.53192  0.0530026  10.355  1.33648  -1.87864  -12.5638  95.1958  -2.27752  5.43878  -13.4601  3.29766  -6.25397  -0.190298  10.8061  
-0.849197  -0.0657948  -94.6979  2.14483  -0.22192  -0.729314  4.98766  4.53196  -1.79831  -4.00747  -5.88542  -2.80808  1.65519  -0.665719  158.155  -1.5925  -0.228319  0.535778  3.15614  1.62191  -1.42079  -13.4105  101.528  -2.78752  3.70209  -6.38011  -1.07755  -8.91695  0.0589592  -12.3026  
-0.426193  -1.48859  -104.672  4.76764  0.0867844  1.50091  -13.0967  -8.38181  1.2493  -4.48962  -1.72542  -0.95254  3.47031  -1.37337  125.488  -1.8692  0.63497  0.813203  -2.18825  3.80907  -0.623924  -9.6764  67.8888  0.774606  -0.685455  1.74058  -4.07697  -10.5669  -0.82811  -10.8963  
0.336643  -1.73601  -2.70686  4.37131  0.485416  2.52685  -21.5821  -15.3139  5.04927  -0.430285  3.87114  4.76364  13.7045  -1.53682  25.7888  0.0672722  0.971745  0.648265  -3.27416  4.10173  0.117829  -3.2102  17.5118  6.37972  -2.85432  14.5504  -3.68566  -9.45522  -1.87098  14.2964  
0.841862  -1.34039  119.618  2.51663  0.155015  1.75964  -14.4222  -12.7718  6.70123  5.85084  4.56033  8.4626  33.7514  -1.01891  -58.7292  2.23353  1.00669  0.0809407  -3.61932  0.704478  0.309611  2.58468  -21.2105  9.71229  -0.200359  32.2797  -0.69886  -5.23606  -1.71261  36.6818  
0.784894  -1.16751  135.044  1.17559  -0.963845  0.434808  0.870507  -7.19284  4.53333  9.9499  -0.223346  5.38425  53.6173  -0.190555  -66.2134  2.59585  0.969251  -0.450646  -8.33495  -3.32477  -0.130938  5.00836  -36.5719  8.32902  4.57823  45.5261  2.74764  0.847773  0.0332041  32.1767  
0.45228  -1.58117  -6.89397  0.734104  -2.14786  0.108623  14.8959  -3.86172  -0.456312  8.74043  -4.59517  -2.79118  61.1707  0.463026  -10.6353  1.17088  0.959472  -0.441791  -17.1729  -3.03447  -0.692258  4.15601  -35.7489  3.80208  6.20439  41.7159  4.94396  6.61475  2.28507  3.94771  
0.276557  -2.06405  -209.991  0.450135  -2.55625  0.835028  24.4535  -0.548826  -5.04499  2.92271  -3.17614  -9.37315  53.3637  0.637669  42.2458  -0.392765  0.86965  0.123939  -23.0338  2.7571  -0.775706  2.59317  -31.5529  -0.269564  2.67839  18.8131  4.99949  10.0753  3.30278  -21.7775  
0.266967  -1.73292  -279.745  -0.00335221  -1.78635  1.19587  28.8729  6.48916  -5.83287  -3.60053  2.64532  -9.173  34.3726  0.297281  44.5095  -0.844428  0.367453  0.636619  -18.3129  9.57277  -0.366553  2.59025  -30.7662  -1.79826  -2.43013  -9.96032  2.57045  10.5953  2.13077  -22.9818  
0.0795174  -0.196496  -93.2458  -0.385173  -0.0271079  0.112831  24.5025  14.8896  -2.07932  -6.68049  6.55321  -2.91588  4.94274  -0.318217  5.69196  -0.449946  -0.76921  0.432216  -3.10845  11.4039  -0.026595  3.70113  -31.5779  -1.43668  -4.04701  -27.6959  -1.60486  8.95438  -0.409182  -3.03071  
-0.407429  1.9967  250.03  -0.613475  1.96366  -1.78924  9.14739  18.2262  3.11889  -4.74322  4.76436  4.50251  -35.8616  -0.786196  -28.9889  -0.246411  -2.13873  -0.474818  13.4988  6.47423  -0.164406  3.5783  -28.0576  -0.803081  -1.15966  -28.8733  -5.07179  6.22612  -2.21475  15.0377  
-0.839557  3.68682  475.663  -1.07326  3.02398  -2.88391  -9.57096  14.1127  5.29884  0.377766  -0.115295  9.12795  -77.2719  -0.760242  -25.5854  -0.737481  -2.84817  -1.30152  20.892  -1.35003  -0.467624  1.1675  -17.2155  -0.420462  2.31528  -21.0875  -4.92196  2.58767  -1.71206  13.0235  
-0.809326  3.89092  380.796  -1.78698  2.17209  -2.40228  -17.3179  7.19253  2.92493  4.65345  -2.96189  10.1272  -92.713  -0.284038  10.4013  -1.53355  -2.31715  -1.2233  16.3298  -6.46427  -0.256748  -1.52187  -3.8236  0.17696  2.39392  -13.3116  -0.789901  -2.23231  0.539005  -5.30143  
-0.373209  2.52897  38.8612  -2.05485  -0.557047  -1.1436  -7.74407  3.28796  -0.944705  4.53547  -2.28691  8.26986  -60.3789  0.186935  41.7667  -1.86926  -0.945689  -0.203493  7.06588  -6.45541  0.623125  -1.47879  2.37307  0.977669  -0.458017  -6.40815  3.87215  -7.4522  2.17615  -20.3876  
0.0541822  0.496532  -273.97  -1.14044  -3.74224  -0.30612  9.44115  2.86394  -1.94968  -0.0718321  -0.987954  4.25614  8.88599  0.154489  31.837  -1.14268  0.324854  0.942193  3.08866  -3.43711  1.49621  1.7234  -2.68595  1.0418  -2.56695  2.8413  4.7854  -10.5978  1.32356  -17.3772  
0.258182  -0.957171  -353.238  0.799344  -5.35377  -0.0469524  19.3781  1.71097  0.93956  -5.0459  -1.65836  -0.63774  70.1941  -0.474872  -24.2905  0.754718  1.06515  1.33564  7.35723  -1.22873  1.55414  5.10975  -10.5211  -0.287472  -1.8665  12.0306  1.46514  -9.21943  -1.34769  0.845917  
0.442452  -1.17297  -236.524  2.70882  -4.20524  0.431282  19.0401  -2.67861  4.68569  -5.19898  -3.07826  -4.17338  78.3955  -1.27923  -92.8013  3.08856  1.67226  0.873379  13.1134  -1.61319  0.749895  5.41465  -8.05847  -2.27343  -0.281108  12.9328  -2.00803  -3.4403  -3.17313  19.4382  
0.797278  -0.560575  -104.458  3.60899  -0.931081  1.57193  17.8727  -7.30698  5.82958  0.528647  -2.25467  -5.11958  28.875  -1.65057  -125.604  4.25526  2.48751  0.240287  11.0735  -3.04645  -0.183606  2.49504  6.46802  -3.39134  -0.680789  2.08915  -1.45715  3.30006  -2.38243  26.9325  
1.04272  -0.145917  -65.5518  3.11584  2.42386  2.6982  21.9232  -7.11041  3.98169  7.15104  1.22012  -5.37379  -36.8766  -1.28505  -100.821  2.78676  2.98345  0.120492  -0.537565  -2.59313  -0.594982  -0.82991  19.6029  -2.99263  -2.93692  -12.0223  2.65286  6.53628  -0.190022  23.4647  
0.656749  -0.590626  -83.9444  1.45382  3.90107  2.69955  24.0969  -1.56285  1.35332  8.13787  4.16608  -7.84917  -67.4679  -0.434341  -41.1801  -1.05623  2.21503  0.497993  -13.5613  0.999245  -0.602274  -2.01459  17.4429  -1.82914  -4.35596  -16.7454  5.76157  4.36385  0.467303  16.0915  
-0.430365  -1.68983  -85.6911  -0.993953  3.0136  1.20786  14.8807  3.96215  -0.253261  2.40668  3.3478  -11.8356  -46.8483  0.318401  8.63904  -4.91563  0.0756934  0.788602  -17.9146  5.84347  -0.768504  -1.14615  1.5912  -0.874121  -3.42263  -9.84551  4.33991  -0.641452  -1.67628  9.11588  
-1.53054  -2.72958  -64.7712  -3.5496  0.933959  -1.00406  -1.64762  4.0142  -0.800638  -3.98886  -0.798692  -12.4809  -5.7009  0.635611  24.2904  -6.11041  -2.30583  0.572101  -11.7698  8.41235  -1.19261  0.0294374  -13.8709  -0.0477206  -1.74157  -3.07326  -0.376095  -3.17203  -4.52572  0.550897  
-1.73967  -3.15324  -59.6314  -5.27407  -0.626668  -2.61287  -10.1808  -0.802307  -0.926489  -4.00773  -4.35608  -6.25168  10.6057  0.798467  20.6387  -4.03369  -3.52256  0.049116  -2.67034  6.66489  -1.22575  0.495266  -19.8896  1.32029  -1.40779  -8.91856  -4.03301  0.216572  -4.66538  -12.2947  
-0.787363  -2.75479  -72.6542  -5.29499  -0.884999  -2.57147  -3.93658  -5.10039  -0.532624  2.81588  -3.81121  3.58923  -16.0597  1.40308  31.3715  -0.610557  -3.09119  -0.264288  1.41763  1.94199  -0.284824  0.678789  -20.7422  2.93984  -1.77863  -24.9547  -3.81378  7.30441  -1.01041  -26.0881  
0.6714  -1.53662  -61.1556  -3.60528  -0.559287  -0.675317  4.1912  -5.43266  0.796132  9.80311  0.561198  9.33692  -62.7667  2.54766  70.9243  1.69793  -1.65408  -0.169512  0.568642  -2.06772  1.17101  1.01392  -23.2098  3.2341  -0.464584  -34.2919  -0.858417  11.0452  3.95848  -32.0124  
1.5984  0.232082  -2.05004  -1.26109  -1.02995  2.1506  -4.17392  -3.52498  2.38997  10.1339  5.08808  6.69222  -90.6698  3.45424  116.971  2.05841  -0.183731  0.04095  0.972791  -2.32854  1.81102  0.853211  -24.5469  1.10975  2.7621  -23.0107  1.59554  5.57602  6.58312  -23.634  
1.41967  1.77157  71.8994  0.394399  -2.84753  4.15017  -29.9061  -2.18454  2.64513  3.55113  6.4472  -0.690738  -79.6146  3.08898  127.915  1.42647  0.706729  0.0175471  5.64898  1.15814  0.801635  -0.630356  -16.5943  -2.21383  4.47805  3.90414  1.74773  -7.49675  5.40019  -4.0486  
0.455851  2.16294  112.482  0.85016  -4.99598  3.87734  -53.0556  -0.446088  0.675407  -4.07263  4.94606  -5.28375  -41.1147  1.30235  79.8523  1.06547  0.879717  -0.196228  9.79524  5.44581  -1.1109  -2.88256  -0.274052  -3.81641  1.30952  26.3311  0.636128  -18.8628  2.04385  15.0488  
-0.400485  1.29094  114.483  0.811253  -5.67849  1.5048  -53.3478  4.51393  -2.31901  -6.94633  4.03266  -3.16038  -2.64829  -0.868151  -7.56844  1.35042  0.543948  -0.262661  6.90694  6.97722  -2.12794  -4.07226  11.2218  -1.9956  -5.37442  29.1421  0.408383  -18.7783  -0.819572  21.5802  
-0.457788  0.238358  116.627  1.20907  -3.97083  -1.11111  -30.1587  11.391  -3.68647  -4.24187  6.39802  3.2645  16.2807  -2.11107  -79.9519  1.83488  0.139541  -0.00142869  -2.4745  4.24251  -1.12221  -2.92741  7.50878  1.68241  -9.95577  16.3374  1.72349  -6.04705  -1.86729  11.4342  
0.197407  0.212378  152.359  2.03277  -0.748927  -2.05658  -0.0620004  14.0017  -1.66872  0.505034  10.6645  8.79467  14.3105  -2.03602  -87.464  1.92242  0.151363  0.377038  -10.6193  -1.1224  1.234  -0.0156461  -5.23929  3.71032  -8.0341  3.64857  3.00722  9.96949  -1.62097  -8.97559  
0.827292  1.07435  208.832  2.14827  2.09371  -1.11831  21.1036  8.27362  2.78338  3.35927  12.3983  10.0476  2.25326  -1.30015  -23.4361  1.32011  0.65468  0.487122  -11.2831  -5.55055  3.13858  2.92882  -10.3465  2.18736  -1.16606  -0.844471  2.33567  16.873  -1.27817  -26.2877  
0.773903  1.4153  238.015  0.668957  3.39391  0.182334  28.6863  -1.85386  6.30803  2.83328  8.53159  6.59326  -9.29128  -0.721648  67.5495  0.229607  1.1634  0.132483  -6.12729  -6.15645  3.37159  4.57427  -0.463036  -1.19678  4.58627  -3.92573  -0.171914  10.1785  -1.51757  -27.8569  
0.105944  0.405709  200.357  -1.85438  3.61356  0.311821  24.4981  -8.09046  5.73364  -0.0103301  0.534344  -0.182303  -15.5914  -0.503839  121.764  -0.592832  1.07504  -0.513586  -1.40449  -2.81245  2.24426  4.64228  12.5989  -2.94772  4.70648  -14.0746  -2.17061  -2.60142  -2.24448  -10.8788  
-0.486209  -0.935117  97.8791  -3.68441  3.93536  -0.765413  10.649  -6.62675  1.06942  -2.91057  -6.94167  -7.86871  -16.3596  -0.428116  102.837  -0.278893  0.340764  -0.997418  0.0822602  1.99725  0.931237  3.42135  10.6461  -1.40488  0.295273  -26.5183  -1.54796  -8.95407  -2.97374  12.6306  
-0.462445  -0.894753  -27.3387  -3.62177  4.53604  -1.88811  -7.58292  -1.23108  -3.96893  -3.8558  -10.2696  -13.2738  -11.6855  -0.46635  25.7436  1.18537  -0.45667  -0.880435  1.1904  5.41266  0.123864  1.40532  -10.1569  1.65355  -3.52344  -27.3431  1.19732  -3.33406  -3.18869  22.215  
-0.0273851  0.568859  -121.816  -2.23257  4.11838  -2.19103  -18.3725  2.11823  -4.91904  -2.23598  -9.4954  -13.6951  -0.395615  -0.828697  -54.7208  2.51686  -0.700478  -0.113344  4.94115  6.44529  -0.463876  -0.460089  -33.5947  3.0573  -2.95378  -12.153  3.474  7.56177  -2.57501  6.47834  
0.138803  1.4721  -152.028  -1.16984  1.38298  -1.91639  -11.6966  1.425  -0.82362  0.70659  -7.16482  -8.90457  16.8181  -1.37589  -81.2552  2.17248  -0.282856  0.803864  9.59027  6.14089  -1.3991  -0.88885  -38.9931  1.61147  1.20587  5.6783  3.49484  11.6614  -1.25011  -23.2216  
-0.281604  0.256633  -121.175  -1.32202  -3.09499  -1.7349  7.87082  -1.14913  4.53719  2.72157  -5.40834  -1.62668  33.5826  -1.40699  -37.2836  0.106155  0.415425  1.16878  11.1065  5.79749  -2.63749  0.65226  -21.1444  -0.888391  5.03172  9.42666  2.14409  3.92607  0.185052  -39.7244  
-0.823295  -1.96684  -68.198  -1.78421  -6.84408  -1.70308  23.4416  -2.78  6.39388  2.43651  -4.62487  4.14655  37.8902  -0.337852  34.8568  -1.83991  0.87783  0.737272  9.133  5.45416  -3.4561  3.02255  5.94923  -1.86228  5.39537  -1.30749  1.65793  -8.44571  1.00964  -25.7112  
-0.760448  -2.45994  -46.1755  -0.920604  -7.61246  -1.29869  24.8679  -1.76078  4.05014  0.494009  -4.29287  5.87766  20.4366  1.44329  64.9983  -1.70992  0.703688  0.00760759  7.78409  4.28264  -3.1328  4.16749  23.6796  -0.818294  2.40389  -10.81  2.90889  -13.4774  1.01006  7.0462  
0.0349518  -0.155677  -81.6915  1.81804  -5.44587  -0.362521  20.7465  2.26409  1.51542  -1.22704  -3.97839  3.90636  -15.0338  2.70675  21.2629  0.423532  -0.232205  -0.268868  9.72955  2.09852  -1.57052  3.13823  24.9298  0.359252  -1.61768  -6.82182  4.58062  -6.8727  0.752574  27.5582  
0.896908  2.85646  -145.974  4.89026  -2.45743  0.450526  24.9843  7.3279  2.38905  -1.46959  -3.10289  1.17036  -49.0616  2.4805  -50.8252  2.39278  -1.51702  0.132336  11.4886  -0.172567  0.619267  1.01447  15.5492  -0.162162  -4.54321  5.33891  4.87985  3.76936  1.11649  16.8037  
1.0601  3.64499  -173.704  5.89899  -0.532775  0.410514  33.6967  9.03888  5.02684  -0.596362  -0.573085  0.759467  -60.1641  1.01313  -68.8944  2.12409  -2.23819  0.718812  6.85024  -1.71162  2.44917  -0.491407  4.30647  -1.94  -5.86783  10.781  3.40862  7.27453  2.35029  -13.2754  
0.443542  1.7888  -128.617  3.71567  0.511212  -0.306324  25.0504  4.44818  4.24808  0.106871  4.35291  3.19117  -43.6458  -0.460035  -6.5079  -0.251118  -1.68754  0.875588  -4.91854  -2.88177  3.01927  -1.21613  -5.38753  -2.83119  -6.27923  3.16769  1.17416  0.458902  3.59939  -33.501  
-0.335258  -0.327017  -51.2037  -0.0983249  2.34429  -0.769963  -12.6977  -3.24603  -1.82779  -0.278883  10.4069  5.69442  -17.9166  -0.874033  63.8597  -2.6068  -0.219966  0.497646  -16.2746  -4.48513  2.0143  -2.6342  -13.6236  -1.61103  -6.37824  -9.62007  -0.66149  -9.34757  3.48664  -28.1533  
-0.664727  -0.558014  -24.9724  -2.47616  5.81072  -0.440072  -59.4369  -6.5405  -8.16187  -1.65411  14.066  5.19531  -7.74401  -0.297811  42.2771  -2.98795  0.803569  -0.0688334  -18.2288  -6.11218  0.0421686  -5.48837  -18.1981  0.543315  -6.02593  -16.6396  -1.49636  -12.6392  1.45491  -8.73805  
-0.526437  0.482915  -85.1904  -1.67023  9.44142  0.124943  -78.4409  -2.0771  -7.79924  -3.0943  11.986  2.36155  -20.5734  0.23181  -77.9204  -1.39374  0.269954  -0.563604  -9.65408  -5.94394  -1.63951  -7.82068  -15.5179  1.48403  -4.55284  -15.313  -1.14057  -7.13862  -1.35315  1.98321  
-0.369608  0.482714  -168.881  0.816024  10.406  -0.0583755  -54.6665  4.50993  -0.187719  -3.45651  4.29081  1.72315  -41.0186  -0.256816  -178.932  0.546684  -1.44239  -1.055  1.6966  -2.77752  -2.06787  -6.28772  -6.8159  0.620559  -1.62311  -10.5696  0.230733  1.36216  -2.8168  -4.95608  
-0.514373  -1.40374  -177.942  1.63661  7.03279  -1.13731  -11.5616  4.83044  7.33809  -2.11471  -4.65735  6.52586  -49.2823  -1.69017  -130.341  1.39296  -2.75295  -1.59886  7.48491  1.93851  -1.42335  0.0710987  0.553594  -0.465615  1.87245  -6.91648  1.76143  5.99804  -1.802  -18.187  
-0.816726  -3.36814  -88.0099  -0.831179  0.588348  -2.17598  13.9098  -1.76665  7.28973  0.331245  -9.51174  13.7978  -43.1698  -2.97712  66.6608  1.17388  -2.41913  -1.90398  6.78269  4.89307  -0.784926  7.62552  0.734405  -0.0680271  4.08448  -4.72001  2.13796  5.0252  0.41923  -21.1853  
-0.902986  -3.10485  24.87  -4.62061  -5.34623  -2.20287  9.05851  -6.92081  0.288277  2.03313  -8.39201  16.341  -36.8135  -2.94762  264.299  0.922536  -0.757432  -1.55162  4.83871  4.12003  -0.910179  10.5863  -2.72016  1.56236  3.45644  -2.9567  0.830161  1.51665  1.08249  -9.40212  
-0.608032  -0.56412  75.2108  -6.33827  -7.50667  -1.24684  -5.99649  -3.50495  -5.92631  1.15172  -4.30746  10.3708  -40.1848  -1.40284  307.75  1.25574  0.748744  -0.493711  5.23304  1.13515  -1.36576  6.32233  -0.0761539  2.59048  0.156836  -2.32499  -1.02203  -1.01715  -1.25788  7.38577  
-0.0874172  1.99715  64.6622  -5.03351  -5.46664  -0.131229  -5.63987  5.50395  -5.28773  -2.29006  -1.8153  0.0715967  -43.8819  0.688011  185.01  1.70641  0.970074  0.852171  5.75462  -0.54965  -1.06572  -1.65491  12.0941  1.80205  -3.90715  -4.75107  -1.52195  -1.42753  -4.79349  15.7177  
0.420515  2.4877  65.8875  -2.99802  -1.87964  0.560375  11.7415  11.1282  0.576342  -5.86447  -2.4514  -6.82436  -30.9767  1.98062  25.5652  1.44104  0.145376  1.97686  2.74013  1.03915  0.384277  -6.58789  24.2944  -0.0927361  -6.65942  -10.5745  -0.044914  -0.460652  -5.79644  9.32161  
0.802505  0.991297  113.488  -2.5088  -0.0958226  0.965774  23.854  10.0577  5.53923  -6.53048  -3.70936  -7.25843  -0.780999  1.80876  -43.9782  0.367527  -0.574449  2.58843  -2.64048  4.59006  2.12333  -4.80421  22.4909  -1.53435  -7.07898  -16.7089  2.00002  0.777753  -2.33533  -7.56718  
1.01071  -0.771688  144.346  -2.68097  -1.1533  1.4128  10.3331  8.21576  6.4192  -3.43579  -2.67507  -4.94817  25.4667  0.579993  -21.9166  -0.706599  -0.443113  2.55874  -5.00114  7.16816  2.87971  0.805203  3.37192  -1.92299  -5.28803  -17.6624  2.6147  1.28277  3.35057  -23.5495  
0.937151  -1.38179  69.9316  -0.824595  -2.98991  1.76701  -25.8308  11.3064  5.2633  1.10244  0.311764  -4.40648  26.3168  -0.691125  -2.87869  -0.991003  0.159707  1.84986  -1.69129  7.02038  2.1699  3.90241  -21.4203  -1.85704  -1.89407  -9.92318  1.18559  0.404292  6.57676  -27.3363  
0.50189  -0.8172  -101.835  3.25796  -2.68526  1.60942  -62.085  15.1872  4.81158  3.57379  2.19958  -4.9946  4.79449  -1.19438  -50.441  -0.564896  0.274965  0.711242  3.16907  4.53397  0.569399  1.30843  -35.9506  -1.8336  1.9954  2.84431  -1.16924  -1.36641  4.67545  -15.7841  
-0.142818  0.0404955  -246.741  5.76811  0.486406  0.905175  -77.2894  10.2953  4.3553  2.45826  1.19739  -2.94833  -14.2161  -0.818736  -124.634  -0.204412  -0.476029  -0.238376  3.30777  1.15469  -0.997106  -3.86915  -33.4119  -1.49352  4.49603  9.83065  -2.89952  -2.16224  -0.323078  2.44547  
-0.621781  0.440718  -242.261  2.90024  4.32564  0.16077  -67.0155  -4.34434  1.42576  -0.572197  -1.03728  2.40075  -10.7214  -0.104868  -141.009  -0.447112  -1.43021  -0.43354  -1.87008  -1.82481  -1.97159  -5.88016  -18.7586  -0.449408  3.85528  1.69387  -3.17218  -0.387037  -3.58871  12.9624  
-0.65115  0.122066  -93.3998  -4.12395  6.00021  -0.128291  -41.2106  -16.3463  -3.58287  -2.51917  -1.74519  6.67779  9.77229  0.222283  -77.6631  -1.0075  -1.64397  0.0694155  -6.07265  -3.56678  -2.25717  -2.63181  -1.78655  0.632764  0.164827  -17.7208  -1.94093  2.93007  -2.18967  8.42452  
-0.315483  -0.845932  74.5032  -9.44043  4.81169  0.0317761  -12.2367  -12.7776  -6.62165  -2.03875  -0.735626  5.7585  25.2114  -0.144249  1.95062  -1.14187  -1.01731  0.633885  -3.35255  -3.80904  -1.96898  2.24775  8.45915  0.50506  -4.12611  -30.6052  0.306282  4.38003  2.18159  -4.31356  
0.0440209  -2.11118  147.165  -8.26531  2.51782  0.330186  12.1427  3.88507  -4.41474  -0.470407  -0.420297  0.843177  21.4277  -0.76523  29.8277  -0.466444  -0.441853  0.742283  4.9692  -3.1798  -1.29156  3.66108  5.45685  -0.977338  -6.32076  -20.4063  2.50119  1.52428  5.08056  -11.595  
0.197932  -2.95013  125.961  -1.94173  1.11603  0.691196  27.5693  16.5787  1.67399  0.000558864  -2.11973  -2.93257  4.43653  -0.851876  9.05288  0.644587  -0.760919  0.484795  11.9157  -2.84557  -0.434023  0.547575  -11.4343  -2.1971  -5.94393  10.1895  3.30841  -4.05276  3.73372  -7.94712  
0.219009  -2.65101  96.3818  3.65721  0.788416  1.33909  31.7589  11.5621  7.07935  -1.18448  -3.77585  -2.48242  -11.1204  -0.158573  -5.51778  1.39656  -1.68664  0.242394  12.6401  -3.17172  0.480352  -3.35772  -30.7722  -1.29477  -4.58037  38.7364  2.30986  -7.68448  -0.48913  -1.91187  
0.297278  -1.37649  113  4.1068  0.276174  2.24573  27.7723  -6.93679  8.6946  -2.53885  -2.51025  0.404715  -18.7602  0.587526  15.4658  1.29116  -1.97868  0.0917974  9.1566  -2.97567  1.43857  -3.87486  -32.6357  1.67159  -3.31102  42.8642  0.895912  -5.98675  -3.73977  -5.12971  
0.456  -0.4747  139.949  0.405482  -1.01412  2.73059  25.421  -21.6861  7.25848  -2.49172  1.13499  2.0666  -24.0556  0.449832  44.0241  0.575959  -0.818964  -0.202302  6.92107  -0.796774  2.29546  -0.627189  -8.28876  4.43778  -1.31158  20.9227  1.14296  -0.259268  -3.47254  -17.3074  
0.521671  -1.30817  108.763  -3.22881  -1.87792  1.92694  32.1639  -20.5934  5.2245  -1.25952  2.92846  1.17532  -35.5313  -0.544658  41.4801  0.0310191  1.18239  -0.659721  8.14707  3.02165  2.58875  3.1253  22.8553  4.65644  2.18699  -8.14007  3.4189  4.78003  -0.560347  -25.4298  
0.337751  -3.40265  6.05492  -4.22855  -0.637899  -0.223551  40.7734  -7.61409  3.60634  -0.417365  -0.50736  -1.02486  -55.7457  -1.3843  11.1668  0.181419  2.48677  -0.877661  9.59551  6.19868  1.83925  4.14161  26.346  2.20932  5.39815  -24.5725  5.63993  5.69539  2.01606  -18.6902  
-0.0826131  -4.13679  -105.44  -3.51588  2.59403  -2.57523  32.0083  4.04313  1.68221  -0.818707  -7.58416  -3.15017  -78.7333  -1.51059  -11.4498  0.660283  2.11642  -0.531297  6.59653  6.84492  0.141198  2.02003  -8.04565  -0.73523  5.02222  -25.4369  5.50231  3.43994  2.12756  -1.19018  
-0.594711  -1.1076  -146.354  -2.91804  5.4094  -3.59102  -3.50049  6.63436  -0.945581  -1.53811  -12.8054  -4.60609  -91.3341  -1.80509  -7.48316  0.50547  0.553946  0.126424  -1.87086  5.40234  -1.72491  -1.14022  -45.5153  -1.80146  0.116353  -22.2642  3.15893  1.80603  0.144318  12.697  
-1.00266  4.80144  -93.321  -2.19512  5.19112  -2.69616  -47.5714  3.79097  -3.15325  -1.16018  -11.9  -4.70887  -78.7855  -3.41746  6.93221  -0.672743  -0.813218  0.530783  -12.0872  3.78101  -2.8629  -3.05984  -37.9424  -0.502213  -5.93523  -24.06  0.994604  2.78855  -1.88161  14.0047  
-1.07077  9.32521  6.71065  0.0825928  1.72372  -0.842718  -67.2096  3.03469  -3.45516  0.273418  -5.46632  -2.53123  -36.4463  -5.54653  9.80446  -1.89376  -0.990832  0.488767  -18.5979  3.07024  -2.88155  -2.91253  19.7307  1.59299  -8.52923  -26.1942  0.760442  4.326  -2.20523  6.45714  
-0.593945  8.67129  83.3776  3.58272  -2.44368  0.371315  -48.6963  5.79055  -1.71383  1.12435  2.04337  1.76596  18.9097  -5.25826  -1.17623  -1.5908  -0.229385  0.312513  -17.9425  2.86148  -1.90684  -1.28758  76.2545  2.51202  -6.61773  -17.7745  1.75546  3.14747  -0.620245  -2.17358  
0.383989  3.58149  99.3176  5.44996  -4.35299  0.171076  -13.7844  6.63777  0.718091  0.0721693  6.46086  6.62064  55.3089  -0.438807  -18.3251  0.554064  0.363407  0.282698  -10.6489  2.63221  -0.236876  0.628508  77.8806  1.54063  -3.41556  1.51495  2.2364  -0.227809  1.77296  -10.5749  
1.41284  -1.16166  68.1524  3.61923  -3.32938  -0.804818  3.80356  1.31026  2.30769  -2.24791  6.9174  10.5466  50.5044  7.12951  -40.4051  2.8058  -0.0260144  0.268201  -1.06169  2.66442  1.69309  1.59915  29.5962  -0.442037  -2.51629  16.7116  1.81127  -1.05014  3.58125  -21.135  
1.85173  -1.68848  23.4402  -0.147406  -1.31609  -1.32409  -4.97969  -6.83523  2.47505  -3.785  5.75504  13.0786  13.329  12.4804  -61.8116  2.89733  -1.08248  0.0409705  4.97084  3.05574  3.06212  0.621795  -12.1842  -1.96876  -3.98748  12.6654  1.55002  4.13658  3.93256  -29.5276  
1.38813  0.91737  -21.3658  -1.70217  -0.610211  -0.834567  -18.227  -9.46374  1.61608  -3.1986  5.8254  13.7743  -23.5106  11.8033  -57.8067  0.469678  -1.65825  -0.248579  4.07932  2.66368  2.88784  -2.45304  -8.11377  -2.14923  -5.08754  -7.43479  1.95856  12.0261  2.81826  -24.5588  
0.343381  2.23633  -78.0302  0.593477  -1.42665  0.0990734  -12.9521  -2.26213  0.499244  -1.20231  7.69018  11.372  -32.5475  5.93691  -3.62401  -2.37373  -0.966368  -0.211554  -1.53948  0.185979  0.929862  -6.18244  18.3293  -1.13919  -3.91086  -23.1061  1.94137  14.6957  1.00586  -2.5326  
-0.584447  -0.108611  -149.041  3.50431  -1.77888  0.507922  7.80572  9.55446  -0.178808  0.239808  8.82592  5.61159  -12.724  -0.646683  82.3999  -3.20389  0.507943  0.215511  -5.27797  -3.71424  -1.67237  -7.76898  14.4211  0.249026  -1.28399  -18.3263  0.377273  8.00819  -0.424391  22.2416  
-0.904498  -3.78451  -206.022  2.54744  0.290531  0.0121853  22.5675  15.8766  -0.00691687  -0.0866175  5.74938  -0.94781  16.7686  -4.04767  136.259  -1.72279  1.44493  0.575815  -1.62746  -6.28862  -3.0712  -4.99676  -33.388  1.18721  0.935373  0.958884  -1.90951  -3.34988  -0.85525  28.1734  
-0.652871  -4.85845  -220.961  -2.18031  4.4574  -0.907517  19.946  12.4178  0.841083  -1.50837  -2.48375  -4.88166  37.5023  -3.77758  110.47  0.248491  1.18225  0.354422  8.59362  -5.28737  -2.32297  1.31819  -83.0082  1.23081  2.36122  14.3993  -2.65291  -10.5707  -0.642532  9.54829  
-0.191071  -2.68385  -212.65  -4.96151  8.15592  -1.45519  10.9097  5.84794  1.52214  -2.17795  -12.602  -6.11115  43.0667  -1.88917  32.0512  1.02519  0.621466  -0.460996  18.6908  -1.35007  -0.286278  7.08145  -88.5529  0.433517  3.96452  10.791  -0.646279  -10.0891  -0.794286  -14.8746  
0.179042  -0.418643  -233.033  -0.51326  8.8562  -1.23332  12.2985  6.43702  1.21385  -0.880611  -19.2153  -8.0519  35.9707  -0.319535  -20.5459  0.692197  1.22437  -1.36029  21.9575  2.58885  1.24131  8.02246  -51.3139  -0.776537  6.14437  -1.15532  2.83448  -6.3435  -1.94202  -20.2598  
0.372565  -0.769386  -291.431  9.4037  6.33594  -0.490314  25.1352  15.5845  0.0363154  1.70004  -19.0657  -12.26  21.5904  0.418452  -3.63057  0.372808  3.06195  -1.77083  17.2765  4.17259  1.27371  3.75223  -9.18016  -1.76734  7.61662  -6.37202  5.31477  -5.1073  -3.51447  -2.02851  
0.411758  -2.58978  -313.455  16.0897  2.73413  0.179798  33.4305  22.6484  -0.84581  3.44852  -13.2121  -14.3629  6.69448  0.608932  43.6214  0.542893  4.24747  -1.46048  9.23168  3.51062  0.40313  -1.53637  10.8659  -1.97293  6.55326  -2.1375  5.41988  -6.25405  -4.03737  19.0609  
0.314048  -2.64102  -209.108  11.9046  0.407413  0.359356  22.242  15.7955  -0.223137  2.66091  -5.1105  -8.15958  -2.72193  0.458897  49.2515  0.697156  2.70521  -0.571358  3.13962  2.2455  -0.143643  -3.07011  12.79  -1.18022  2.30665  2.29913  3.54076  -5.25097  -2.42452  19.0082  
0.117337  -0.0246512  15.7866  -1.99732  -0.256989  0.102237  -6.51158  -4.5902  1.82649  -0.330933  2.98213  6.22322  -6.17238  0.0655887  -2.79762  0.464749  -1.41558  0.601367  0.167752  1.36848  0.03162  -0.372516  10.2761  0.311002  -4.07521  1.41172  0.769408  -0.406891  0.917718  -3.70931  
