0.309469  -13.5401  4.43145  3.40911  -1.08681  -1.99322  3.65015  -4.77885  0.315725  -0.508323  11.5915  3.74442  33.9322  3.17827  -14.1251  -4.45748  3.24138  4.3955  24.174  210.005  -3.3503  0.304762  9.37618  -0.57669  17.7252  -4.02187  -5.39835  -3.51535  19.0147  0.563241  
0.346262  -4.16555  -12.9105  -10.3959  7.21146  4.52916  5.88766  -33.2574  10.3484  -7.30478  44.0597  6.78499  10.0319  0.705839  19.2754  2.55557  -16.5538  8.74242  -35.7541  111.952  -2.16925  0.337033  -15.7848  4.29696  -58.4138  -17.0351  9.13381  5.0295  -20.2044  3.55627  
0.284142  2.2117  -23.6178  -17.6081  10.9846  5.27421  1.16881  -26.0041  15.4754  -14.4769  69.7037  5.19947  -2.57247  -2.10964  33.5892  6.13526  -23.7189  6.27918  -82.1019  38.4402  2.89067  0.286161  -19.1856  6.87818  -95.1076  -26.5601  17.3589  8.97024  -45.009  4.97912  
0.159354  5.44475  -25.5406  -17.4468  10.1307  0.863448  -8.96418  10.9538  14.5895  -20.1543  81.4833  -0.411911  -3.71238  -4.42586  28.4887  4.87332  -17.4817  -1.74644  -104.645  16.0503  10.791  0.184947  -4.35987  6.653  -92.4418  -27.2093  18.3621  7.9268  -49.3412  3.60489  
0.118918  8.22553  -21.5037  -14.3698  8.35522  -2.88351  -16.1137  36.485  10.5131  -21.0922  73.7991  -4.99884  -1.21496  -5.03449  20.0055  0.454113  -7.66605  -7.30644  -101.997  56.9896  16.1341  0.16047  6.7356  5.11083  -83.3965  -16.4751  16.2638  5.47892  -37.8696  -0.528719  
0.245215  12.25  -15.6426  -12.2728  8.4261  -1.85536  -14.6994  21.9088  7.04349  -16.0215  46.9992  -4.84686  0.426736  -3.9748  20.5039  -3.16959  -2.77981  -4.45452  -83.996  131.651  14.5345  0.279432  2.04084  4.11893  -89.9067  -0.650765  14.9431  4.94601  -21.1645  -5.37926  
0.433989  14.4737  -9.63395  -10.6862  8.88613  2.24753  -7.73002  -15.5935  6.08574  -7.57933  10.7259  -1.39123  4.04438  -2.54547  25.3652  -2.65952  -1.92562  4.01609  -64.6729  172.966  7.30349  0.442793  -8.9443  3.95351  -95.3546  8.3774  13.9854  6.15393  -7.95196  -7.79764  
0.500939  9.21321  -2.79519  -7.03427  6.07425  4.84048  -2.4628  -32.8128  6.99063  -0.319153  -19.086  1.15873  12.9252  -1.57404  21.4318  1.426  0.500621  9.4639  -50.5601  124.673  0.450224  0.487846  -12.3843  3.19161  -68.7401  4.78403  10.2635  6.36971  -0.498461  -5.96271  
0.431977  -3.81546  4.64518  -1.27379  -0.988975  3.9555  -2.14021  -10.1578  7.70442  3.2974  -30.5055  1.14338  24.4238  -0.440835  4.7966  4.28481  5.08734  6.42664  -37.3787  1.56324  -0.950627  0.418336  -9.43279  0.770434  -10.3647  -4.59396  2.87471  3.84753  4.31654  -1.07835  
0.439177  -14.8434  9.78789  3.33691  -8.35746  1.99617  -3.63878  26.2932  6.66716  4.53936  -24.13  1.09963  32.4247  1.70593  -13.9119  1.37526  6.39283  -2.04044  -19.4662  -96.6003  2.79138  0.442881  -10.8895  -2.1592  39.8215  -7.83591  -4.59355  -0.212938  10.0203  3.67409  
0.690171  -11.6488  9.57602  4.10645  -10.4021  2.68055  -2.68923  35.5493  4.66043  6.02999  -11.2075  3.66156  33.5282  4.25829  -21.5593  -5.95228  1.31532  -7.95683  -0.475834  -56.7205  6.85154  0.706809  -17.9744  -3.16931  45.8689  -1.20203  -7.26497  -3.08881  16.2477  5.95011  
1.02673  6.75088  4.92135  2.063  -5.25604  6.99396  0.905363  8.10233  4.54081  8.26499  -3.28804  7.26643  28.3725  5.46382  -15.8611  -10.2719  -5.29293  -6.61953  9.06956  131.407  6.59618  1.03204  -18.8991  -1.51027  18.7735  6.97729  -4.03084  -3.31709  18.9567  5.91733  
1.07411  26.386  0.559258  0.274804  3.05766  11.7961  4.06349  -26.2552  7.91033  9.20204  -3.23709  7.4569  18.0982  4.42678  -5.3177  -5.43306  -6.48634  -0.610071  4.89599  328.78  1.35665  1.0486  -5.88927  0.615447  2.5642  5.95663  1.09541  -1.93682  15.1227  5.265  
0.660054  31.5861  0.0268893  -0.0229562  8.11679  11.9356  4.94313  -35.4925  11.6054  6.95053  -5.91991  2.43931  2.71706  2.12013  1.63638  5.82999  -2.44579  3.91654  -4.16039  358.679  -5.76808  0.613238  12.5637  0.39229  19.3545  -5.47248  2.81979  -1.17243  7.121  4.99591  
0.0274069  21.5914  1.69597  -0.269637  6.9757  4.57927  4.85223  -20.0585  9.30504  2.09729  -5.40739  -4.28495  -15.7758  0.0863852  3.59178  13.3359  0.318627  3.72444  -5.34472  190.064  -10.8737  -0.005249  21.5693  -2.32672  43.274  -17.8187  -0.395933  -2.14253  1.43703  4.58175  
-0.448859  10.2792  0.838111  -1.6982  2.4633  -7.29714  5.86212  -5.5774  -1.50106  -2.81814  -0.591922  -7.51925  -30.1736  -1.29071  3.14041  9.67229  -0.960108  0.66121  3.40148  -6.92744  -11.8817  -0.43724  17.4495  -4.84783  35.8714  -21.0655  -5.33318  -3.83749  2.58878  3.10532  
-0.678811  8.85926  -4.42652  -3.24648  -0.233717  -15.9962  8.14778  -7.88071  -14.6309  -5.66424  4.80964  -5.80865  -30.4903  -2.6632  2.0517  -1.67603  -0.141784  -1.85212  11.7041  -26.1877  -9.22498  -0.627949  9.3215  -4.7308  -2.80568  -14.6305  -7.58727  -4.16672  8.90629  0.6371  
-0.864213  12.0501  -10.5946  -3.11792  0.8966  -15.5159  10.3911  -16.2038  -19.5134  -5.96136  5.96289  -2.13105  -12.2711  -4.12125  1.17895  -9.81174  9.5783  -2.66257  9.91265  153.663  -4.87078  -0.811294  5.058  -2.21301  -33.7578  -6.51111  -5.70777  -2.01235  14.471  -1.8022  
-1.10505  5.5253  -12.6316  -1.47215  3.10591  -7.87498  11.952  -12.1048  -11.6657  -4.33932  1.40304  0.333139  16.4169  -4.54856  2.2889  -7.7191  24.496  -2.59845  0.782854  344.796  -0.730768  -1.08653  2.98545  0.75048  -28.081  -3.55325  -1.80212  1.56178  14.2341  -3.24693  
-1.13962  -14.1966  -9.53818  -0.159672  2.68743  -1.8786  13.2607  5.02309  2.28605  -1.63715  -5.24324  1.33378  38.0363  -2.96895  6.46454  1.15889  31.8417  -1.7399  -4.72261  354.562  2.49616  -1.16082  -1.29116  2.81196  -0.355028  -4.08535  1.21453  4.16531  7.36199  -3.39382  
-0.59184  -32.5579  -5.23049  -0.0817606  -0.399167  -3.87737  14.3066  18.6619  11.3285  1.10347  -7.67754  2.06989  39.6727  -0.0851946  10.9027  7.63061  23.5662  1.01095  -1.45492  178.925  5.24977  -0.626218  -5.88711  3.776  12.8519  -1.07468  2.21517  4.19619  -2.72939  -2.40681  
0.581384  -32.4394  -3.96324  -0.188154  -2.73199  -10.1824  13.9083  17.2516  10.7872  2.74888  -3.2505  2.38453  26.1805  2.17317  10.3961  6.32958  5.87221  5.35377  3.93688  -26.5252  7.91395  0.567335  -5.54886  3.64868  -1.73805  7.97803  2.00868  2.30111  -10.2216  -0.703086  
1.95747  -13.812  -5.64799  0.414999  -1.83042  -10.7451  11.002  6.665  5.40428  3.0764  3.46672  1.0013  16.0732  2.71615  3.31719  -0.205991  -7.24559  8.36154  2.41143  -127.413  9.61536  1.97733  -0.164185  2.62216  -22.7912  16.8019  1.88522  0.618329  -10.5423  0.845963  
2.93332  6.12191  -6.3826  0.550199  0.837594  -1.06273  6.02299  -0.365684  2.41824  3.38721  5.11299  -1.82565  20.9146  2.39137  -5.31197  -5.71266  -9.07691  7.18989  -4.82507  -108.944  8.70543  2.97199  5.10646  2.03951  -26.089  17.1764  2.38396  0.533523  -5.04267  1.07785  
3.09259  12.2011  -3.33455  -1.69456  1.94731  11.3934  0.661191  0.120086  3.88913  5.18821  0.416195  -3.79717  30.6608  2.70941  -9.08677  -6.30567  -6.31849  2.55409  -6.36471  -11.8137  4.64423  3.11971  7.22712  3.6265  -15.2111  8.76716  3.11223  1.24374  -1.43145  -0.377752  
2.38815  6.2593  1.44747  -5.95182  0.550683  14.8008  -3.32215  2.72575  6.49235  7.85875  -3.37696  -3.32925  24.8734  3.81936  -7.38808  -2.61564  -9.62189  -1.67986  5.90907  131.647  -0.91502  2.38405  8.31642  6.75125  -13.6435  -0.489721  3.31192  0.798628  -6.23162  -2.20497  
1.12288  1.13536  2.72789  -9.17416  -1.13109  6.43564  -4.1305  2.94887  7.08772  8.41007  1.28192  -1.56543  -1.70031  4.25491  -4.59613  2.28958  -20.0654  -2.85804  25.7076  261.642  -5.33072  1.09764  10.7067  7.66026  -32.0132  -4.05746  2.67317  -1.35685  -15.2847  -2.30594  
-0.191866  3.48932  -2.29591  -8.68835  -1.12983  -3.83618  -0.183116  1.79835  6.07465  4.3957  12.8754  -0.507751  -30.3459  2.88047  -3.03525  5.65811  -27.3872  -2.26345  36.5982  259.669  -7.35445  -0.205307  13.2832  3.34105  -52.3055  -4.28623  1.84887  -3.33895  -15.1918  -0.0658957  
-1.07602  8.35166  -10.3073  -5.01115  -0.40275  -4.77324  7.37162  1.13562  5.44082  -2.88035  22.484  0.0754262  -38.0768  0.551619  -0.0745544  6.35944  -21.8377  -2.98122  28.1938  54.0177  -7.95911  -1.05366  14.5571  -3.90251  -45.5322  -8.07363  1.88899  -2.76838  2.08943  2.60285  
-1.34873  9.57979  -14.2099  -1.14916  -0.926576  3.26274  12.2437  -0.259447  5.36811  -8.61553  24.4948  2.16526  -22.0136  -0.718644  6.55495  4.87372  -6.03827  -5.68864  7.29269  -248.278  -8.51266  -1.30327  15.2193  -7.70823  -1.99567  -16.6479  2.76556  0.21898  27.3226  3.04078  
-1.21267  8.91715  -9.41717  0.488322  -2.10584  8.91003  6.1543  -3.18412  4.3263  -8.41668  22.2789  5.81019  -0.0177668  -0.177735  12.9752  2.42979  6.97845  -7.44999  -8.44694  -420.16  -8.68588  -1.18606  14.3791  -4.59114  56.848  -22.9929  2.70609  2.49978  41.4407  0.865878  
-1.02838  10.8915  2.49468  -0.012033  -0.888691  3.46847  -12.3828  -4.20958  2.00593  -2.14544  21.7854  7.87448  9.265  0.725874  12.5471  -0.0737284  7.76124  -4.79158  -8.22698  -340.944  -6.71432  -1.05437  6.64502  1.57841  94.1014  -20.6286  -0.130471  1.00779  35.9747  -1.19717  
-0.968043  13.0683  15.8026  -0.838782  3.91711  -8.64036  -33.0545  0.787091  0.511251  5.88019  22.9204  5.61733  2.16502  0.15519  5.22672  -2.42265  0.472755  2.35856  1.02936  -113.664  -1.82786  -1.04339  -11.4678  3.69628  86.6322  -12.0722  -5.06161  -3.84017  22.4456  -0.041526  
-0.904995  8.06448  25.5856  -0.278645  8.80929  -14.8955  -40.9199  9.80091  1.80199  10.0484  19.7291  0.823275  -11.7466  -1.7341  -0.0470158  -4.49461  -2.89925  9.79553  2.74902  80.1664  4.01728  -0.996931  -32.6559  -0.452434  43.7855  -5.74878  -8.7805  -8.1975  18.1035  4.17737  
-0.640551  -4.23909  30.0784  2.19796  8.70414  -9.01978  -30.6159  14.4488  4.90901  7.26675  8.89076  -1.52404  -19.4257  -2.81631  4.60864  -5.52558  2.75795  11.976  -10.2769  183.734  7.37147  -0.716698  -41.8084  -5.91099  -0.507423  -5.37582  -8.48321  -8.50971  25.2203  7.65391  
-0.192681  -12.78  29.0414  5.72544  2.74563  2.07117  -11.6493  7.63567  6.77851  -1.12746  -5.53778  1.1724  -11.5739  -1.46973  15.4747  -4.33661  10.4224  6.4636  -26.6854  264.381  6.34621  -0.239926  -30.4178  -6.63388  -17.646  -5.68327  -4.87599  -4.89345  29.6971  6.68803  
0.185893  -6.94283  22.1233  8.27093  -4.14984  6.37355  2.54664  -7.73376  6.09658  -10.1585  -17.1814  5.92789  10.6049  1.42963  20.1336  -0.6038  11.548  -3.72994  -28.1784  347.724  2.35561  0.164717  -5.59288  -2.24145  -11.3133  0.0163621  -1.21162  -0.539341  19.0728  1.74937  
0.260694  10.0537  10.0378  7.65492  -6.40594  0.0270947  9.32351  -18.4175  5.09736  -14.2517  -24.5144  7.63592  30.9818  3.42738  11.4959  4.18217  8.24229  -12.0562  -9.83552  360.222  -1.21906  0.256567  17.2282  2.54136  -12.9004  10.034  0.459781  1.79836  -2.83767  -2.71332  
0.0401281  23.368  -3.71215  3.37958  -3.70964  -9.22212  17.09  -11.6081  6.3769  -11.0393  -29.9665  4.85589  27.1861  3.21251  -3.23843  7.21003  10.1366  -13.5204  13.4361  262.171  -2.07008  0.0417817  28.0694  4.05405  -45.4948  14.8722  1.16539  2.11058  -21.2326  -2.83024  
-0.252338  21.6018  -14.3341  -2.25514  -0.83734  -11.1512  30.602  10.6046  8.64387  -3.19423  -32.7791  0.93133  -5.2294  1.93948  -10.4471  6.13619  19.7675  -8.53847  22.0119  165.36  -0.841076  -0.254429  26.6077  3.31585  -91.4664  8.06999  2.86531  2.03551  -26.0389  0.602418  
-0.406076  7.06877  -19.5033  -5.62989  -1.70628  -3.79659  40.5423  28.1774  7.6563  3.56346  -26.5795  -0.596198  -39.1896  1.66448  -5.99893  0.980208  26.4387  -1.94377  11.5281  231.301  -0.210664  -0.41099  16.5301  3.29127  -103.381  -5.50607  5.44729  2.39522  -20.122  3.12242  
-0.395112  -8.51303  -20.6058  -5.06876  -4.85549  5.4903  32.2957  19.3897  2.25986  5.22991  -7.00211  -0.0186568  -39.2484  2.83273  0.424991  -5.45754  18.1578  1.86922  -4.22916  454.531  -2.17268  -0.389267  1.75368  4.37504  -52.0512  -14.1313  6.71039  2.52978  -13.9407  1.62542  
-0.354609  -15.2397  -20.0353  -2.53931  -5.46604  8.41521  4.72974  -15.6889  -2.15966  2.74848  19.9744  -0.0433758  -2.78158  3.75774  -2.4751  -9.20924  -2.58529  2.5069  -9.01702  611.231  -6.00634  -0.325699  -11.4239  4.02306  37.7902  -11.4586  5.10745  1.80449  -15.1736  -2.2733  
-0.415813  -11.9734  -18.5168  -1.51028  -1.19992  4.01052  -24.5968  -50.097  0.76068  0.407824  41.0501  -1.42212  30.5883  2.67766  -13.706  -8.13002  -19.6517  2.51284  0.244245  460.834  -8.66378  -0.369706  -14.7706  0.506459  105.495  -2.94926  1.69235  0.781072  -22.8415  -4.24213  
-0.560858  -5.37611  -15.886  -3.03564  5.2245  -1.34013  -35.5939  -53.9266  9.17002  1.20599  48.369  -1.87107  20.5057  -0.0914763  -20.976  -3.80007  -20.3496  3.67302  13.9636  1.69062  -7.38295  -0.519227  -5.79559  -4.40029  109.621  0.623035  -0.816467  0.359899  -28.5988  -2.131  
-0.630197  -4.02833  -13.0454  -4.66052  9.42175  -1.09554  -25.2552  -24.6741  12.4952  3.92558  47.1188  0.232219  -26.1248  -2.43734  -15.1252  -0.31634  -8.40765  5.19518  21.7886  -490.309  -2.3534  -0.609645  7.32907  -7.00343  62.5273  -5.01437  -0.612709  0.258125  -24.065  1.88834  
-0.491634  -10.6278  -10.7672  -3.64077  9.92859  4.57808  -8.10023  9.92765  2.95312  4.94378  47.9855  2.83432  -59.4803  -2.78103  -0.785948  -0.770404  1.49671  5.14122  20.9719  -672.385  2.95031  -0.490221  12.7235  -5.41502  10.5011  -13.5477  1.62408  -0.742646  -9.53047  4.05292  
-0.204167  -17.4161  -6.77554  -0.80757  8.48907  9.13361  1.16291  21.4335  -13.8224  2.51715  52.5249  2.42994  -40.2687  -1.65243  8.09866  -4.69798  -0.0504642  2.7604  14.6898  -418.595  4.49088  -0.211257  6.58485  -1.2436  -13.7151  -15.8414  3.43388  -2.86143  4.0834  3.06292  
0.0050109  -11.3426  2.97045  0.0593018  6.54039  6.59039  1.62211  8.7609  -22.8917  -1.08451  50.0143  -1.05609  19.0175  -0.745311  3.10217  -8.72559  -8.95331  -0.986367  7.2607  57.6742  1.30654  -0.00883406  -3.96927  2.09394  -13.0416  -9.74175  2.9058  -4.28444  5.01287  0.901789  
-0.0421518  11.7026  17.8386  -3.04523  3.1365  -2.15438  1.95578  -6.44019  -15.9531  -1.93937  30.7235  -3.61802  68.8489  -0.769943  -9.73919  -9.38847  -14.5659  -4.32858  2.4079  354.918  -3.42114  -0.068849  -9.24618  2.23472  -7.53917  -1.22443  0.558332  -2.8664  -5.26569  0.107674  
-0.272838  38.0517  28.9794  -7.02517  -2.94985  -10.2553  6.55263  -7.2835  -0.558472  1.30468  -0.0201326  -1.9442  72.0869  -0.865717  -15.7805  -5.54134  -11.7579  -5.64685  2.32239  220.441  -5.35471  -0.308277  -5.00258  -0.496933  -6.99186  3.1245  -1.07877  1.18454  -10.6979  1.09611  
-0.413497  46.5086  26.1247  -6.55559  -10.1045  -11.9125  10.3091  2.23761  8.53719  5.85962  -24.6839  2.29089  32.9836  -0.129236  -6.12951  1.22323  -5.31259  -4.17767  5.19722  -214.808  -3.20045  -0.436487  7.08894  -3.48167  -6.76708  2.33708  -0.148213  4.89883  2.28999  2.2424  
-0.285453  29.5572  9.19038  -0.369753  -14.4455  -7.6621  6.95458  7.72393  5.35361  7.64327  -30.575  4.34486  -15.87  0.990715  13.6127  7.73062  -3.9782  -0.589428  5.21034  -549.24  0.310262  -0.277097  21.4837  -3.68628  -3.69782  -0.506021  2.11448  5.32394  26.9237  1.9277  
-0.0275267  1.54607  -9.06702  6.22961  -13.753  -2.27505  -1.89284  3.19073  -2.43401  5.42911  -21.5154  2.08304  -43.7845  1.38032  28.2057  10.868  -11.0183  3.17498  -0.622857  -494.833  1.69778  0.0047264  28.8961  -0.0785056  -4.73368  -3.26681  2.24377  2.54155  39.3458  0.0774877  
0.0413524  -16.7225  -14.7333  6.52353  -9.80559  1.26913  -8.99451  -4.86339  -3.97402  1.87885  -10.6379  -1.7755  -38.3562  0.97653  26.2794  9.26975  -20.0275  5.12928  -5.92173  -144.31  0.439322  0.0670279  19.6982  5.10331  -16.7087  -5.68817  -1.65315  -0.53196  22.8817  -2.01585  
-0.191072  -18.9849  -6.71493  0.0552992  -6.14722  3.84812  -10.9821  -7.78628  2.57386  0.358583  -4.53837  -3.31315  -6.21402  0.898972  9.99256  4.17344  -19.6008  4.61847  0.443573  161.733  -1.18689  -0.194189  -5.74526  7.75035  -32.9984  -6.67825  -7.53332  -1.26832  -12.3866  -2.95614  
-0.447224  -15.4461  3.2043  -5.89819  -4.11704  6.57771  -11.8179  -2.90144  9.87141  1.39964  0.981304  -1.81846  29.362  1.71935  -7.61252  -1.36669  -4.269  2.50202  20.2073  205.6  -1.41508  -0.469087  -30.7776  5.3294  -38.1491  -4.46058  -11.3714  0.126612  -37.6716  -2.3435  
-0.353479  -16.2259  4.37459  -3.69559  -2.14156  7.71855  -16.1616  6.58249  10.8371  2.80369  10.1314  0.434368  37.9206  2.36032  -14.5966  -4.43141  18.0895  0.0762845  38.8532  81.4466  -0.985307  -0.364405  -33.782  -0.509865  -26.0613  -0.714101  -11.3248  1.33365  -32.6247  -0.948343  
0.0865589  -18.7855  -1.20551  5.95583  1.39562  5.09803  -22.176  14.4819  5.10638  2.88054  17.8705  1.57013  4.4636  1.40255  -9.83452  -3.99866  31.243  -1.90961  37.4371  19.2781  -1.31269  0.0999626  -10.8067  -5.15256  -9.77187  -1.13887  -9.00317  0.859387  -3.84691  0.0533319  
0.425709  -14.1192  -3.0145  13.6894  5.67477  0.420102  -23.1532  14.0966  -2.6159  2.36622  15.9676  1.75244  -48.8894  -0.772324  -2.16578  -1.31737  25.6561  -3.37668  12.8166  108.541  -1.79424  0.442694  16.3591  -5.24107  -8.61426  -8.31943  -6.84346  -0.375519  23.4489  0.154046  
0.249733  -0.958985  4.40603  10.8381  8.25785  -1.7294  -15.8065  3.12703  -7.63973  2.48297  6.13034  1.62073  -74.2593  -1.99442  -0.313374  1.12467  8.47083  -4.60483  -16.7847  241.875  -0.504554  0.237279  20.2443  -1.71904  -26.19  -15.4465  -5.42862  -0.501938  29.7144  -0.166152  
-0.339157  10.8204  15.1586  -1.11596  7.77091  0.136909  -4.50888  -11.4261  -7.76277  2.40993  0.629448  0.959886  -43.2787  -0.724962  -4.35748  1.19396  -3.7988  -5.87273  -28.5914  286.871  2.31155  -0.38978  -3.49487  1.60715  -42.9455  -11.7317  -4.01164  0.752069  16.6088  -0.322697  
-0.846959  10.5517  19.5132  -11.502  5.03747  1.63593  3.33753  -16.9162  -3.34861  0.180468  7.40739  -0.381311  19.96  2.0177  -7.63574  -1.24317  -3.09336  -6.94217  -16.7182  232.74  3.1135  -0.910907  -30.8592  2.24933  -33.4944  4.2736  -2.40863  1.62151  0.480687  -0.587174  
-0.982867  -2.406  14.9477  -11.4156  1.80613  -2.11799  4.55616  -7.70352  2.86203  -3.9976  18.7511  -1.26942  59.1311  3.64278  -5.75135  -3.82949  2.24688  -6.51949  3.88635  146.582  -1.04065  -1.02945  -34.7992  1.14615  7.7975  20.1155  -0.969109  0.434358  -6.27156  -1.58713  
-0.960008  -17.6861  7.68305  -2.86861  -0.90352  -9.30356  2.20265  7.2413  6.84898  -6.77861  20.2142  -0.316089  42.94  2.69184  -1.41038  -3.44421  -0.921562  -2.79561  13.8934  48.4323  -7.9033  -0.984436  -12.8003  0.651146  59.0148  21.7753  0.79323  -2.24853  -5.31573  -2.83585  
-1.10294  -21.5735  4.59299  3.94748  -2.87097  -12.1713  1.12277  13.3464  6.41668  -4.96979  10.4008  2.03386  -3.09735  0.233253  -0.341154  0.542108  -13.3466  4.44257  7.91872  -109.253  -11.1272  -1.12714  13.2441  1.40456  88.9985  9.58271  3.85643  -4.0271  -5.86  -2.45908  
-1.26771  -7.33799  6.2794  2.30658  -3.77677  -5.92555  3.02845  6.485  3.39388  0.88033  5.48693  3.71031  -27.4461  -1.34841  -3.37796  4.75611  -21.7374  12.1168  -2.9399  -332.603  -6.97852  -1.31261  22.0091  2.04705  83.7352  -2.24507  7.5506  -3.14473  -11.8905  0.853724  
-0.873975  17.5628  8.49315  -3.81295  -2.92721  4.74501  5.78656  -3.54145  1.58409  6.87706  19.7994  3.42647  -9.10334  -0.691306  -5.15588  4.76501  -14.46  15.3946  -4.52245  -506.68  0.931886  -0.93643  13.0754  1.60031  54.6422  -2.81443  9.12361  -0.236952  -18.2527  5.82238  
0.382069  34.1704  8.12926  -5.13353  -0.140587  9.79378  6.9588  -5.99883  2.56802  9.26831  45.284  2.18163  25.3898  1.40656  -0.960219  0.210196  4.43779  11.7888  6.28611  -462.474  5.04377  0.324447  2.75638  0.916234  22.7092  3.25477  6.56667  2.52542  -18.3568  9.2914  
1.9687  27.2772  6.00984  1.12231  3.38807  4.17652  6.84265  -1.46218  4.71619  6.85958  57.048  1.61618  38.8288  2.9013  6.09555  -3.99754  19.3651  3.77684  19.9676  -143.473  1.98254  1.93559  4.39685  1.22609  -1.24506  3.27563  1.28291  3.70807  -12.155  9.29586  
2.84536  1.88269  4.53907  7.41656  5.58121  -6.93709  7.66468  1.59909  6.37863  1.07755  41.5215  1.87913  25.4794  2.40862  7.28627  -2.84337  19.5647  -3.22658  24.9979  304.125  -3.78468  2.83944  16.1821  2.07318  -19.2086  -6.40707  -3.12206  3.51253  -4.99576  6.86805  
2.40506  -18.402  4.77316  4.82694  5.12686  -13.4471  10.0568  -1.33677  7.88005  -4.96701  14.4367  1.78902  7.96808  0.40334  -2.10423  2.87797  8.04961  -5.58983  19.1751  617.729  -5.02923  2.4156  26.9064  1.6387  -33.0032  -15.9806  -4.55472  2.61228  -0.364975  4.3746  
1.03806  -15.0956  6.24386  -5.55714  2.59159  -10.0289  11.2731  -6.66172  9.01037  -7.74642  5.60298  0.817866  1.40096  -1.35391  -15.8656  7.06804  -5.22302  -3.97893  10.4274  621.012  0.332618  1.05292  29.4344  -0.868548  -38.0325  -15.1092  -4.01307  0.943977  3.15098  2.53894  
-0.255481  3.70866  8.30937  -13.0517  -0.159313  -0.418726  7.58016  -8.91423  6.59098  -5.81158  26.1813  -0.171089  -3.67943  -1.63905  -21.5015  5.03546  -14.3851  -1.5969  7.29614  346.357  7.39026  -0.241555  26.2092  -3.94553  -31.589  -5.26904  -3.38792  -1.61724  7.1944  0.0299904  
-0.789651  11.2778  10.3621  -9.42314  -1.67389  6.99361  -1.39854  -7.11446  -2.407  -2.08915  55.5066  -0.0595398  -19.4406  -0.99042  -12.2634  -1.38423  -19.6034  -0.81422  9.54538  -34.6494  9.94105  -0.774474  22.6937  -5.28003  -20.5731  3.93945  -2.87479  -3.93867  9.16124  -3.9136  
-0.717995  -6.00021  11.3931  1.50463  -2.0117  7.04814  -11.4708  -4.1177  -15.0208  -2.32802  62.0766  1.24493  -36.4777  -0.94132  5.85798  -6.21208  -20.8005  -1.557  9.60974  -365.884  6.7564  -0.697621  18.6822  -4.14817  -14.0329  7.71883  -1.46077  -4.06846  5.03019  -7.42086  
-0.692941  -30.1303  10.811  8.36467  -2.1673  1.67316  -17.3447  -2.2943  -22.4894  -9.0394  34.7303  3.13281  -33.561  -2.07487  19.5467  -5.81393  -15.1634  -2.16778  2.78867  -561.717  1.7283  -0.670901  8.71075  -1.88443  -10.8228  9.89006  0.896241  -1.60615  -4.27452  -7.38891  
-1.07775  -30.573  9.83266  5.31237  -2.76002  -2.85252  -17.113  -2.36538  -18.7949  -17.215  -8.9082  4.71034  -6.8398  -3.28776  20.0194  -1.69004  -2.25177  -1.17754  -6.36372  -561.148  -1.20714  -1.0699  -9.09  -0.0693502  -2.25755  13.6236  2.71466  1.1785  -11.6909  -2.92866  
-1.52653  -0.116158  10.7164  -1.85966  -3.46507  -2.01293  -12.6526  -4.83192  -7.85342  -17.998  -43.0417  4.52985  22.2036  -3.21461  9.9829  2.80036  11.624  1.62715  -9.16544  -343.648  -1.64566  -1.55216  -27.4311  1.0582  11.3697  14.14  2.92708  1.59204  -11.0422  3.23299  
-1.34919  34.5207  13.8681  -3.54611  -3.59093  3.13361  -6.21571  -9.84191  0.635565  -7.71106  -58.918  0.959138  30.9463  -2.03767  -0.41485  6.48792  18.1169  4.8847  -3.29055  -39.5045  -1.50203  -1.41214  -35.8134  2.23589  15.4182  5.12035  2.21293  -0.274733  -3.6652  7.13884  
-0.298848  40.7419  16.4532  2.25289  -2.91799  7.70289  1.28559  -15.038  1.98265  7.68169  -68.583  -5.46982  18.5235  -1.31278  -3.40862  9.97145  15.9403  6.20472  4.05092  77.4274  -1.81491  -0.378097  -31.9536  3.68479  -0.830444  -9.81733  1.81602  -1.5441  3.13198  7.054  
1.04245  14.8804  14.7688  8.51279  -1.86681  8.22293  8.23029  -15.0169  1.17391  18.2115  -86.178  -10.3216  0.0929316  -2.02481  0.0361994  12.3014  12.3652  3.69677  4.56206  -147.138  -1.95077  0.978555  -23.6237  4.6446  -24.0316  -17.6745  1.53754  -0.195166  3.47747  4.38749  
1.72025  -14.9661  7.75012  8.40492  -1.13218  5.78343  10.4947  -4.84657  5.38314  19.0093  -108.215  -8.20149  -15.0161  -3.40683  2.76735  10.4797  14.4071  -2.14779  -1.00427  -489.283  -1.38179  1.68952  -17.8182  4.39118  -25.0796  -10.225  -0.20993  2.07269  -2.61467  1.56651  
1.29345  -19.4244  -2.42211  3.17822  -1.14685  3.78092  4.46235  15.2333  13.983  13.0853  -114.203  0.985332  -29.7611  -3.98555  -0.510872  3.24735  19.9607  -7.89455  -3.20421  -495.417  -0.661  1.29197  -11.3173  3.19239  8.07055  5.70425  -4.0011  1.73645  -11.0813  -0.382127  
0.251467  2.9156  -12.3416  -0.457202  -1.49523  3.32815  -7.50054  37.9908  18.8267  6.1836  -86.895  9.70823  -45.062  -3.3815  -7.54385  -5.73142  19.5474  -9.14531  5.6476  15.9808  -0.205049  0.267428  3.57193  1.98225  51.3176  15.2501  -7.68403  -1.86355  -17.4388  -2.07689  
-0.483243  27.5576  -18.4617  1.11536  -0.760477  2.35936  -16.7816  52.4955  14.6277  1.29991  -31.56  9.47081  -50.4597  -2.57074  -10.95  -10.1124  7.13727  -4.15336  22.3936  676.158  0.816207  -0.457609  24.3255  1.30422  65.3804  11.6668  -7.84512  -5.01843  -18.1663  -4.16734  
-0.436948  31.4219  -16.7195  4.64221  2.29402  -0.309981  -15.6236  50.6036  5.89179  -1.45702  25.05  0.348623  -36.368  -2.43985  -5.56077  -6.86468  -11.7927  4.12043  34.8689  912.416  3.07284  -0.41248  35.4657  1.00293  36.0003  2.09431  -3.42047  -3.69849  -11.6642  -6.15687  
0.0496368  14.5823  -4.40761  4.79901  6.91972  -2.06603  -4.62856  33.1077  1.16513  -2.15482  55.8025  -8.18689  -9.95772  -2.65908  5.92456  0.49976  -23.4711  9.89745  32.5289  559.317  4.91526  0.0484314  25.2412  0.975887  -11.2687  -2.6898  2.4063  1.5388  -0.555833  -6.87796  
0.282401  -4.266  15.0083  0.418015  10.3106  0.253344  7.78343  10.0065  1.6903  -0.846191  54.2669  -7.663  9.13825  -2.14315  14.4105  5.31799  -17.5398  9.08353  15.9686  17.4468  3.29212  0.230091  2.54927  1.60568  -37.9553  -0.351956  4.43706  5.88622  7.75819  -5.87005  
-0.0429231  -9.72773  30.5696  -4.99397  10.316  4.61653  13.2318  -6.86986  -0.563661  0.576405  36.6868  -0.636369  8.55706  -0.353484  12.1333  4.15896  3.62336  2.62475  -3.27938  -229.808  -2.25466  -0.141949  -9.39052  2.91625  -29.154  2.65854  0.295969  5.62387  6.76776  -3.97089  
-0.5962  -3.82599  31.3226  -7.74965  7.99878  4.28051  10.3603  -13.017  -12.0451  -0.687858  24.4228  2.33358  -5.9131  2.10029  0.112679  -0.453855  25.9732  -4.63268  -12.3094  -127.098  -7.57195  -0.697206  1.78334  3.65305  -1.72581  0.717669  -6.96552  2.0196  -1.4771  -2.61866  
-0.850955  0.635277  16.8217  -7.38083  6.24198  -4.04921  4.38487  -13.1691  -27.0838  -4.31838  24.8978  -4.22195  -20.5329  3.95029  -12.4397  -3.60498  33.9865  -8.49059  -7.84523  4.02571  -7.71581  -0.900362  22.9782  2.18934  19.2864  -4.66387  -11.4376  -0.65026  -6.50818  -2.58395  
-0.669054  -3.56091  -1.86956  -5.70811  5.46291  -14.1975  1.02536  -14.0911  -31.7495  -5.54901  28.4781  -13.5291  -28.2324  4.1751  -16.2145  -3.38919  21.9197  -8.75403  1.3485  -61.8394  -3.08318  -0.649248  29.6861  -1.23341  24.2631  -7.95761  -9.79114  -0.144343  0.316288  -3.26791  
-0.399299  -11.4258  -13.0802  -4.01244  2.42337  -15.825  1.31615  -17.1859  -19.0019  -0.167034  21.8003  -14.3819  -29.4939  2.62126  -10.3941  -2.0667  -2.05757  -7.94856  3.33965  -204.81  0.112391  -0.339297  12.4574  -3.9075  19.0117  -6.2104  -4.02069  1.83783  16.3215  -3.17064  
-0.426761  -13.8742  -15.0875  -1.78416  -5.19981  -6.36264  1.99532  -19.6174  2.34177  9.39478  2.50011  -4.44883  -23.5289  0.0746057  -2.89308  -2.23616  -21.9622  -7.54631  -4.51167  -200.996  -2.92383  -0.36921  -14.72  -3.24885  9.60283  -1.28592  1.23889  2.52153  29.7817  -1.26636  
-0.694801  -8.16918  -14.2204  1.9032  -13.9423  4.7753  -0.29624  -20.3008  15.6653  15.1822  -18.3804  6.98079  -6.82147  -2.22996  -1.95892  -3.49314  -26.1824  -6.25331  -12.6795  -59.3919  -8.659  -0.657767  -31.3598  0.0845633  -3.85434  2.79154  3.48808  1.33614  30.7807  1.82098  
-0.752995  1.76956  -14.7939  6.67128  -16.6863  5.92964  -5.42031  -20.3675  12.8164  12.3158  -27.1434  10.0293  17.525  -3.41284  -7.79194  -3.82202  -16.3545  -2.25442  -9.9598  6.35574  -8.13668  -0.726108  -30.8636  2.69231  -18.2159  3.06602  3.89627  -0.45074  18.0582  4.17396  
-0.301869  12.5754  -14.8666  10.5672  -10.5914  -3.59857  -10.068  -18.9234  0.597779  5.03584  -19.5083  4.81455  34.581  -3.33817  -13.1248  -3.16235  -5.04002  3.79186  3.21211  -105.668  2.07338  -0.272896  -22.4405  2.4978  -20.8999  -0.883554  4.38059  -2.20292  -2.87748  4.43017  
0.388171  24.2064  -12.1426  11.6502  -1.35212  -12.6878  -10.8479  -12.9457  -8.40594  2.31095  -3.47316  -0.300862  28.6088  -2.18319  -11.3981  -3.51424  -3.59218  8.94111  13.9017  -227.802  14.2244  0.412897  -16.8217  1.31566  -1.79548  -6.67163  4.63257  -4.32437  -24.2574  3.27933  
0.713733  34.9952  -9.08002  9.49241  2.22951  -11.0372  -7.10622  -3.35819  -8.94344  7.47737  7.78255  0.606356  1.14892  0.0444956  -3.5253  -5.11855  -11.2544  10.8472  10.1043  -133.795  17.013  0.717602  -15.3801  2.32134  28.7238  -10.254  2.97525  -6.18569  -36.7035  2.68454  
0.418834  38.2616  -8.65126  5.55644  -2.47084  -0.707316  -1.09185  2.86519  -5.63474  14.1393  5.44408  5.01463  -26.3625  3.1911  3.92993  -4.63742  -16.4712  9.71401  -5.97479  160.094  8.54267  0.3981  -12.8849  5.26742  42.8616  -8.7942  -0.321087  -5.47064  -31.2158  3.40069  
-0.0645534  27.9288  -7.58645  1.91526  -9.53606  6.49916  4.20548  1.02664  -4.26252  13.2734  -9.72722  6.57799  -32.7624  6.18475  6.23059  0.710089  -9.8225  7.2025  -19.2947  384.287  -1.36336  -0.091507  -5.98301  5.86892  24.4017  -3.23261  -2.27956  -0.962768  -7.56575  3.8737  
-0.0956692  7.21994  0.628224  -0.227274  -11.4213  2.31925  7.02092  -2.85926  -4.76076  2.97134  -27.8876  3.20196  -19.5947  7.29991  4.74057  8.05236  5.17775  4.27636  -17.3265  304.55  -2.87275  -0.103061  3.34278  0.871678  -8.21741  2.64415  -0.77258  4.72397  19.4416  2.24941  
0.411243  -11.876  15.2405  -1.09179  -6.6365  -9.20709  7.18252  2.26875  -3.76297  -9.97211  -35.637  -1.2592  -8.78665  5.71906  3.45555  10.5661  15.2739  0.91258  -2.775  -27.0467  2.49795  0.433937  10.8076  -7.16646  -17.7491  5.87885  2.04756  6.95907  29.5655  -0.839011  
0.864646  -19.3348  25.0586  -1.83875  0.281775  -16.495  5.54033  16.3826  -1.04531  -17.5883  -24.7674  -2.46851  -16.3383  2.64975  3.24113  5.22982  11.4411  -2.46737  10.1012  -329.38  4.72413  0.904648  13.2863  -11.6361  9.01393  6.55199  1.49113  3.97555  17.3322  -2.43574  
0.674309  -15.6752  19.3434  -3.38918  4.84618  -12.3646  3.54027  24.3179  -0.0304101  -17.7499  -0.395641  -0.622376  -32.3025  0.24396  1.20472  -2.92333  -1.6701  -4.38946  11.4461  -376.823  -1.52349  0.70782  9.95214  -8.65317  42.3922  6.34348  -3.94551  -1.10993  -0.859392  -0.622902  
-0.0805761  -8.88008  0.202704  -5.49449  6.57218  -0.209645  2.74945  12.9384  -2.27967  -13.7376  20.0305  0.460999  -31.2741  -0.619057  -4.33392  -6.22478  -11.2077  -3.57366  6.08691  -196.782  -10.4757  -0.0687255  2.80694  -1.02085  41.505  6.34435  -9.851  -3.8346  -4.73731  3.03053  
-0.78161  -4.84975  -18.9402  -6.66895  7.07347  10.6608  3.58526  -10.0472  -4.52857  -9.27308  21.9032  -1.56544  -2.45262  -1.0714  -10.7381  -3.31903  -9.47306  -0.558927  6.52137  0.909424  -13.3955  -0.788748  -3.77645  5.1629  2.69458  6.90469  -10.2339  -3.13822  6.9785  5.17647  
-0.965185  -3.18764  -26.9684  -5.42451  6.60661  13.9691  4.31876  -22.4378  -2.93381  -5.94407  10.4093  -4.71695  36.4103  -2.55817  -13.9568  -0.442719  -0.234797  2.09073  16.4296  54.9233  -9.92096  -0.976444  -5.65128  6.8749  -34.6441  8.0831  -4.54392  -1.72622  16.2624  4.33476  
-0.727507  -1.38637  -24.2117  -1.81733  4.24357  10.3202  2.29245  -13.9154  1.27769  -4.34882  7.69877  -5.13481  57.3954  -4.94132  -13.2075  -3.47835  7.4747  1.66619  23.9994  -18.3711  -7.44062  -0.728142  -2.57208  6.06931  -34.104  8.67255  1.16792  -2.12376  8.23159  2.01797  
-0.467923  0.480626  -17.9356  2.17445  0.61499  4.13666  -2.82469  -0.0614899  2.79264  -4.85723  26.3485  -1.64103  52.0019  -6.72586  -11.0931  -10.5692  8.83175  -2.33901  14.6186  -100.158  -9.74801  -0.451976  1.5192  5.77563  -5.87653  5.86525  0.72091  -3.65679  -11.9819  0.170516  
-0.4245  0.88134  -12.7264  4.22522  -1.66896  -0.992437  -7.49799  -4.40016  -0.869756  -6.12392  47.7794  2.94419  35.9059  -6.90534  -9.37117  -14.2931  5.30612  -7.18271  -10.3261  -127.081  -10.6421  -0.396511  2.68591  6.11126  7.13342  -1.83434  -5.29265  -3.83428  -27.0391  -1.26444  
-0.545961  0.257385  -8.20941  3.69955  -1.18339  -3.71924  -7.16315  -29.2966  -5.66352  -4.74776  36.7464  4.86627  26.0127  -5.79721  -6.19924  -10.2233  0.162207  -8.64441  -30.3073  -135.096  -1.83696  -0.517428  1.11945  5.08368  -14.6274  -11.0115  -10.1104  -1.77293  -27.2527  -3.49562  
-0.672643  0.315313  -3.84119  1.9838  -0.0329348  -3.79086  -1.40426  -51.1963  -5.4443  1.42309  -17.1019  3.15729  21.9173  -3.97771  0.805837  -1.61995  -4.64982  -4.98968  -24.9334  -166.722  14.6426  -0.655306  0.269511  2.24861  -39.3777  -15.1305  -8.1244  0.730943  -18.0927  -6.33235  
-0.677486  0.804866  -1.12717  0.720351  -1.74242  -1.22356  4.5515  -46.2435  0.736854  9.64479  -78.3547  0.0552236  13.5905  -1.22071  9.88325  4.58787  -7.80395  0.49742  3.74522  -180.49  25.9237  -0.675827  2.11918  -0.184568  -21.146  -11.5431  -0.613397  1.51008  -10.3081  -7.74646  
-0.470933  -0.495692  0.127862  0.163779  -6.794  3.14659  4.36542  -15.7298  7.37936  13.7194  -96.1614  -1.7139  0.497768  2.78461  15.4585  4.97744  -8.4716  2.18691  30.9309  -96.7963  21.5913  -0.480061  4.66665  -0.169199  41.4679  -5.00236  6.1385  0.429248  -8.87408  -6.19306  
-0.045833  -4.1301  3.87357  -0.407293  -11.2359  7.43841  -2.94372  16.9634  8.58267  10.0396  -56.4396  -1.0505  -7.63072  6.90243  13.7905  2.1158  -7.8453  -1.64583  33.3449  75.5921  5.42237  -0.0585903  4.45712  1.41664  97.9782  -1.92432  7.56336  -0.880278  -12.8301  -2.5362  
0.423445  -7.73121  12.6695  -1.20317  -10.3534  9.94135  -11.6584  31.1836  4.12293  1.5781  2.99408  1.29773  -8.45304  8.67315  6.86489  0.888353  -8.41424  -5.97675  12.6545  190.863  -8.17486  0.406957  0.630183  1.79191  100.359  -2.48078  4.82893  -1.08913  -19.5679  0.858054  
0.65893  -9.50207  21.8128  -1.45252  -3.55382  9.99485  -14.8262  26.7943  -1.22354  -5.08759  32.0033  3.57416  -14.616  6.54685  0.283673  3.44591  -9.83022  -3.94852  -7.42866  86.8582  -8.68986  0.63207  -3.721  -0.294213  53.1828  -1.189  2.6116  -0.389676  -24.5493  2.45696  
0.542329  -10.5522  22.5011  -0.539548  4.76659  7.55604  -10.9525  17.9743  -3.51811  -6.24299  16.9001  3.45439  -35.5156  1.76423  -2.26548  7.58692  -7.60485  5.04548  -6.95625  -235.084  0.794423  0.504382  -4.50914  -3.12165  1.42683  4.57392  3.7908  0.149572  -19.5258  2.44846  
0.247771  -12.3189  11.637  1.40415  9.07596  2.33233  -4.59679  15.3793  -3.54128  -3.90288  -14.0111  -0.663572  -56.5224  -2.45989  -2.08019  9.23015  1.28733  13.6165  9.73988  -565.306  8.52539  0.213929  -0.884025  -4.21987  -23.261  10.3193  6.72121  -0.127777  1.1796  1.73998  
0.0051281  -13.4116  -3.7725  3.81221  7.03234  -5.47522  -0.570445  18.0069  -4.7255  -2.58138  -27.5228  -7.13069  -48.4217  -3.86272  -3.3625  6.11561  11.6066  13.722  20.8937  -651.452  6.69678  -0.000273613  3.15952  -3.24325  -28.685  10.5847  7.19789  -0.979269  30.2888  0.954924  
-0.211771  -11.8802  -13.7116  6.22503  0.750437  -13.5705  0.902834  19.6683  -8.36355  -4.38122  -18.3111  -10.9145  -2.44049  -3.09892  -8.65818  -0.200959  12.6257  4.95669  12.4991  -436.154  -1.94339  -0.175068  2.20524  -2.01097  -35.6165  6.83043  2.72333  -1.64762  48.0389  0.532119  
-0.606552  -10.0573  -14.8535  7.91058  -5.22574  -17.8684  2.58254  17.5539  -11.7173  -7.49201  -4.65011  -8.52051  50.4821  -2.69072  -16.322  -5.73671  -0.069665  -5.68214  -6.56599  -124.367  -8.80154  -0.538201  -4.60594  -1.98371  -42.0378  5.47067  -4.91894  -1.53256  38.4565  0.848225  
-1.18349  -13.2673  -12.0133  7.90111  -7.15836  -15.7395  4.87596  12.0885  -11.1816  -8.81311  -0.980974  -3.28253  65.0081  -4.0196  -21.3853  -7.54226  -17.3726  -11.6997  -15.2626  12.7486  -8.64285  -1.11086  -11.4111  -2.52129  -27.7752  8.57418  -10.853  -0.71972  5.84852  1.65078  
-1.58115  -22.0187  -11.0797  6.07855  -4.44262  -8.79102  4.59005  2.43863  -6.84134  -7.1234  -3.21816  -2.81679  28.0532  -5.68744  -19.0015  -5.85778  -24.1846  -12.8022  -3.18986  -89.1099  -3.26898  -1.52764  -10.9451  -1.93045  12.418  10.1135  -10.9491  -0.0286692  -26.9976  1.85665  
-1.34725  -28.1587  -12.9857  4.00431  0.280864  -1.50009  -0.131386  -13.3376  -3.07989  -3.96518  1.23226  -9.30627  -25.5427  -5.03663  -8.21779  -2.86409  -14.6371  -12.2278  20.0369  -225.23  1.81121  -1.31711  -2.34235  0.229365  56.2425  3.63163  -5.20805  -0.259554  -37.3733  0.762321  
-0.362774  -22.1433  -14.4891  3.66998  3.45185  3.28961  -5.27872  -31.9873  -4.14016  -2.0818  16.6884  -14.4358  -49.3426  -1.32283  6.35154  0.152116  2.09081  -10.8888  36.9281  -152.579  2.5097  -0.344303  7.23241  2.48445  77.582  -8.42213  2.34121  -1.13032  -20.075  -0.580945  
1.01147  -3.97326  -12.5864  5.40838  3.78235  6.59101  -3.85972  -42.371  -9.30736  -2.97404  34.783  -7.9251  -33.742  3.06623  17.1369  3.59258  11.5914  -6.89901  39.326  122.484  -1.3957  1.02932  10.2455  3.06542  70.8262  -15.7325  7.00191  -1.22938  10.7442  -0.115076  
2.1332  15.6435  -6.84478  7.49112  2.95794  10.2594  6.2808  -33.0188  -13.1162  -5.34726  43.3301  8.84556  -13.1545  4.85022  19.0348  7.53364  8.80964  -0.136037  31.7816  328.926  -6.68715  2.14822  6.38602  1.67135  46.0508  -10.4889  7.06407  0.48566  34.0687  2.63865  
2.43653  25.53  1.09918  7.98478  2.82922  12.858  19.0156  -4.40457  -10.7272  -5.76658  37.0465  21.6194  -22.5264  3.20769  13.129  10.1979  1.88715  5.57  21.433  219.006  -8.91899  2.43706  1.49054  -0.503488  12.0458  4.49487  4.50486  3.07047  36.9401  5.17942  
1.7747  23.663  8.53704  6.37341  2.55138  10.2164  25.4513  27.9779  -2.87679  -1.61007  21.3255  18.1477  -54.5996  0.393826  5.1828  9.35412  2.35795  6.5779  9.69169  -148.392  -5.86774  1.75542  0.0648947  -2.11911  -23.7827  18.1668  2.69657  4.11779  21.5565  4.12374  
0.582235  16.208  12.8254  3.22717  -0.108577  0.99657  22.2205  44.8937  4.70459  6.0425  7.32481  2.0647  -67.7626  -1.0008  0.328733  5.03231  12.8748  4.07072  -4.5996  -450.769  -0.354413  0.553495  1.31667  -2.65838  -43.8576  21.3249  3.47743  2.35314  1.51041  -1.1322  
-0.347863  9.83129  13.4005  -0.803299  -4.4769  -9.88899  13.3819  39.3068  6.85557  12.6718  1.94048  -11.2814  -34.9144  -0.783978  -1.00642  -0.0359214  24.6379  2.40287  -18.2685  -430.207  1.37859  -0.369626  2.132  -2.28602  -27.7831  14.4672  5.87907  -0.680621  -9.36711  -7.28734  
-0.478642  7.82476  12.6801  -4.9201  -6.0885  -14.9053  4.98096  21.3574  3.49992  13.9615  -0.131864  -12.2435  23.6285  -0.67071  -2.05906  -2.81094  25.8186  3.48753  -24.8572  -151.056  -3.77107  -0.48993  1.58154  -1.28233  21.4248  6.37088  7.00047  -2.24379  -7.05082  -10.0101  
-0.0322917  11.2091  13.2816  -7.41407  -1.98047  -11.3388  -0.490535  7.69506  -1.13797  9.44616  -13.5827  -6.54036  62.0755  -1.55254  -5.21297  -2.29849  12.4496  4.96495  -22.3299  82.9557  -10.6725  -0.0466302  0.826685  0.0515203  68.0944  4.97427  4.4022  -1.59329  0.939593  -7.81076  
0.2199  18.6027  13.7698  -6.35303  4.03291  -3.77663  -4.10068  5.59691  -3.08647  2.40885  -47.4641  -5.86249  57.9094  -2.3777  -8.79092  0.418956  -7.85222  4.37852  -16.7154  59.8365  -9.86875  0.19289  1.20271  1.01849  73.1399  8.74736  -1.63236  -0.674627  3.7631  -2.94479  
-0.233095  23.8198  9.20172  -1.60286  4.23923  1.35176  -6.87088  7.44908  -1.97639  -3.24855  -91.6797  -12.7127  30.0457  -1.86078  -8.51277  3.45876  -22.0236  2.91072  -15.6366  -131.529  1.78196  -0.256527  4.19271  0.607609  31.896  7.76653  -7.91956  -1.15404  -1.43443  1.15729  
-1.04783  18.0456  -2.48325  4.2491  -3.52728  2.22325  -7.98785  0.484754  -0.436605  -5.87937  -120.496  -18.1257  9.87127  -0.318208  -1.86119  4.95604  -21.8722  3.26685  -19.4155  -226.743  15.66  -1.03454  11.408  -1.53076  -23.5689  -4.54852  -10.9057  -1.86709  -6.70798  2.8551  
-1.34597  -1.19514  -15.6669  7.71705  -11.6135  1.76807  -6.38987  -18.4806  -0.936733  -6.15932  -113.049  -13.6914  7.17349  1.00536  8.37065  3.49731  -9.88589  5.07806  -20.3707  -89.3113  19.0571  -1.28269  20.6211  -4.19884  -56.4799  -20.9442  -9.86972  -0.358776  -2.86122  2.77615  
-0.593842  -23.857  -21.0652  7.49229  -10.5195  2.39456  -2.69237  -38.1957  -3.3927  -5.60718  -71.7047  -1.37868  10.1863  1.80451  15.1752  -0.643685  3.94406  4.90404  -11.3861  152.137  8.98405  -0.509438  22.7554  -5.076  -53.4643  -24.818  -7.37439  3.30832  8.94897  2.23239  
0.856823  -33.8099  -14.8617  5.25678  -0.664441  3.139  1.34504  -43.5105  -5.17479  -5.44001  -20.6216  10.1646  8.41119  2.745  13.0871  -4.81642  10.6266  1.1768  5.87299  268.272  -3.86227  0.914472  8.65601  -2.64939  -24.4923  -7.91557  -6.30291  5.74146  17.3795  1.83438  
2.06315  -24.2274  -2.84733  3.81038  7.10005  2.2732  4.59818  -30.265  -3.39032  -6.1728  13.7322  15.4283  1.85705  3.64848  3.43728  -5.7698  8.80838  -2.98916  21.699  178.031  -6.49436  2.07353  -17.8711  1.92075  11.3513  17.8727  -6.74723  4.13447  13.2028  1.54911  
2.21924  -5.60478  5.26809  4.24354  3.9777  0.53563  7.39982  -8.69225  2.15966  -7.31363  21.42  15.2043  -9.62104  2.98526  -6.45142  -3.05964  4.14981  -3.44232  26.6137  -1.27469  2.30037  2.20619  -38.0047  5.21001  35.3437  30.0442  -6.37475  -0.0140965  -0.392416  1.30719  
1.17585  3.83037  4.73475  5.145  -6.34659  -0.398918  10.6446  7.65762  7.74587  -7.43077  11.8315  11.9925  -29.4475  0.111183  -9.77232  0.0186655  2.95957  -0.273146  19.1395  -119.51  11.1091  1.17605  -34.6891  4.51155  35.2791  18.3464  -3.68687  -2.41281  -11.3534  1.11063  
-0.481219  -3.83327  -1.01202  4.09329  -12.2162  -1.3422  14.6117  14.0414  7.97678  -5.17338  1.13412  6.7746  -49.8645  -2.92332  -6.09342  0.0570353  6.07239  2.43615  6.26473  -150.406  9.13038  -0.460577  -12.2431  0.715282  15.4193  -3.84061  -0.0904752  -1.0274  -11.6363  0.771725  
-1.73801  -18.6641  -5.06142  0.14195  -7.72832  -4.72856  18.3921  14.4848  0.461733  -0.688081  -2.59551  1.282  -47.3151  -3.18783  -0.676324  -2.19079  8.37548  2.05426  -2.96096  -164.777  -2.08954  -1.72252  5.40323  -2.39315  -0.928897  -12.7995  1.56259  1.84069  -3.62536  0.0144794  
-1.76898  -23.8947  -3.77779  -4.88767  1.35184  -9.96092  19.9395  12.4882  -11.2209  4.24975  -3.92493  -0.596564  -7.13377  -0.610952  1.48488  -2.42645  4.32862  0.537386  -4.50418  -197.831  -11.1728  -1.78032  -0.764508  -2.21947  8.68056  1.22945  0.240099  2.85553  5.15003  -0.98788  
-0.57416  -13.581  0.874014  -7.48212  5.89257  -12.3385  16.6458  5.98505  -19.6206  7.714  -11.7868  2.86865  50.8838  1.45996  0.230531  1.84695  -5.69987  1.22348  -1.04973  -212.238  -9.76185  -0.600128  -23.779  -0.423057  39.1357  24.4803  -2.10787  1.83079  10.5286  -1.4695  
0.912808  2.29851  4.2054  -5.22776  3.93265  -8.59779  7.19915  -6.82471  -19.3658  8.85069  -27.5334  6.79709  85.4509  0.169841  -1.45752  7.66997  -14.3173  3.95619  2.33937  -172.734  -0.797175  0.906931  -37.9737  -1.00187  59.3709  34.2653  -2.52709  1.26771  13.1834  -0.786206  
1.55487  9.59974  3.19379  0.736832  0.376369  -2.04562  -5.87123  -19.9519  -11.7632  7.3656  -41.3785  3.59299  77.1343  -3.18626  -2.11879  9.53065  -13.3971  4.89342  3.39459  -117.907  6.19305  1.59043  -26.9131  -5.10664  47.4654  21.4183  0.109611  2.42122  14.1854  0.693914  
1.0248  4.58123  -1.42054  6.27906  -1.58371  0.464497  -15.7526  -22.3673  -3.49272  2.76939  -41.6003  -7.75615  46.9895  -4.55655  -3.20597  5.59318  -2.15882  1.29215  3.05262  -122.264  6.03586  1.09182  -0.109186  -8.85775  18.4256  -2.19444  4.2238  3.59802  12.6276  1.68583  
0.0939207  -4.42533  -6.27309  7.65652  -4.10062  -2.95969  -15.8081  -9.3561  -0.414037  -4.17751  -26.9826  -18.99  26.1056  -1.96007  -6.07751  -0.117584  11.3342  -4.82144  1.85137  -207.17  2.36511  0.165242  20.0552  -7.30546  8.7396  -16.5937  6.98699  2.90751  8.07204  1.21723  
-0.149031  -8.37321  -8.17709  4.92179  -8.80001  -6.6816  -6.53921  11.4206  -2.5707  -9.49793  -8.26506  -21.0943  18.4933  2.21523  -9.11911  -2.18563  17.2474  -8.34755  -2.13323  -311.343  1.62133  -0.0950117  23.8069  -0.289749  33.2701  -12.7939  6.74026  1.1923  3.08087  -0.26688  
0.629709  -7.38985  -6.40353  1.63263  -11.4075  -4.52856  2.63827  27.2764  -5.15802  -7.94541  2.86684  -13.9667  5.92937  4.11291  -9.17446  0.327825  12.7633  -6.03024  -10.3125  -356.258  4.91324  0.657522  21.433  6.77399  66.0744  0.715668  4.35302  0.836377  1.32537  -1.2546  
1.73726  -8.68349  -2.74315  1.0265  -6.22372  2.50345  1.65184  32.7582  -4.06813  1.18442  4.16747  -5.43098  -17.796  2.72046  -5.32881  3.3493  4.03419  0.564202  -19.2101  -326.325  7.4869  1.73874  24.468  8.13459  67.6844  8.75499  2.30774  2.15108  3.54325  -0.824146  
2.17102  -16.2746  0.420587  2.54033  4.91791  8.16018  -8.75462  32.9295  -0.0652587  10.7964  1.20334  -1.38996  -35.4299  0.486121  -0.088821  2.77503  -0.364871  6.47445  -21.487  -273.203  5.38432  2.15589  27.0339  3.02129  26.6174  5.12101  2.00791  2.49784  6.8834  0.147984  
1.50492  -25.2709  2.22097  2.69205  12.298  9.48397  -16.0166  35.0098  2.68656  11.5322  -1.82741  -0.120616  -32.0908  0.0803405  3.17389  -1.17826  2.56126  7.36946  -12.64  -238.076  0.439316  1.49527  12.7403  -4.48271  -31.5844  -2.49813  2.19325  -0.467268  8.25541  -0.333196  
0.141729  -26.975  3.572  -0.439357  8.93503  10.1191  -9.33236  38.8711  1.90977  2.16423  -4.88585  3.1812  -17.5412  1.43935  3.17991  -4.93954  8.46885  2.69939  3.38387  -168.328  -2.38939  0.159992  -20.1377  -9.95026  -73.6174  -2.14958  0.728631  -5.76994  7.08638  -3.33738  
-1.14404  -18.1514  5.64386  -4.31926  -0.66661  14.4277  6.57089  37.4073  0.071952  -7.00186  -6.40832  8.68827  -11.7536  2.36252  0.809232  -5.95172  10.7758  -4.19604  16.4908  64.816  -1.37289  -1.09906  -47.4419  -12.0816  -88.0169  9.40479  -2.19025  -9.99814  4.58574  -7.7012  
-1.79259  -4.12269  8.27216  -4.36046  -5.19455  20.7892  15.2682  25.3083  1.2272  -3.82572  -1.15186  11.4355  -17.6961  1.34929  -2.35427  -4.83914  6.90521  -8.84169  18.9092  516.619  0.318271  -1.753  -40.8265  -12.0981  -85.3885  23.926  -3.7128  -10.7478  1.95312  -10.8403  
-1.71607  6.60849  9.85464  0.475335  0.324539  23.2069  7.86683  6.20434  5.46952  11.6446  11.7264  8.11744  -21.3571  -0.760288  -4.91105  -3.57896  -0.00615421  -8.95151  11.754  1013.26  -0.569397  -1.71732  -0.892371  -11.0712  -76.935  30.9413  -1.85979  -8.34641  -0.145786  -10.9124  
-1.16811  9.15572  8.50336  5.80726  8.60132  18.0319  -5.46033  -9.2234  7.53647  24.6849  22.0015  1.73428  -14.4789  -1.80706  -5.59972  -2.72209  -4.44197  -5.61694  3.40793  1191.83  -2.82165  -1.20975  36.9716  -8.70586  -60.5752  27.3652  1.62875  -4.5558  -0.962233  -8.12964  
-0.455207  4.15906  3.49833  6.11879  8.70966  6.85136  -7.12291  -12.4771  1.88478  19.8618  16.5626  -1.87765  -3.77463  -0.435479  -3.60603  -1.26362  -3.24625  -1.51282  1.57236  782.976  -2.50113  -0.494999  35.5126  -4.34353  -28.3957  17.4636  3.18166  -0.624923  0.246776  -4.02845  
0.263361  -4.73337  -4.05083  1.01925  -0.950881  -6.78543  6.36472  -5.05094  -10.8905  -2.31518  -4.75805  -1.1668  3.66096  2.83467  0.432645  1.23493  2.3569  1.97764  6.51491  -97.5254  1.39895  0.269178  -5.25418  1.60976  18.0453  6.00714  1.8616  3.14914  3.18074  0.236561  
