-0.21467  2.05346  -0.574036  -2.02139  0.0984341  -36.1417  6.46225  -5.15269  2.15443  -2.50399  1.22417  1.05399  -19.7974  0.431274  3.31523  3.97931  -1.25662  203.297  13.6132  -6.14078  -1.52309  0.788334  -3.00449  -12.1009  47.1224  -2.43498  7.98967  -7.48869  -2.97781  1.53855  
-0.790729  -6.61459  -1.01001  -1.49193  5.38752  37.096  -27.4839  -15.5378  -1.002  -4.8501  -11.6187  1.89344  -5.3597  1.19826  -3.70253  -6.64008  -7.3765  -462.458  9.37264  -3.66195  6.23419  0.483615  0.801312  -11.784  21.4736  -7.20891  0.202752  -1.05019  -6.53497  87.7924  
-1.09531  -16.4618  -1.0092  -0.819645  6.942  74.011  -35.5915  -10.3821  -2.21752  -7.97429  -25.0284  1.62777  2.67375  2.49696  -8.4175  -13.1971  -7.63188  -792.464  6.89984  -3.24865  10.9575  -0.240587  1.327  -7.95251  23.3813  -9.46917  -8.09058  1.67272  -6.20256  193.684  
-1.04045  -24.0345  -0.558357  -0.371447  5.68909  67.6387  -17.6305  6.72568  -1.41642  -10.7542  -34.223  0.56677  3.59787  4.13377  -9.69873  -15.0308  -2.8236  -733.785  6.30472  -4.18722  11.6932  -1.1939  -1.42886  -2.07688  59.0963  -7.83958  -14.2577  1.28382  -2.36452  269.375  
-0.721104  -23.5488  0.00859313  -0.677379  5.91898  39.8493  3.0425  16.9957  -0.115811  -10.8327  -32.6904  0.145382  2.06203  5.29217  -8.17591  -15.1313  1.14832  -517.587  6.65315  -3.39299  10.0038  -1.71189  -4.30765  0.0259015  108.118  -3.26489  -14.5429  1.16469  0.956781  233.101  
-0.275768  -14.0981  0.448824  -1.65998  9.41884  14.9277  6.10154  8.58872  0.512827  -7.24572  -20.9117  1.21931  2.87372  5.41308  -5.60107  -16.3134  0.71169  -400.723  8.05107  1.17068  8.31468  -1.39962  -4.33365  -4.87687  136.269  1.12385  -9.00236  2.09581  0.68876  77.3795  
0.20702  -2.84746  0.844743  -2.46802  11.9832  -0.642254  -6.11295  -9.6216  0.716835  -1.85953  -7.87133  2.96574  6.67294  4.94461  -3.38471  -17.031  -1.73064  -428.84  11.84  7.7349  7.72055  -0.614655  -1.79748  -11.1481  118.18  2.39963  -2.5856  0.394022  -1.9866  -91.8221  
0.644522  0.899835  1.33241  -2.29682  7.28699  -12.7642  -15.1949  -18.6839  1.26793  2.23505  -1.76151  3.81227  10.9925  5.09152  -1.59955  -13.033  -2.13215  -450.911  17.8888  11.9115  7.32358  -0.0904753  0.272659  -8.32531  58.7538  0.692076  -0.409477  -7.02819  -3.3673  -144.827  
0.913184  -4.48498  1.72754  -1.23827  -5.59267  -22.6083  -9.39199  -10.8334  2.10107  3.64959  -0.999253  3.33597  13.9234  6.48061  0.422361  -4.14347  -0.645073  -330.468  22.845  10.8266  5.73779  -0.0956654  -0.273596  5.9932  -2.78647  -0.929217  -2.57552  -16.4566  -1.72491  -52.8905  
0.921703  -10.4207  1.61371  -0.203762  -19.0431  -23.0956  4.91822  3.39103  2.4913  3.61511  2.773  2.72671  14.6624  8.27973  2.61962  3.08468  -0.963351  -103.235  22.8647  5.84174  2.94752  -0.139649  -2.12623  19.4804  -18.3766  0.0934276  -4.74407  -18.7226  0.635197  91.5503  
0.733856  -6.96591  0.868184  -0.0228417  -22.6267  -11.255  12.9902  8.76978  2.44499  4.00781  13.2398  3.10067  11.1266  8.76529  3.78464  2.61036  -4.49381  77.4233  18.307  1.01139  0.3376  0.388374  -2.19936  16.854  23.8854  2.89856  -3.41061  -8.39538  0.0841659  175.612  
0.549973  5.99003  -0.00839592  -0.733404  -12.657  3.65706  8.80095  2.08652  3.02686  5.01818  24.2408  3.7776  0.448591  6.99343  2.93889  -2.1924  -7.9198  115.988  14.0118  -1.00533  -0.954949  1.36284  0.32236  -0.407713  78.1366  4.16605  0.480453  8.82389  -4.0223  170.023  
0.491506  17.7075  -0.307222  -1.69085  3.66862  9.64592  -0.521041  -6.99494  4.75679  5.28936  27.2926  3.00849  -16.2869  3.59633  0.786582  -0.913899  -7.74878  63.4194  13.226  -1.09335  -1.1966  1.90615  2.60234  -12.0773  77.1932  1.89547  3.24467  19.6989  -8.3477  130.399  
0.42236  17.606  0.103488  -2.19508  14.1489  6.11661  -5.11489  -9.02859  6.16773  3.91446  21.5676  0.334617  -31.5596  -0.250286  -0.824278  10.6093  -5.32326  31.9737  12.6726  -2.12312  -1.31532  1.30021  1.42444  -1.59494  1.19856  -2.36402  2.57363  15.4931  -8.83947  113.68  
0.0735052  6.72466  0.552994  -1.9618  12.4362  3.02992  -3.48067  -4.61197  4.9438  1.5368  13.4973  -2.52129  -36.6863  -4.21822  -0.947523  22.5986  -4.90312  61.1131  6.17811  -5.82995  -1.45849  -0.183048  -2.64123  22.6865  -93.6436  -5.18121  -0.616096  0.246149  -5.0009  114.038  
-0.629071  -3.42694  0.240886  -1.20491  3.15028  6.7446  -1.8863  -0.967475  0.751755  -0.576297  8.06476  -3.53426  -31.1553  -8.40083  -0.531121  20.9125  -7.05299  96.7383  -6.23916  -11.2085  -0.917418  -1.49662  -5.46902  35.1131  -125.951  -4.76886  -3.66507  -13.3678  -0.63909  83.9331  
-1.39211  -3.41193  -0.872649  -0.474806  -3.50204  11.4965  -5.4775  -2.17063  -3.67413  -1.94594  4.26078  -2.60348  -23.5011  -11.4961  -0.980741  3.8973  -6.73344  86.6085  -15.7558  -15.4131  0.588597  -1.84138  -3.9945  21.8106  -70.8593  -2.54264  -4.51533  -15.9619  0.0286245  2.34896  
-1.77102  3.7963  -1.96643  -0.333545  -2.00585  7.29943  -12.8493  -5.35035  -4.91891  -2.77134  -0.262795  -1.21067  -21.2461  -10.7733  -2.0827  -13.7061  0.397516  50.4567  -13.7733  -15.8916  2.19591  -1.36772  0.249658  -4.72902  16.1273  -1.21165  -2.69321  -8.86835  -2.97482  -92.5112  
-1.57118  6.4376  -2.17066  -0.922959  4.0444  -7.56775  -18.9823  -5.6076  -2.2901  -2.91912  -4.11327  -0.14899  -22.0337  -4.95537  -2.03378  -15.1235  11.2504  33.4339  -2.41885  -12.2592  2.83157  -0.871304  3.02871  -22.8462  61.4564  -1.70753  0.994478  -0.695949  -5.45316  -139.002  
-1.00865  -2.35636  -1.40959  -1.78183  7.17574  -25.3329  -21.2148  -2.00676  1.64472  -1.84485  -4.85285  1.20369  -16.9654  2.86118  0.2656  1.40714  17.1749  23.6448  7.11384  -6.98601  2.55317  -0.883671  2.25455  -25.8751  47.8805  -2.31069  5.10325  1.60254  -3.83414  -112.864  
-0.479083  -16.1233  -0.42283  -2.22485  4.52316  -38.1554  -20.0914  1.8913  3.95173  0.206236  -4.46924  3.1429  -3.12974  6.88261  3.58193  20.7228  13.0092  -33.8623  7.47461  -4.01612  2.37271  -1.1425  -0.0580139  -23.1683  19.976  -0.770683  8.12821  -1.92915  0.666128  -46.9229  
-0.176356  -21.5415  0.00840528  -1.94895  -0.100586  -44.098  -16.4564  2.25876  4.0046  1.82102  -7.44092  4.22064  10.9794  4.41246  5.45608  24.8235  2.77712  -141.58  3.41492  -5.58574  2.77189  -0.901783  -0.856615  -22.7759  22.1063  2.84662  9.19163  -5.88124  3.55981  5.99878  
0.041217  -12.5659  -0.211132  -1.22775  -1.62651  -44.0576  -9.54337  -1.09805  3.18713  1.97631  -12.8443  2.62377  14.5035  -0.673536  4.79652  8.7768  -4.58425  -214.908  4.51495  -9.71281  2.87349  0.272963  0.16822  -23.9211  48.7792  5.87019  8.52962  -4.67273  2.31171  20.8075  
0.406446  3.27255  -0.523926  -0.594591  0.434495  -37.4743  0.310996  -4.60215  2.61723  1.57222  -12.6239  -1.22829  6.63893  -1.64869  2.78787  -15.4722  -4.53824  -176.506  10.8759  -11.3298  1.4776  1.99297  0.757133  -26.5769  63.8012  5.76731  7.21703  2.7971  -1.07216  13.1634  
0.881304  12.9716  -0.401887  -0.504297  2.38357  -24.6949  9.55886  -4.1412  2.10514  2.49214  -1.11316  -4.60741  -2.30044  3.64855  1.21527  -28.8369  -1.06878  -62.5947  10.7563  -6.81569  -1.19041  3.24963  -0.545118  -35.6318  54.0065  2.87125  6.22212  11.5074  -2.95619  13.1281  
1.08258  10.991  0.0600107  -1.23241  1.39323  -10.919  13.2451  0.865945  1.23554  4.86193  15.6198  -5.32215  -2.37195  10.402  0.544283  -20.5516  -1.41683  11.8778  -5.20187  2.3309  -3.23006  3.18447  -2.57593  -48.2065  44.7319  -0.102532  5.70523  13.5475  -2.16883  33.0188  
0.635303  3.08175  0.263295  -2.65474  -1.25309  -3.5963  8.67828  6.12833  0.502676  6.10836  23.8978  -3.88001  5.58357  12.5951  -0.03017  3.14943  -7.6956  -0.855802  -29.6453  10.5605  -2.77269  1.78136  -3.52807  -46.0792  58.5731  -1.20626  5.04124  5.48468  -0.288092  59.4597  
-0.367758  -1.67905  -0.200594  -3.98402  -2.09095  -4.5008  -2.8182  5.96096  0.682938  3.57996  16.3996  -2.20497  12.0168  10.1714  -1.03228  24.7564  -14.5109  -16.3656  -42.6984  13.1079  0.0483246  -0.0903508  -3.45034  -14.8701  76.1449  -1.31007  3.38151  -6.48615  1.13162  70.6143  
-1.3095  0.111276  -1.02705  -4.13726  0.414334  -7.1926  -16.2202  -0.71558  1.54152  -2.03787  -0.590214  -0.869813  8.92968  8.58443  -1.91493  30.9853  -14.8849  67.9162  -32.0293  9.37521  3.08106  -1.34788  -3.66844  29.7261  52.941  -2.59675  0.482119  -10.8931  1.90056  57.1686  
-1.54378  5.18001  -1.41825  -2.88759  4.45811  -4.1277  -23.3832  -8.32767  1.89343  -6.62097  -14.5977  1.172  -2.96804  11.2301  -1.92966  23.3905  -8.02628  219.497  -6.7997  2.05572  4.18376  -1.53924  -4.33102  49.3733  -23.5464  -5.41421  -2.85575  -3.23346  2.0318  28.567  
-0.976107  8.80644  -0.84945  -1.508  7.08333  4.41193  -15.8559  -9.59394  1.14352  -6.30664  -19.1419  4.24063  -16.5309  14.3567  -1.15075  13.5363  -0.374684  282.52  11.2857  -5.6554  3.1905  -1.09475  -4.09536  24.9624  -103.493  -7.47596  -5.13585  7.3645  1.24051  2.59748  
-0.0998698  8.65105  0.444411  -1.57927  7.01161  10.2157  8.04531  -2.88404  0.288459  -1.12582  -16.9247  6.5358  -25.1928  11.2991  -0.242399  9.07673  1.20204  154.013  10.6182  -11.339  1.78985  -0.776972  -2.48324  -17.3607  -113.268  -6.5925  -5.26694  6.68546  0.378757  -8.36859  
0.545487  4.55548  1.73287  -2.91226  5.21833  6.38346  37.3328  5.85318  0.87435  5.08512  -13.4669  6.05713  -27.644  0.944827  0.529364  7.44906  -3.27161  -84.9647  0.794308  -13.2136  1.55416  -0.895831  -1.12967  -33.4491  -28.3097  -3.43234  -3.41453  -8.41925  1.78044  -1.63666  
0.878814  -2.29613  2.48679  -3.21927  3.31353  -5.15426  53.5541  8.7428  3.03998  7.88941  -10.8546  3.30873  -26.7495  -10.0395  1.49397  2.61485  -7.21713  -244.893  0.125479  -10.8958  2.37279  -1.0978  -1.54148  -10.9079  95.4631  -0.850657  -0.689333  -24.9493  6.43867  18.9311  
1.17541  -8.5196  2.71108  -0.547142  1.98671  -15.7432  46.1446  3.21705  5.10611  5.38221  -7.94355  1.0469  -24.8994  -14.0944  2.82202  -5.50954  -5.09685  -219.75  14.1173  -6.92665  2.90566  -0.881155  -2.17399  19.7026  170.097  -0.51218  2.02541  -27.1145  11.4721  44.2337  
1.52376  -9.31467  2.60594  4.08193  0.825808  -18.9617  22.4793  -6.3638  5.31024  -0.96478  -3.53568  1.12476  -22.2225  -10.5159  3.98213  -10.9395  1.70942  -76.3589  29.4734  -5.88579  2.26784  -0.230943  0.475386  23.9341  157.107  -1.02746  4.63581  -13.431  12.5661  59.8387  
1.58338  -2.55664  2.12691  7.08689  -0.607227  -16.5184  -0.658564  -12.9083  3.78059  -7.49287  2.33149  2.43546  -18.2924  -5.21176  4.20181  -9.40429  7.31249  46.3647  29.5798  -9.96295  0.913714  0.347654  7.15048  2.15407  100.121  0.0610531  7.11611  2.36544  8.79518  52.8811  
0.97713  7.543  1.06773  5.74506  -2.10242  -15.7477  -14.7144  -11.8119  2.40213  -10.4083  8.90739  2.56725  -14.6827  -3.61505  3.29418  -3.21057  8.49238  93.2075  12.813  -15.44  -0.119434  0.386814  13.4838  -18.3358  71.8119  2.88968  8.73876  7.15575  3.3896  25.9432  
-0.177235  12.9739  -0.467279  0.924797  -3.14042  -22.1867  -24.8238  -3.65941  2.49063  -7.98364  14.6264  0.988514  -13.8218  -5.46762  1.79769  1.8115  7.50497  117.445  -6.28251  -15.3835  -0.421745  -0.0549889  13.7108  -20.8572  89.6599  4.70669  8.45459  1.89735  -0.654365  1.00614  
-1.28432  9.2076  -1.9109  -3.80974  -3.35855  -34.8428  -36.2659  6.03973  3.0275  -1.87578  16.6863  -0.433852  -14.8294  -6.77593  0.409188  1.80044  7.61458  167.596  -12.8735  -7.24855  -0.352047  -0.493931  6.78597  -15.6135  92.7414  2.99747  6.07468  -2.41621  -3.31657  0.472807  
-1.82214  -0.345852  -2.67257  -5.51623  -2.39582  -47.1627  -41.2406  10.0017  1.96982  3.69751  12.5028  -0.0627846  -13.3875  -5.14012  -0.485554  -3.02904  7.98217  201.575  -5.86624  3.05831  -0.237465  -0.554718  -2.03877  -18.6946  13.053  -1.30316  2.79853  0.752099  -5.57195  21.8711  
-1.7613  -7.6977  -2.6392  -4.07826  0.135465  -51.5747  -26.033  4.55612  -0.592132  5.15237  2.32871  1.2602  -7.17883  -1.98567  -0.914071  -9.53489  5.0003  142.977  3.94006  6.48462  0.054776  -0.311076  -6.31522  -27.2041  -135.051  -4.51218  0.187628  6.82725  -6.79524  37.615  
-1.43357  -7.5977  -2.16395  -1.54139  3.81349  -43.8663  8.4364  -6.39681  -1.47715  2.57272  -9.79016  1.31752  -1.12103  -0.203008  -1.17373  -13.0152  -1.86538  2.41619  6.59389  0.753002  0.586521  -0.124503  -4.65515  -23.6836  -252.45  -4.10515  -1.16028  7.93017  -6.0431  25.295  
-1.12929  -1.72493  -1.64977  0.06615  6.71354  -25.5363  40.2036  -13.7546  2.05392  -0.555963  -18.5439  -0.430668  -3.46812  -0.760881  -1.56289  -9.53884  -8.0467  -113.071  1.20706  -6.47754  0.776713  -0.228137  -1.45578  -1.06387  -251.381  -1.39784  -1.71331  3.41233  -4.41463  -4.56979  
-0.920446  3.59456  -1.26679  0.209294  6.83948  -3.25677  46.3944  -11.5127  7.87017  -0.860483  -21.442  -1.955  -15.4136  -2.00128  -1.97996  0.338884  -8.7802  -128.341  -6.71728  -5.7723  -0.133616  -0.522596  -1.67384  25.8958  -147.332  0.0665966  -1.83025  -0.398273  -3.59792  -20.1027  
-0.770023  3.26391  -0.998618  -0.298298  4.92386  15.2501  26.9427  -2.99981  9.72727  1.57585  -20.6646  -1.16908  -28.1253  -1.62856  -1.80489  9.61614  -4.65066  -94.9318  -12.1498  3.2272  -2.00944  -0.733509  -5.62213  35.9438  -39.7666  -1.46443  -0.98176  0.57504  -2.54897  -5.5587  
-0.621029  -2.00788  -0.725857  -0.46035  4.74351  25.9924  3.42149  2.53058  3.89398  3.59011  -20.6939  1.24649  -31.6533  0.934351  -0.595743  9.40984  -0.793577  -114.598  -13.1372  10.7912  -3.52955  -0.706107  -9.18473  23.2784  -4.30975  -4.14317  1.47495  2.98021  1.23562  21.9679  
-0.351882  -6.16922  -0.204116  -0.164134  8.87048  29.71  -5.75776  -0.0113767  -5.59324  2.56579  -23.4091  2.41871  -25.2835  3.99811  1.01027  -2.62846  -0.793355  -183.127  -9.79029  7.94261  -3.28978  -0.520681  -8.47134  1.6103  -17.6051  -4.89826  4.9597  1.38245  6.83556  36.9802  
0.17447  -3.2002  0.791224  -0.241775  14.2605  27.9199  -3.07251  -6.25003  -10.0648  -0.600428  -24.959  0.659395  -15.2154  5.28392  1.55745  -18.8358  -3.02813  -171.016  -4.07795  -3.03685  -1.2093  -0.365846  -3.63349  -10.6787  -0.957076  -2.89862  7.64787  -3.65041  9.37336  36.5185  
0.868845  6.70809  2.05192  -1.33437  13.8387  19.5151  -3.0328  -7.94338  -5.4478  -2.44512  -18.6796  -2.41145  -3.65463  4.26718  0.387333  -27.4719  -3.67432  9.41043  -0.255044  -10.4371  1.23997  -0.344613  1.83361  -5.81762  76.5913  -0.16621  8.07064  -6.13549  6.74108  36.7076  
1.304  16.2775  2.76658  -2.76739  3.80893  3.93376  -10.726  -2.51903  2.94352  -0.701196  -2.60942  -3.55961  12.9386  2.76195  -1.17036  -22.566  -1.90987  258.556  -1.67731  -5.83594  2.33678  -0.386159  4.63508  9.78772  160.464  0.985681  6.50629  -2.72087  4.28265  44.7909  
1.04496  17.6463  2.13624  -2.92248  -11.3603  -13.1078  -16.2523  4.52165  6.13738  3.23864  15.9489  -1.43696  32.4185  2.83167  -0.946242  -8.09507  -0.756709  367.937  -5.92782  6.73279  1.70874  -0.335993  3.9745  21.9951  173.207  0.29402  4.46039  2.57589  8.9193  48.8052  
0.150202  10.042  0.324507  -1.16205  -22.493  -21.5062  -9.55759  6.36179  1.36167  5.88413  25.3229  2.11112  39.8127  4.21012  1.47637  6.49439  -2.81402  247.03  -5.72907  15.4182  0.604954  -0.139101  0.988553  18.5199  99.5765  -0.828859  2.83255  3.44293  18.9446  38.2894  
-0.753235  0.169951  -1.39331  0.946916  -24.1072  -17.8109  5.57051  2.31539  -5.22564  5.32617  20.724  4.16207  21.9312  4.66076  3.77657  13.6456  -6.57164  22.898  1.91183  13.5707  0.493  0.0695648  -2.72484  -2.2358  -1.3611  -1.26733  1.09744  -0.63476  23.6561  21.5796  
-1.01809  -5.2117  -1.73297  0.913235  -18.4739  -11.4281  16.3851  -2.22376  -5.81252  2.95193  9.68116  3.52489  -10.8804  3.01837  3.16816  11.5201  -7.85927  -108.201  8.85908  5.85302  1.44096  0.0927052  -5.49792  -27.7783  -57.8338  -1.03726  -1.52074  -4.13914  15.4163  11.897  
-0.58348  -5.78237  -0.67982  -1.74183  -11.6234  -16.0265  16.9621  -2.18628  0.457172  1.40035  4.35326  1.37073  -27.1553  0.851346  -0.399201  2.97927  -4.50525  -88.6649  2.42196  1.22935  2.06056  -0.0874479  -5.63168  -38.7744  -46.1016  -0.545692  -4.49197  -2.70883  -0.428554  3.49873  
0.0380982  -5.72594  0.53451  -4.43377  -6.96692  -32.9252  13.6308  2.17581  7.20078  1.55868  8.46703  -0.408071  -7.14309  0.422949  -3.84963  -7.03295  1.14573  -25.0007  -18.9009  2.45482  1.24711  -0.219127  -2.46687  -24.644  6.78815  -0.0733905  -6.31365  1.85275  -10.7579  -23.5456  
0.342193  -7.07325  0.78234  -3.95263  -3.73078  -46.8583  14.9881  6.29654  8.13637  2.18536  13.7818  -0.915711  28.7493  1.75634  -4.04788  -13.2392  4.59173  -25.787  -39.0144  4.64504  -0.19434  -0.0376663  2.38507  4.80315  60.0601  -0.211714  -6.21856  4.60167  -8.72241  -71.1583  
0.28909  -7.37716  0.180717  -0.108956  0.0515748  -41.0247  20.6201  6.28351  3.05663  2.19282  10.0047  -0.549998  34.9189  2.93209  -1.01657  -11.6887  3.58372  -74.2032  -37.8848  2.98596  -0.286528  0.364251  5.78117  25.8301  87.3434  -1.77169  -5.08748  3.7302  0.00322701  -106.517  
0.175226  -4.35153  -0.24143  3.66616  4.88678  -15.9112  22.7229  2.53218  -3.10134  2.09401  -3.79442  -0.252312  -10.4004  3.00779  2.23586  -2.68147  0.0617429  -76.5955  -12.8691  -1.676  1.54654  0.513998  5.95466  22.1911  81.1886  -4.33167  -4.24066  1.71208  5.16044  -88.1781  
0.201304  -0.182448  0.17204  3.77056  9.63524  10.0245  16.4205  -1.09643  -5.58186  2.55046  -19.0935  -0.628741  -75.6919  3.07901  2.89239  7.52848  -2.19876  3.17076  16.5523  -5.71468  3.23091  0.0414567  4.36569  0.654711  48.5198  -5.44112  -3.7262  1.10432  2.98377  -13.2469  
0.298528  0.743567  1.02129  0.302027  12.3914  18.8899  5.78647  -1.29736  -3.43402  2.53517  -27.7699  -1.47698  -102.825  3.99727  1.01407  10.3781  -1.48816  99.6647  27.739  -8.38735  2.23085  -0.821883  3.9464  -17.1335  6.74956  -2.701  -2.48673  1.50474  -1.85875  66.3831  
0.312162  -2.45074  1.44357  -3.0612  11.1489  10.4066  -0.780042  1.45032  0.899763  0.292492  -29.0621  -1.89888  -64.6464  4.56993  -0.969763  3.32009  0.290226  128.342  17.2396  -11.7372  -1.07208  -1.39308  5.56741  -18.1958  -25.9521  2.94305  -0.0343987  1.28347  -3.39057  82.5105  
0.199861  -5.67553  1.12471  -3.14546  5.15622  -0.920116  1.36951  3.68911  4.17025  -3.78497  -27.3082  -1.03004  7.21255  3.38886  -1.0161  -5.76063  -0.224808  75.939  2.29739  -15.882  -3.24803  -1.28712  7.04556  -9.9234  -44.6641  7.1024  2.60879  0.643982  -0.63932  13.8041  
0.0124222  -4.21505  0.534662  -0.701844  -3.43258  -3.29414  9.11689  2.89331  4.56469  -6.44177  -25.8863  0.964115  53.6803  1.36958  0.570139  -5.06285  -4.10016  -2.41965  0.524868  -17.353  -1.72983  -0.892737  5.79515  -7.435  -59.3612  6.26912  3.79898  1.22253  3.12389  -84.9118  
-0.198727  2.76769  0.276169  0.678854  -9.9933  0.6834  14.0914  0.0946707  2.65127  -4.62237  -25.4044  2.75627  43.8605  0.73221  1.82306  8.1503  -8.60138  -50.1083  11.0886  -13.3391  1.87363  -0.909771  1.86747  -13.635  -75.7599  1.93776  2.80203  3.31832  4.9032  -120.882  
-0.334191  11.9429  0.452485  -1.04842  -10.7977  -0.236022  9.55066  -1.82722  0.688156  1.13255  -25.8089  2.99746  -0.291037  1.47074  1.31893  22.2917  -9.58458  -55.9133  17.6753  -5.79064  3.54511  -1.37938  -2.15684  -17.5642  -80.093  -0.849751  0.287803  5.12501  4.30084  -44.2728  
-0.182795  18.3888  0.714541  -3.83622  -6.14079  -11.6959  -3.21897  -1.78784  0.602306  6.93644  -26.9759  1.75999  -32.0159  0.643748  -0.431884  22.0233  -5.42185  -46.9226  8.3638  0.421087  1.83644  -1.38787  -3.92909  -11.3745  -50.9616  0.558187  -2.29538  5.17946  2.5601  100.093  
0.416357  18.165  0.749993  -3.94727  0.318833  -26.8427  -15.5876  -1.32364  2.25983  8.93965  -26.7864  0.507273  -25.8279  -3.72559  -1.69761  5.27433  1.44799  -52.2911  -10.7865  2.79347  -0.427747  0.00696357  -3.47315  -2.06527  7.99213  3.31132  -3.64073  4.43093  0.956323  205.328  
1.27146  10.5264  0.565879  -0.608351  4.89654  -33.4322  -20.0779  -1.65709  3.87349  6.07352  -21.8012  0.507102  4.01051  -9.23595  -1.37357  -12.5684  6.75298  -75.4528  -23.1533  3.17589  -0.202966  2.53305  -2.6586  -1.64215  59.3581  2.66619  -3.10323  4.81066  0.388996  196.974  
1.8256  -0.649044  0.351131  2.69761  6.19952  -25.7419  -18.1245  -1.73275  4.18791  0.287289  -12.0078  1.33719  24.8536  -11.2354  -0.0970484  -13.792  7.9457  -91.276  -20.3305  4.30801  1.21127  4.60548  -3.15951  -9.75706  66.6095  -1.98821  -1.07038  5.91953  1.2118  99.3019  
1.62383  -8.30003  0.254868  2.16115  4.79061  -9.34207  -17.0726  -0.466814  3.63802  -4.92045  -3.74628  1.42512  19.6749  -8.15792  0.520123  2.70389  5.43132  -72.1666  -10.4903  6.21257  -0.517392  4.67508  -5.05103  -12.5939  32.6723  -6.28273  1.12714  3.97571  2.81178  3.06042  
0.806514  -7.98635  0.337661  -1.79647  2.02676  5.07424  -19.3611  0.498078  2.96524  -6.39817  -5.253  -0.13222  -0.770775  -3.37124  -0.369965  19.706  0.98993  -23.7572  -7.4942  6.6485  -6.79743  2.70276  -6.77535  -0.212333  -0.451671  -6.1717  2.0016  -4.54831  3.6483  -30.6736  
0.024781  -2.88042  0.600808  -4.91804  -0.293197  11.245  -17.9956  -1.28141  1.49797  -3.50469  -17.9119  -2.43652  -13.3537  -1.21897  -1.93266  19.8323  -3.89919  10.7107  -14.3011  4.40226  -13.1817  0.201893  -6.41012  20.1147  4.5455  -2.51637  1.08911  -17.8058  2.39883  -25.4545  
-0.226395  -1.14971  0.926373  -4.24139  -0.515648  10.8282  -5.5078  -4.67446  -1.98996  0.71435  -32.7832  -3.71844  -7.12921  -2.35375  -2.53657  3.77553  -7.95764  -1.1904  -20.0903  0.902352  -13.6536  -1.23038  -3.37091  31.3545  41.8614  0.635648  -0.625951  -28.062  -0.714531  -43.6911  
-0.0995338  -6.50561  1.0634  -1.44473  1.27128  8.34223  14.9368  -5.34329  -6.69138  1.47309  -37.1499  -3.07119  8.56828  -3.75925  -1.47344  -11.1121  -9.38269  -31.6912  -14.0593  -1.53664  -7.31751  -1.35482  0.711981  25.506  71.858  1.36585  -1.54547  -27.7318  -3.93669  -98.4171  
-0.120099  -12.6897  0.850052  -0.394996  2.49175  6.03008  31.0864  -1.60041  -9.33045  -2.98586  -25.0191  -1.20334  16.5571  -2.88468  0.350269  -9.68818  -6.81747  -21.2565  0.883162  -2.4  0.469442  -1.21061  3.19929  10.6619  64.9219  1.60004  -0.858621  -16.6913  -5.45425  -129.505  
-0.469375  -9.75209  0.473461  -1.93173  0.114143  3.18598  34.4608  2.2121  -7.44616  -8.72316  -1.73233  0.373973  10.0867  -0.577478  1.47671  5.5534  -1.33278  36.5244  10.9287  -3.29323  3.71343  -1.70505  2.85534  -0.698423  30.0333  3.3233  0.924541  -2.74347  -4.68922  -71.9381  
-0.714456  3.88787  0.348692  -2.79507  -5.8955  -1.09395  27.7147  0.787675  -2.56187  -9.51984  21.2592  0.629454  -1.75035  0.325031  1.39685  18.7393  3.57022  65.5368  6.65184  -5.15792  1.35939  -2.46072  1.10096  -5.50513  1.09321  4.9788  2.46295  6.14416  -2.5217  64.5015  
-0.326213  17.8067  0.639848  -0.0500366  -11.6727  -6.94135  18.2963  -4.58975  1.29801  -3.57526  36.0394  -0.277733  -5.98634  -1.47977  0.837822  18.2528  5.09927  -0.571272  -6.73524  -5.6403  -2.81218  -2.21757  0.410986  -9.77107  1.91905  3.37826  2.55511  9.0245  -0.316781  194.698  
0.634991  19.786  0.998806  4.74126  -12.5903  -13.8857  9.31695  -6.67587  2.05162  4.18837  43.4319  -1.07962  0.0810179  -4.35142  0.642861  7.6232  3.98901  -107.781  -15.5898  -0.510522  -4.77169  -0.358119  1.47464  -17.3928  26.8619  -1.34966  0.856449  10.8326  1.15569  232.181  
1.49727  8.88861  0.91802  7.11136  -7.42689  -19.8135  0.518217  -1.16274  1.65682  7.4268  49.1609  -0.20768  7.38532  -5.81942  0.814356  -0.748441  3.37253  -110.923  -12.94  10.8255  -3.69737  2.15278  2.47014  -24.3835  53.0908  -4.72034  -1.94101  14.7673  2.13462  160.38  
1.62102  -3.39023  0.301373  5.02567  0.37759  -19.8381  -4.90259  7.52212  3.06775  5.00359  55.3043  2.83484  6.92276  -5.51915  0.713854  -0.149755  4.66817  57.6257  -5.57444  22.1024  -1.41111  3.52154  1.42804  -24.6174  62.5105  -2.86037  -4.50124  18.0727  3.42209  35.5173  
0.972648  -5.12636  -0.444968  1.18161  5.52356  -10.1761  -0.994612  11.6351  6.07329  1.2915  56.1943  6.38874  -0.691936  -5.5154  -0.00334287  4.54564  5.57328  278.219  -5.61763  24.7927  0.0635548  2.83242  -1.18755  -17.4989  50.6246  2.60875  -5.65938  16.3183  5.54322  -67.8811  
0.0727728  4.04182  -0.868611  -0.430066  5.33205  5.16647  11.4802  9.66988  7.48149  0.399177  43.9722  7.32641  -7.34152  -7.67009  -0.950507  4.99113  2.85911  346.725  -16.6764  16.9678  -0.166604  0.914843  -2.90749  -7.9804  22.2972  6.09849  -5.19233  9.70177  8.31168  -110.872  
-0.488287  13.6184  -0.830855  0.756265  2.17765  14.6018  21.4594  7.39661  5.51156  1.94627  18.0241  3.78345  -8.02766  -11.0216  -1.42251  0.370312  -3.45465  191.983  -29.3488  5.71795  -1.97316  -0.538752  -2.11397  -0.787426  -10.7095  4.36696  -3.74483  2.86223  10.9295  -103.712  
-0.414271  13.7412  -0.362502  1.81995  1.40952  10.8994  17.9964  9.24042  2.4366  2.99492  -11.985  -2.5227  -6.00091  -12.299  -1.13636  -2.02205  -9.49956  -45.3825  -30.2439  -0.627294  -4.37903  -0.611169  0.164681  2.2099  -30.7562  -0.013247  -2.06095  -0.99727  12.4141  -82.602  
0.205366  4.64804  0.535821  0.432814  6.08404  1.8966  2.98566  11.9802  1.65165  2.41196  -33.4667  -7.32741  -8.243  -9.14269  -0.494699  3.59499  -11.1685  -168.828  -14.7498  -1.26342  -5.58845  0.133365  1.69819  -0.443416  -25.0247  -2.04932  -0.497494  -3.20265  11.7897  -76.4229  
0.939569  -5.05067  1.67572  -2.35606  13.4968  3.52489  -10.7042  9.07372  2.74301  1.50814  -40.7762  -7.90833  -16.8931  -2.40131  -0.2375  13.6128  -7.59712  -125.773  8.48029  -1.65577  -4.03879  0.457071  1.85694  -10.4602  -4.06004  -0.0509078  0.638268  -5.87291  8.35536  -88.6872  
1.197  -7.80181  2.41286  -3.91589  17.5417  18.9758  -13.388  -0.282245  1.33434  1.10214  -37.7054  -5.84675  -27.1882  4.85987  -0.785379  17.7912  -1.09943  -27.2101  24.823  -4.83542  -0.184844  -0.211543  2.25253  -25.0342  -1.64254  2.94164  0.791434  -7.2554  2.5835  -103.418  
0.648143  -3.79381  2.03462  -3.41797  14.8809  29.5101  -8.05981  -9.34369  -5.26081  0.261602  -31.1881  -5.06709  -32.9159  10.0282  -1.855  9.50882  5.40799  10.4589  25.5897  -7.5285  3.21497  -1.29357  4.30817  -34.1917  -40.737  3.1643  -0.21983  -3.66772  -3.05347  -105.852  
-0.38935  1.14511  0.609919  -2.48358  7.87991  12.4856  -4.68814  -11.1033  -13.3383  -1.33143  -24.5604  -6.98506  -32.4575  12.1479  -2.60817  -7.55282  9.97408  -6.48435  14.4673  -5.93503  3.61999  -1.79108  6.78015  -28.2375  -98.0537  0.296336  -1.32654  4.18427  -5.09137  -97.1044  
-1.15503  2.2124  -0.867516  -2.70409  0.889075  -30.8519  -7.79909  -5.37861  -15.4969  -1.50901  -17.0404  -8.72822  -29.4822  11.1243  -2.46233  -22.3325  11.2653  7.06696  3.27975  -2.09344  1.68517  -1.34322  6.71717  -9.69699  -114.067  -2.75222  -0.850237  9.51719  -2.13603  -87.0765  
-1.18636  -0.445765  -1.44808  -3.51306  -4.94412  -70.735  -12.0199  1.85751  -8.55558  1.96531  -7.49889  -6.52267  -26.9389  7.17227  -1.7578  -25.1588  8.59488  82.7979  1.29318  -1.17668  0.801793  -0.520985  3.04821  6.09842  -54.728  -3.36514  1.46166  6.0621  3.09679  -76.9135  
-0.78035  -3.36351  -1.20999  -2.99705  -11.376  -75.3476  -9.18487  4.43936  2.34175  7.48703  3.28569  -0.393052  -22.0804  1.61205  -1.44196  -14.4669  3.19646  155.043  7.47383  -3.65436  2.89662  -0.13322  -1.22335  6.08448  42.4432  -1.72413  3.39722  -3.95565  5.83014  -56.4805  
-0.564666  -3.52844  -1.00187  -0.27795  -18.0451  -41.0458  2.17983  0.30389  8.45044  10.0934  13.1424  5.57147  -8.17628  -2.8042  -1.9007  2.46779  -1.57271  145.12  12.7477  -4.15958  5.20201  -0.333505  -1.64412  -5.76661  98.2651  0.0187345  2.1903  -10.6309  3.89513  -22.672  
-0.731048  -0.32108  -1.3285  3.26316  -20.5481  5.23024  15.4806  -8.14364  5.9512  6.8541  19.5291  7.54729  15.458  -3.77193  -2.32344  14.1299  -2.95906  54.4323  9.80963  0.80425  2.68339  -0.505676  2.45731  -13.4207  70.2512  0.186731  -2.17329  -6.32879  -0.289185  8.81997  
-0.922819  5.21072  -1.86017  5.32804  -15.3726  30.4069  22.6875  -15.9998  -0.980785  0.666903  19.7638  5.67847  36.0576  -1.34069  -1.52779  12.3786  -1.84055  -44.0268  0.937047  7.091  -5.58722  -0.0630058  6.07443  -9.0314  -9.43739  -1.0769  -6.14701  5.35642  -2.70764  21.0911  
-0.857912  11.224  -2.08142  4.86362  -5.58542  22.0999  21.5251  -18.4523  -5.34996  -2.59039  12.4149  3.19137  35.9506  2.65171  0.493824  -0.849313  -1.68239  -90.6414  -4.03413  7.50892  -13.8968  0.762232  3.26309  -2.76139  -75.6826  -2.40453  -5.93581  12.1828  -2.15451  22.3972  
-0.708717  15.1848  -1.95241  2.89167  0.901162  -5.21771  15.8806  -13.7014  -4.365  -0.513584  -0.167728  2.59379  12.5015  6.7441  2.26048  -13.3135  -4.00719  -89.2766  2.26627  0.730653  -15.11  1.11203  -5.88743  -8.19631  -94.8371  -2.69508  -1.54603  5.774  -0.449173  40.3194  
-0.690206  14.4469  -1.65135  1.33623  -0.592386  -25.2033  10.5529  -4.81394  -0.838361  3.42626  -10.9958  3.4628  -12.716  10.4622  2.32298  -11.7556  -6.02775  -77.0797  16.4483  -7.15176  -8.47335  0.534469  -13.9105  -20.9248  -77.4976  -2.01932  3.05506  -8.70127  0.982241  82.6113  
-0.539978  8.29374  -1.00841  1.22849  -6.6807  -21.6369  6.20461  2.36533  1.41394  4.08385  -12.5607  3.73027  -14.0335  12.768  0.966116  5.79898  -3.96797  -68.9435  26.1854  -10.0232  -0.474231  -0.34802  -12.8921  -19.9005  -42.7299  -1.26228  4.07002  -17.1278  2.8861  117.468  
0.159123  -0.322524  0.227279  1.95702  -9.83412  0.168438  0.62803  4.37538  1.58297  -0.0251536  -3.33174  2.4389  8.02533  11.6675  -0.0822228  26.1674  1.72327  -47.6891  21.7701  -7.81447  2.54061  -0.468765  -2.88637  6.5959  0.850922  -0.983506  1.67619  -11.1274  5.87496  106.955  
1.17718  -6.31385  1.60284  2.03601  -6.18215  19.8187  -6.23006  3.10422  1.11991  -5.98075  9.99435  0.702885  23.9745  6.47981  0.329315  32.1541  6.02883  -0.926915  6.12648  -4.29386  0.961505  0.413733  7.58652  41.6663  40.7822  -0.76035  -0.638508  2.95972  7.80254  57.6618  
1.59215  -6.78886  2.02874  0.510712  1.66966  21.2591  -10.2038  2.68069  0.717945  -10.1012  17.6005  0.186072  10.1803  -0.249007  1.41675  18.963  4.76909  51.5535  -7.78657  -1.27384  0.0142688  1.35279  10.1398  53.7024  56.4542  0.156385  -0.225158  10.9154  5.47094  20.3134  
0.804266  -3.62886  0.981175  -2.20929  8.71542  7.39685  -7.81925  4.33323  -0.314567  -10.9014  14.9057  1.03244  -18.639  -4.64858  1.40537  -1.49765  -0.686017  74.1511  -10.7132  2.45608  2.39105  1.24894  5.11557  29.6923  46.2532  1.65101  2.08401  6.03311  -1.22034  30.9377  
-0.632332  -1.04476  -0.684159  -4.59164  12.5246  -4.39762  -2.07473  5.82722  -2.03217  -8.89087  6.39834  1.58663  -23.3165  -5.40507  -0.371925  -13.5991  -4.94976  54.2906  -7.36143  6.88026  5.31557  0.0734126  0.504897  -11.1772  43.1452  2.70151  3.54305  -4.33091  -7.93229  65.6398  
-1.53434  -0.744268  -1.56457  -5.19251  13.6342  -1.60728  -0.248602  5.68227  -2.85803  -5.25316  0.393143  0.396844  11.6063  -4.71628  -2.63134  -14.0099  -4.39118  15.0512  -10.3679  8.05096  5.31947  -1.16026  2.51309  -39.4446  76.3397  2.67456  2.83943  -8.03082  -9.36004  68.9117  
-1.38661  -0.405593  -1.26846  -3.79975  12.7477  10.2568  -4.78667  5.27072  -1.51433  -1.67924  -0.0841992  -1.88299  54.6834  -5.26504  -3.50885  -12.7547  -0.305962  -6.38244  -23.3681  1.72217  3.44993  -1.53689  8.63608  -45.3108  121.205  2.17943  1.10256  -1.88041  -3.81997  19.9916  
-0.80878  2.67321  -0.711384  -1.6358  9.52796  15.3118  -8.6293  5.53233  0.882221  -0.306223  -0.438785  -3.01689  62.253  -7.49401  -2.56606  -18.9374  3.33651  8.03311  -33.1932  -10.4216  3.37481  -1.09965  11.1517  -41.3461  115.826  2.09711  -0.161026  5.94593  5.23872  -44.9799  
-0.674053  7.31872  -0.817139  -0.216517  4.39914  5.97594  -3.17968  3.6642  1.81633  -2.06541  -6.71352  -1.8639  30.7604  -10.3085  -1.15878  -28.9999  4.03024  46.1052  -23.2309  -19.5531  5.10613  -0.574284  6.36474  -39.7227  38.9081  2.11201  -0.923508  6.39603  11.5909  -80.224  
-1.07351  9.29499  -1.36656  0.0394953  -0.213604  -9.06999  9.45401  -3.69306  0.456227  -4.87473  -15.7775  0.130878  0.888005  -12.8814  -0.795607  -31.5252  2.06873  78.8377  5.46933  -16.3015  3.62732  -0.526407  -1.51567  -36.6011  -52.3015  0.992197  -2.03723  -0.483294  10.5278  -82.58  
-1.37829  6.17163  -1.45897  0.0709864  -2.07154  -15.0211  16.4861  -14.023  -1.22691  -4.86626  -16.2667  0.557072  7.4354  -14.0562  -1.42124  -21.7145  -0.968735  80.3818  30.5139  0.361285  -4.61459  -0.926067  -5.83896  -22.8997  -87.0007  -1.52815  -3.45207  -7.23299  2.48131  -83.6807  
-1.11096  0.0200283  -0.782969  0.949036  -2.45178  -6.50389  8.43577  -18.9554  -0.84214  -0.395545  -2.15398  -0.918632  38.4729  -11.0627  -1.5144  -7.49804  -3.56146  45.9037  29.6506  20.6033  -15.3643  -1.33881  -4.84031  -2.74332  -72.53  -3.91474  -4.09093  -8.24075  -6.80368  -100.041  
-0.423811  -5.06585  0.060523  2.5369  -5.74173  8.10159  -8.23972  -12.946  1.5304  5.55461  16.7698  -2.1501  53.1566  -1.53629  0.164663  -0.0956698  -4.56535  1.0389  5.01699  30.6263  -19.1779  -1.29479  -1.97894  8.1198  -87.1265  -4.50093  -3.51013  -4.59406  -10.4028  -111.307  
0.286455  -7.22059  0.488077  3.71961  -14.3155  15.9543  -16.4874  -0.603837  3.4678  7.94471  22.3727  -1.18237  32.4167  12.0562  3.03951  -1.1706  -3.56719  -10.8039  -18.3322  23.4756  -11.1779  -0.550135  -0.300777  2.1856  -171.842  -3.43963  -2.80979  -0.550309  -6.10568  -90.6777  
0.876972  -7.59921  0.667948  3.83014  -24.0886  11.6397  -6.51101  7.43528  2.9589  4.73572  8.18146  1.44561  -2.04016  21.8373  5.04053  -1.82999  -1.35538  28.8279  -19.4256  4.54992  2.9558  0.702349  0.91313  -9.09693  -257.657  -2.18481  -3.24709  2.1926  1.39669  -40.8241  
1.36936  -7.75058  1.04933  3.42373  -26.6598  1.05402  13.0527  6.06319  0.483766  -1.12525  -11.3941  3.515  -19.9913  20.7305  4.53042  6.06467  0.603369  77.605  -3.31257  -12.5542  11.8302  1.78135  3.25846  -8.52098  -233.216  -1.33655  -4.48488  4.76802  4.93859  9.45454  
1.57434  -7.75686  1.48009  3.1899  -17.2731  -4.037  24.2242  0.924796  -1.72645  -4.97533  -15.19  3.63872  -18.8425  9.53857  1.83897  19.677  1.71123  58.6243  7.51606  -16.3256  8.83386  1.93242  5.29399  6.546  -77.3454  -0.064652  -4.85156  7.44627  1.8967  34.984  
1.17301  -7.01193  1.29036  2.76155  -0.394269  3.75552  18.32  0.761373  -1.91968  -4.97518  2.22317  1.97421  -18.1966  -3.2645  -1.0805  27.6589  2.64872  -53.6155  0.783479  -5.76395  -2.08786  1.02524  3.93414  22.2383  105.591  2.02453  -3.32028  8.16225  -3.53143  29.5967  
0.202909  -5.6189  0.22796  1.26206  13.4595  20.1439  4.29649  6.5521  -0.216181  -3.0904  25.642  -0.787932  -25.5398  -9.4795  -2.47043  21.8443  4.04328  -179.421  -11.9315  9.33914  -10.8519  -0.214258  -0.729341  25.7537  189.26  3.63956  -0.694794  5.05932  -5.28602  -0.297594  
-0.78816  -4.20468  -1.06536  -1.02977  16.3978  31.701  -2.18621  11.2341  1.75372  -2.21179  36.1503  -3.71955  -24.7099  -8.51574  -2.27012  5.77506  5.11989  -195.522  -11.4364  16.3861  -10.5957  -0.874536  -4.45417  19.4452  146.131  3.35041  1.38931  -0.950037  -1.90732  -40.0089  
-1.2766  -3.04874  -1.74199  -2.48908  9.04634  27.7476  4.6828  9.71568  2.13449  -3.22402  29.049  -5.06193  -2.5621  -6.4207  -1.86101  -8.62309  4.4826  -66.6832  4.22089  10.3275  -2.96561  -0.815293  -3.66479  15.341  53.1863  1.85209  2.09727  -6.80986  2.66059  -64.5687  
-1.30971  -2.40536  -1.65715  -1.98834  -1.16873  10.4404  15.8845  5.48184  0.177872  -4.8113  13.4906  -3.58124  24.7736  -8.48675  -2.35627  -12.0613  2.07344  101.158  16.6345  -2.11532  4.75207  -0.762088  0.185695  19.0854  -3.70282  1.36566  1.76206  -9.81427  4.00003  -52.1873  
-1.36071  -3.19655  -1.38177  -0.370399  -6.58976  -7.37505  18.4825  5.04673  -3.15984  -5.38951  -1.41626  -1.16537  26.146  -13.6666  -3.3263  -5.91739  -0.337229  166.604  8.93287  -8.79044  6.77392  -1.37128  2.60732  23.7442  -8.14621  2.6016  0.91691  -8.8349  1.94708  -12.2004  
-1.66806  -6.11816  -1.41478  0.544758  -4.6316  -14.7308  9.17012  8.03548  -5.91492  -4.60001  -14.2531  -2.07749  -4.48325  -16.3952  -3.30064  0.35676  -0.945121  107.009  -14.603  -4.0838  3.10181  -2.31733  1.82784  19.1479  0.521982  3.35213  -0.253676  -3.99303  -0.136844  13.4311  
-1.89025  -9.72757  -1.65467  0.135593  1.5617  -11.7015  -3.69047  6.62995  -6.76408  -3.33969  -25.9429  -7.46816  -35.419  -12.9492  -1.49771  -0.492313  0.37056  40.3941  -34.086  4.96817  -1.7222  -2.45086  0.649061  4.12243  -6.273  1.03169  -1.55801  3.06312  0.517143  -4.61835  
-1.47308  -10.4906  -1.65674  -0.432913  6.55368  -6.32005  -9.89475  -3.80374  -6.11696  -2.86028  -33.437  -11.6988  -31.9935  -5.47177  1.2066  -6.24917  2.35619  79.8966  -36.4574  5.76485  -3.08558  -0.904234  2.22174  -11.9759  -15.1821  -3.76589  -2.35574  8.80741  3.30561  -39.8125  
-0.275366  -5.77695  -1.1826  0.302817  7.38744  -5.88937  -8.12157  -16.3583  -5.40178  -3.77244  -32.8106  -7.53248  1.16324  0.23697  3.09475  -8.37269  3.83096  196.737  -27.2947  -5.43973  0.140334  1.95038  5.52966  -18.4407  2.84927  -7.16002  -1.88389  9.50988  5.61227  -34.9919  
1.22317  3.08024  -0.3632  2.43966  5.67994  -12.6253  -5.95183  -18.1827  -5.20079  -5.32998  -26.051  4.33575  24.0036  0.473593  3.25151  -1.9919  4.36291  252.513  -19.9006  -17.758  5.13964  4.58932  6.65895  -11.8485  52.3753  -5.78678  0.00800792  5.07238  6.01478  21.397  
2.28465  11.1235  0.518812  4.7409  5.12329  -24.608  -10.6854  -4.89841  -4.57353  -5.56024  -19.7856  13.7375  9.2474  -2.95546  2.25862  8.24832  4.00832  161.608  -17.7566  -16.3677  7.70864  5.41655  3.88915  2.80994  102.946  -0.383821  2.55761  0.541554  5.60796  63.4058  
2.45401  13.5795  1.238  5.76046  6.7912  -36.0086  -20.6817  12.9369  -2.44523  -2.76408  -17.1917  11.6277  -22.226  -4.96364  1.26164  13.1449  3.17989  -12.8166  -12.0989  1.1533  5.98552  3.9567  -0.0857979  16.9723  115.331  4.72259  4.32506  1.40695  6.21748  16.5431  
1.8525  9.50919  1.67401  4.76785  7.91644  -36.5197  -26.4232  19.7035  0.6816  2.6293  -14.3534  0.600114  -24.0521  -2.506  0.728952  9.07708  2.71738  -132.796  4.25622  21.0749  2.35469  1.23363  -1.36474  23.5234  74.7372  5.77245  3.98668  6.87048  7.67356  -105.277  
1.06416  2.35588  1.85225  2.04828  5.98042  -18.1226  -20.2181  10.6525  2.95314  7.84109  -6.16713  -7.96149  20.4079  2.40196  0.347289  1.68438  3.21849  -127.246  25.903  27.2455  1.19299  -1.00597  0.816009  19.7525  -0.262232  3.13066  1.30709  9.6572  7.5892  -196.373  
0.680944  -2.3922  1.9416  -1.11345  2.6945  13.3553  -4.33927  -3.52587  3.10913  9.81019  7.2709  -7.34909  76.2835  4.85499  -0.112342  -0.655989  3.75622  -41.4733  39.9689  16.9634  3.91212  -1.64806  3.6196  8.1491  -80.252  0.620639  -2.38141  4.46354  4.24976  -166.898  
0.80696  -1.13517  2.04986  -2.92189  1.671  36.6964  10.2899  -8.26469  1.83142  7.68081  22.0697  -2.716  95.1702  1.72346  -0.32178  4.16266  2.22022  35.6637  39.3604  1.91758  6.40596  -1.00288  3.92996  -4.92316  -150.628  1.39111  -5.11316  -4.25772  -1.22629  -40.0886  
0.934383  4.9065  1.95027  -2.327  2.15296  32.2734  13.6849  -0.141381  0.838299  3.16669  35.8458  -3.15409  66.8849  -5.75557  0.0790513  10.5644  -2.13722  58.8605  28.6591  -5.60268  2.70426  -0.323447  1.24032  -11.7823  -204.545  4.44998  -6.05877  -5.7366  -6.26432  74.561  
0.413166  10.1664  1.18973  -0.0971524  -1.68952  3.89714  5.33824  10.5822  0.894939  -1.17142  47.9184  -9.47599  23.5996  -13.0291  0.804187  12.1757  -6.79822  44.4801  17.6016  -4.60234  -8.14903  -0.543037  -2.35855  -6.98312  -215.88  5.6036  -6.33304  4.21311  -9.5317  98.3111  
-0.833214  9.36814  -0.35042  1.61905  -12.6744  -21.1422  -5.83585  11.4759  0.985647  -3.82862  54.3952  -13.3352  -1.81684  -15.1856  1.10458  8.40545  -7.73911  32.4295  11.2035  -2.99822  -19.6992  -1.43663  -4.03065  8.90497  -142.554  2.17587  -7.35022  16.2412  -11.0266  56.0474  
-2.06573  2.50092  -2.03561  1.35118  -23.8425  -18.4157  -9.88575  0.625763  -0.375128  -4.72914  47.9592  -8.13693  -6.83682  -9.769  0.648494  3.57757  -3.61131  49.4347  6.64943  -6.16331  -23.4966  -1.98095  -2.0849  27.6558  12.2517  -3.47747  -8.52868  16.2828  -9.89533  28.0778  
-2.30015  -4.9845  -2.82139  -0.272356  -24.0515  8.2783  -4.09846  -12.3252  -3.15188  -4.60622  26.2182  3.05168  -6.76773  1.38292  -0.00670853  0.844303  2.56986  92.5929  -1.30974  -10.8492  -17.1735  -1.38882  2.72229  36.3782  147.966  -5.86288  -7.35301  1.24013  -4.43493  48.8415  
-1.18521  -7.52288  -2.12734  -1.36741  -11.4728  32.5004  5.64566  -16.586  -5.23618  -4.35244  -1.12849  11.8829  -8.14898  12.4817  0.0143062  -1.1256  6.46243  128.653  -13.3234  -10.4052  -6.3269  0.233326  7.18154  26.231  127.263  -2.1295  -2.25223  -16.7346  4.12145  72.5509  
0.626636  -4.78933  -0.419736  -0.914205  2.27331  35.013  10.7508  -10.406  -4.21944  -4.57374  -17.4657  14.1666  -8.12331  17.2931  1.00444  -5.17472  6.91197  114.852  -23.3409  -3.17427  1.5182  2.05323  7.83591  2.19303  -73.0135  4.48038  4.86035  -22.7131  9.34348  37.7503  
1.95555  -1.40022  1.1097  0.338863  4.43867  22.846  6.8468  -1.04833  0.011896  -5.13528  -13.8125  12.1545  -11.8124  13.9678  2.38679  -10.7861  6.34117  43.5052  -23.2433  6.07961  3.72879  3.10448  4.0804  -17.0606  -291.875  7.50909  9.786  -13.9415  4.42133  -53.2925  
1.97259  -1.61537  1.47195  1.03918  -4.36959  16.3385  -3.8423  3.97877  4.43496  -5.14876  2.27816  9.12027  -28.4911  6.71622  3.21544  -13.579  6.83689  -37.1361  -10.3787  11.6006  3.28822  2.7827  -1.14839  -14.2861  -317.784  3.76875  9.9412  -0.843233  -9.13408  -131.557  
0.791256  -5.29934  0.634003  0.752324  -11.2656  22.9702  -15.0861  3.86714  5.08999  -3.73926  13.9787  5.41867  -46.2224  1.60842  2.92381  -9.66804  6.97647  -69.2989  8.68451  11.4108  4.04293  1.17541  -4.58294  7.83631  -114.568  -3.35909  6.68905  5.42147  -19.8499  -134.13  
-0.635751  -9.02618  -0.519482  0.00246129  -6.45561  30.9263  -21.2987  2.85072  0.637241  -1.0171  11.3589  0.848222  -29.9889  0.337548  1.68628  -0.047612  3.70235  -54.3177  22.5717  7.07455  6.63425  -0.793255  -5.92325  26.5855  116.598  -7.16419  3.38617  3.41187  -16.0065  -69.4702  
-1.22839  -9.89256  -0.962825  -0.735414  6.12351  27.6904  -20.0503  3.54199  -6.12175  1.98914  0.0734912  -2.24741  36.8478  -1.08434  0.31344  9.61411  -3.04652  -51.2729  24.1716  1.13327  8.74805  -1.74713  -6.78672  22.3694  138.606  -4.09356  1.7811  -0.206302  1.79006  -5.41929  
-0.594771  -7.515  -0.390751  -1.34994  14.8844  16.5329  -11.897  3.80391  -10.4577  4.30893  -5.63803  -1.25572  116.724  -6.50357  -0.308055  13.1781  -8.87477  -91.3261  16.2046  -3.89628  8.25209  -0.872183  -6.9425  1.46972  -62.8272  2.99074  0.961181  0.199473  19.6323  2.9099  
0.676883  -3.10337  0.576277  -1.45918  13.635  9.49667  0.982524  0.516321  -9.65797  5.51663  2.31187  2.22337  145.326  -13.5288  0.0428229  8.50411  -8.81027  -122.594  7.41396  -5.86935  5.36995  1.22208  -3.69884  -9.83613  -258.123  7.74919  -0.426936  3.90069  23.1159  -33.6345  
1.52892  1.63212  1.02104  -0.213635  5.43564  8.42591  14.3607  -5.21376  -5.08758  5.08754  18.0709  3.0448  101.623  -15.0587  0.535998  -0.850984  -2.50284  -68.3716  3.82957  -4.27152  2.19538  2.84688  3.67363  3.4081  -224.537  6.3744  -2.05921  6.27082  10.9906  -57.6323  
1.3417  4.53797  0.602977  2.4719  -4.61357  1.49268  21.6825  -8.25506  -0.541731  2.12543  27.8446  -1.43946  34.7346  -7.29947  -0.211597  -7.81461  5.22103  65.0219  4.3018  -1.09883  0.60641  2.71623  10.6945  24.852  13.633  0.835413  -2.62201  4.05815  -4.59907  -30.539  
0.437724  3.62901  -0.179655  5.03414  -14.9541  -18.6151  17.4457  -4.89072  1.21957  -2.9891  22.9242  -7.95369  8.26296  5.15288  -2.73987  -7.04646  9.09692  178.62  4.04297  0.741118  0.707372  1.15102  11.4837  24.3215  219.956  -3.45057  -1.82228  -1.78399  -11.0593  27.3795  
-0.283675  -0.730801  -0.560503  5.49339  -24.2947  -39.8591  4.37745  3.10745  0.343016  -6.99977  7.09398  -10.9866  28.752  13.3143  -5.70995  0.0850634  8.28356  189.871  0.920099  0.543614  1.11958  -0.29607  5.74875  -5.84551  205.152  -3.05852  -0.721206  -6.90874  -6.91448  62.4936  
-0.208906  -4.86799  -0.285267  3.83175  -27.1331  -40.6516  -4.68574  10.4477  -1.12313  -5.65948  -7.59607  -8.9206  45.5817  12.4972  -6.6399  5.8545  6.1307  125.756  -2.65988  0.311969  0.703967  -0.40528  -0.187675  -38.8232  16.7167  0.404761  -0.0656864  -6.87121  -0.722387  45.3505  
0.476442  -4.92281  0.23323  2.18299  -17.6387  -14.7174  1.99809  13.6757  -1.54964  1.50223  -11.754  -4.86275  18.4306  6.05922  -4.12451  3.36245  5.72933  80.1707  -3.26708  1.80901  -0.17967  0.605772  -0.386239  -40.1148  -139.833  2.60822  0.689991  -1.03309  -0.618703  -2.84316  
1.06667  -1.29204  0.468941  2.09434  1.60849  19.9665  19.0205  13.62  -1.0261  8.93056  -5.65373  -2.04245  -34.2645  1.02559  0.489431  -5.69609  6.54919  96.3206  -0.0508413  4.06008  -0.287128  1.50531  3.91347  -2.17593  -133.857  1.43256  2.13405  5.82654  -6.64306  -38.4186  
1.04662  1.39169  0.340444  2.50537  18.7675  40.6348  24.0104  13.0261  -0.726467  9.60545  3.5757  -0.503672  -62.2441  1.11058  4.03614  -11.8408  5.87198  129.735  4.81975  4.89206  0.697793  1.35007  5.91175  50.1835  -27.5569  -0.836973  3.39189  7.07172  -12.9567  -43.196  
0.518618  -0.10301  0.150317  1.65184  23.382  44.5133  0.606377  13.0324  -1.40216  2.78466  10.1612  1.17084  -45.084  4.06446  4.55682  -8.07117  2.92194  130.003  7.91927  4.43768  1.41962  0.261573  1.01063  85.2014  32.8602  -0.340938  3.10881  1.29856  -15.6202  -40.1669  
0.00957284  -3.00929  0.106894  0.556925  16.4816  50.1763  -38.9087  12.6476  -2.59414  -3.91017  14.4971  2.50701  -11.2622  5.08285  3.22866  1.3697  0.49694  123.328  6.55401  5.60516  0.297203  -0.939532  -8.52832  90.0562  -3.90451  3.88686  1.68733  -4.78014  -16.3405  -65.087  
-0.0615174  -1.41036  0.100679  2.48733  8.26247  73.1938  -61.5934  10.775  -3.26473  -1.83545  19.7969  1.40606  0.417476  1.89794  2.88306  5.0918  1.94121  175.439  0.407148  10.4075  -2.53666  -1.57671  -16.4285  73.5142  -59.5706  8.85738  1.32118  -2.50277  -18.6819  -125.32  
0.264494  5.85197  -0.0358543  8.05726  6.29334  103.643  -48.6885  7.62899  -2.9919  8.7991  25.3148  -2.39102  -15.7001  -3.20851  4.55689  -2.00538  6.77992  284.937  -7.61093  16.5253  -5.13991  -1.53026  -18.2003  50.6895  -49.4622  10.9055  3.09909  8.72961  -22.3485  -186.587  
0.577764  12.0367  -0.225978  12.3993  8.24609  110.364  -17.0512  4.19806  -2.44049  17.5639  24.6942  -5.65581  -31.2964  -5.68825  6.05295  -11.8026  10.2894  348.477  -12.5125  18.5763  -5.5482  -1.04563  -13.7161  30.1049  9.35404  9.14091  4.88654  19.1335  -22.3867  -197.661  
0.507495  9.04706  -0.235532  9.49353  6.9364  69.705  1.01252  1.10452  -2.59092  13.7776  12.0974  -4.61453  -18.2531  -2.73254  4.3943  -11.8907  7.82615  259.895  -10.7139  12.9334  -3.35768  -0.378915  -5.46895  12.4696  34.7009  5.29763  3.41043  18.0218  -14.265  -131.339  
0.0655345  -3.08317  -0.0132129  -0.610113  0.213193  -9.40284  -3.78368  -1.63901  -3.59337  -2.08401  -10.4677  0.713757  22.5585  4.47143  -0.52362  -0.477521  -0.188537  32.6449  -3.44578  1.23636  0.393644  0.340949  4.1975  -4.05862  -1.88785  1.09135  -1.61829  5.39082  0.770876  -7.94725  
