2.60193  2.51849  2.02671  3.02905  2.39963  3.48017  -2.99844  1.25273  0.075874  -3.38849  3.1602  2.13414  2.06019  3.29032  2.44187  -48.5961  4.07133  2.71588  2.53822  2.7635  2.54773  1.76714  2.68577  3.24638  2.21422  1.71006  0.0374366  2.0169  3.10199  2.32277  
-1.15028  -0.964839  -1.67285  -1.71587  -0.484284  -1.08069  -12.8307  2.78724  18.1744  -1.66361  -0.307514  -3.67514  -1.33948  -0.810367  -1.61623  -224.351  4.24276  -1.27599  -2.33748  -0.323667  -2.18786  -0.323841  -1.16094  1.04911  -0.57112  -0.638196  0.669628  -6.31822  -2.46543  -1.57346  
-4.29154  -4.14799  -4.92628  -6.44945  -3.09106  -4.37544  -15.1016  0.936017  15.2377  -2.02338  -3.43898  -6.48055  -4.46415  -4.19794  -4.75073  -250.854  1.38893  -4.4705  -5.45058  -3.5056  -5.58372  -2.91153  -4.47205  -1.74526  -4.62246  -3.59064  -1.43304  -9.03916  -4.63718  -4.59106  
-6.14574  -6.24908  -6.94386  -9.38403  -5.07691  -5.84846  -9.32798  -4.1915  -6.73832  -4.49379  -5.63845  -6.01703  -6.48272  -6.0618  -6.32101  -100.942  -3.87452  -6.16823  -6.27677  -5.9895  -6.85212  -5.53701  -6.44343  -4.67597  -8.46883  -6.28657  -5.69498  -6.32903  -3.87486  -6.15743  
-6.32193  -6.52738  -7.03089  -8.47745  -6.05104  -5.86704  -1.46391  -8.50082  -25.3426  -7.18911  -6.32784  -4.45349  -6.55246  -5.94249  -6.27269  101.547  -8.04054  -6.154  -5.61772  -6.60451  -6.1128  -6.99811  -6.486  -6.51113  -9.1646  -7.09773  -8.64818  -3.35251  -3.45334  -6.24317  
-5.126  -5.18611  -5.37263  -4.28623  -5.70494  -5.22896  2.77303  -7.82457  -22.5319  -8.34516  -5.48151  -3.71263  -4.89568  -4.3013  -5.15453  181.98  -8.58626  -4.96044  -4.57566  -5.14017  -4.29111  -6.48743  -4.93907  -6.47838  -5.80392  -5.59048  -7.60741  -3.90388  -4.9793  -5.3148  
-3.45116  -3.39437  -3.12856  -0.334804  -4.06848  -4.47266  2.79328  -2.97177  -2.6239  -7.7681  -3.7782  -3.68601  -2.84917  -2.35576  -3.70759  63.0539  -6.34265  -3.53178  -3.60202  -2.8279  -2.54015  -4.49142  -2.99158  -4.9627  -0.783717  -3.23076  -3.54743  -6.16227  -6.33767  -4.00388  
-2.11323  -2.22937  -1.57802  0.185764  -1.72532  -3.62837  1.6719  0.552491  14.3353  -6.40756  -2.13506  -3.14746  -1.63006  -1.15093  -2.37226  -173.427  -3.84792  -2.47748  -2.49374  -1.26741  -1.5432  -2.38858  -1.69123  -2.98201  2.59856  -1.87423  -0.027125  -5.18615  -4.71259  -2.74525  
-1.29672  -1.74394  -1.14059  -2.39823  0.319639  -2.54516  1.85264  -0.772992  14.6622  -4.95179  -1.06599  -1.70892  -1.26695  -0.753394  -1.18657  -364.818  -2.35278  -1.71366  -1.09966  -0.981564  -1.21365  -1.22998  -1.1261  -1.22608  3.27614  -1.89184  0.625003  0.829804  -0.633126  -1.6737  
-0.662456  -1.23763  -1.26598  -4.86488  1.2476  -1.28489  3.26134  -3.52227  3.31537  -3.35251  -0.44468  -0.256805  -0.892918  -0.478067  -0.113747  -406.828  -1.21206  -0.868871  0.273783  -1.14526  -1.005  -0.910854  -0.660217  0.234972  2.55507  -2.10206  -0.449147  7.89989  2.34387  -0.767323  
0.0922237  -0.280235  -1.15927  -4.69894  1.08665  -0.135208  4.82824  -1.71057  -5.4837  -1.48027  0.216553  0.340574  0.0493437  0.2107  0.693626  -301.49  0.311668  0.103218  1.1547  -0.661471  -0.526328  -0.595061  0.15731  1.50712  1.86064  -1.37965  -0.37634  10.0406  1.9643  -0.00311876  
0.871789  0.749581  -0.525807  -2.51482  0.709252  0.640637  6.05636  4.36278  -4.8048  0.124911  1.25748  0.291339  1.22611  1.12016  1.03588  -107.039  1.70821  0.851177  1.42348  0.630535  0.113788  0.19435  1.1033  2.4719  1.45629  0.064287  1.78417  5.2952  -0.0729096  0.628407  
1.33934  1.16634  0.336673  -0.89225  0.949944  0.901096  6.80032  7.31102  -0.360658  0.568336  2.50763  0.346767  1.93839  1.67695  0.968726  120.249  2.06868  1.09157  1.363  1.8297  0.524075  1.04988  1.64679  2.89714  1.05609  1.05079  3.73386  -2.49387  -0.568578  1.12485  
1.30508  0.80007  0.940671  -1.20495  1.66369  0.557139  6.40156  2.29403  -0.429374  -0.425534  3.32997  0.701853  1.91314  1.65183  0.785878  320.877  1.47647  0.94976  1.24203  1.93043  0.536475  1.20196  1.57653  2.74837  0.775227  0.813134  2.55483  -7.60399  1.01249  1.41023  
0.910314  0.189712  1.01714  -2.30745  1.84122  -0.351226  4.19631  -5.65065  -4.56909  -2.05468  3.10396  0.828818  1.4006  1.35732  0.703837  412.148  0.86165  0.773507  1.05095  0.859122  0.440758  0.447293  1.16272  2.24448  0.900113  -0.182762  -1.72979  -7.61764  2.2707  1.33815  
0.487398  -0.00278721  0.658622  -2.01568  0.810688  -1.37877  0.721294  -7.32718  -5.51249  -3.08076  1.82548  0.378164  0.778175  1.19895  0.665313  338.716  0.673193  0.741182  0.682831  -0.388663  0.67856  -0.6112  0.817237  1.65465  1.05746  -0.741749  -5.82586  -4.80844  1.67199  0.866377  
0.292147  0.321874  0.206799  0.18288  -0.78669  -1.72466  -2.12148  -0.977382  0.33108  -3.04066  0.227773  -0.264145  0.332898  1.18274  0.499478  141.505  0.34386  0.76968  0.258142  -0.645859  1.3122  -1.16184  0.728981  1.13253  0.638941  -0.1339  -6.50568  -2.95342  0.945453  0.236991  
0.345364  0.641226  0.0106942  2.54593  -1.51362  -0.87603  -2.72576  5.73997  7.49184  -2.59563  -0.783621  -0.482324  0.265976  1.02942  0.203951  -57.6238  -0.651844  0.746604  0.0518854  0.329459  1.86216  -0.950487  0.803088  0.7288  -0.125314  1.17849  -3.82318  -3.43577  2.4311  -0.138459  
0.472159  0.434813  0.172929  2.80756  -0.704766  0.701524  -1.71297  5.70851  8.01422  -2.54441  -0.908704  -0.256173  0.609872  0.624988  -0.0258876  -173.18  -1.73222  0.698693  0.156913  1.61377  1.75077  -0.401217  0.840334  0.469584  -0.400844  1.94173  -0.63451  -4.43367  5.1339  -0.0379153  
0.478614  -0.157453  0.483294  0.678113  0.717109  1.77005  -1.74719  0.488207  1.73435  -2.44496  -0.621176  -0.160823  1.00545  0.22095  -0.0319609  -228  -1.6939  0.694957  0.330504  1.99071  0.921222  -0.121783  0.72579  0.36426  0.063953  1.31882  0.767263  -3.51069  5.42224  0.364309  
0.324638  -0.373297  0.632773  -1.86496  1.26943  1.46838  -4.81704  -3.45929  -3.73795  -0.819681  -0.575158  -0.59007  0.905037  0.115045  0.104025  -273.855  -0.180679  0.696657  0.295764  1.10978  -0.0506812  -0.34114  0.502299  0.363973  0.363153  -0.216436  0.794455  -0.432382  2.10838  0.691738  
0.143386  0.366078  0.529512  -2.29831  0.649923  0.293636  -9.21341  -3.54587  -2.51204  2.81728  -0.929236  -1.24749  0.251586  0.291449  0.142692  -273.664  1.65674  0.595191  0.0792157  -0.225472  -0.518629  -0.805666  0.309809  0.368362  -0.272916  -1.3156  1.21081  2.59591  -1.14303  0.727065  
0.100802  1.71373  0.370358  -0.0943797  0.127848  -0.270493  -10.0736  -2.54036  2.49834  6.34455  -1.29892  -1.52506  -0.26256  0.478902  -0.0259764  -132.854  2.28502  0.388728  -0.0311435  -0.879799  -0.413739  -1.1147  0.252625  0.314302  -1.05683  -1.11286  2.41448  3.22291  -0.218099  0.544255  
0.223075  2.59463  0.380239  2.97571  1.00062  0.773132  -3.88626  -2.63207  3.66851  6.44593  -1.28342  -1.18183  0.114606  0.495136  -0.239047  133.499  1.35961  0.223336  0.135795  -0.45138  -0.248294  -1.11  0.281188  0.237551  -0.540374  -0.106547  3.00117  1.28635  3.7336  0.313677  
0.37922  2.24139  0.55725  4.40936  2.9002  2.8311  6.88474  -2.34803  -1.4351  2.32373  -0.878749  -0.469337  1.20714  0.427736  -0.229049  332.24  0.0179896  0.230198  0.432806  0.475398  -0.448508  -0.987968  0.241959  0.24307  1.35661  0.508478  1.91199  -1.14042  5.30612  0.104183  
0.431075  0.994916  0.713459  3.50097  3.97553  4.14858  14.9447  -0.312522  -7.18373  -2.46606  -0.353643  0.286302  1.90836  0.443696  0.0610664  261.388  -0.315645  0.367928  0.59305  1.00675  -0.783995  -0.979914  0.0654795  0.375766  2.93651  0.291203  0.0291849  -1.75083  1.94137  -0.0830803  
0.347913  -0.0916775  0.684249  1.5122  2.81032  3.33753  14.7237  1.36477  -6.80981  -2.96005  0.0979695  1.00085  1.33679  0.551024  0.357118  -55.4024  0.553897  0.438727  0.532762  0.739774  -0.620739  -1.02466  -0.136053  0.507071  2.59018  -0.0270679  -1.09416  -0.115283  -2.40997  -0.206617  
0.196015  -0.355461  0.449227  0.27537  -0.0582267  0.638518  7.80844  0.0737671  -0.374794  1.88947  0.467275  1.64427  -0.189518  0.640863  0.328565  -360.51  1.49736  0.278952  0.373698  -0.00825089  0.268051  -0.761781  -0.170562  0.422744  0.839104  0.357803  -1.45587  2.15645  -2.24588  -0.200858  
0.0648984  -0.0469412  0.125602  0.283661  -2.65409  -2.22349  0.940794  -2.81436  6.0387  7.5781  0.771092  2.01536  -1.44759  0.725686  -0.00510227  -416.362  1.38342  -0.0663132  0.22291  -0.578942  1.29471  -0.0119271  0.0275684  0.104162  -0.0907433  1.14175  -2.47636  3.01921  2.25417  -0.0846241  
0.0159395  0.15833  -0.104688  0.63727  -3.45784  -3.42665  -1.13504  -3.27769  7.58661  8.52404  0.951393  1.89931  -1.51002  0.923777  -0.257543  -236.823  0.425161  -0.359543  0.0475314  -0.532478  1.58428  0.902129  0.316773  -0.144846  1.13039  1.21023  -4.61457  1.84542  5.66196  0.0224278  
0.0687255  -0.045539  -0.0787388  0.134173  -2.60543  -2.52599  0.202822  -0.190287  4.85594  4.08202  0.991944  1.40391  -0.534441  1.2346  -0.110523  -36.6841  -0.000334163  -0.367822  -0.208188  0.0532224  0.866328  1.42598  0.479724  0.0185644  3.21999  0.0449611  -6.15014  -0.175069  4.80405  0.0173889  
0.187959  -0.417269  0.187578  -1.52047  -1.33822  -0.668776  0.741143  2.8922  1.47057  -0.892528  1.02078  0.936515  0.586685  1.42357  0.300511  18.8079  0.98248  -0.0646769  -0.462567  0.694392  -0.260909  1.42704  0.436032  0.530448  3.52047  -1.53522  -5.17568  -1.24806  2.82584  -0.0702306  
0.291288  -0.568095  0.410215  -3.86202  -0.621477  0.585377  -0.757668  2.25453  -0.786348  -1.65884  1.15908  0.712648  1.08289  1.26711  0.559925  -28.8065  2.52136  0.341837  -0.531896  0.920742  -0.961468  1.34238  0.318899  0.913621  0.89046  -2.23775  -2.2101  -0.587255  4.16609  -0.11299  
0.305515  -0.344668  0.230744  -6.11983  -0.471117  0.779179  -1.6995  -1.36144  -2.62184  0.975413  1.28608  0.543042  0.853732  0.817104  0.472497  -15.5959  2.75248  0.590525  -0.332989  0.63985  -0.954312  1.4823  0.32851  0.817514  -2.82526  -1.66414  0.202402  1.03715  7.2714  -0.0166793  
0.238218  0.142885  -0.354497  -7.55701  -0.395759  0.852142  0.0292098  -3.77113  -4.59332  1.75049  1.08426  0.108437  0.331176  0.320812  0.278882  137.272  0.900968  0.591787  0.0173653  0.141586  -0.624585  1.48133  0.520858  0.485521  -4.4255  -0.577724  0.486188  2.07179  5.61439  0.199286  
0.170736  0.621592  -0.848861  -7.17193  -0.122188  1.83276  2.88831  -2.26996  -5.97313  -2.67084  0.418816  -0.511013  0.0655449  -0.054791  0.291236  337.28  -1.63332  0.487  0.290585  -0.234142  -0.449162  0.728388  0.749315  0.507783  -2.58037  0.0656728  -0.312786  1.48456  -3.70183  0.428109  
0.162989  0.762427  -0.728122  -4.22087  0.229605  3.24832  3.96463  1.53223  -6.13231  -9.44457  -0.408978  -0.895554  0.317961  -0.325979  0.474932  421.105  -2.61606  0.479479  0.340212  -0.393696  -0.462293  -0.601667  0.824926  1.07113  0.851736  0.0508714  -0.180239  -0.457654  -14.7575  0.553956  
0.185129  0.415682  -0.0723753  0.833041  0.447073  3.23458  2.99165  3.57753  -5.78986  -12.3303  -0.881261  -0.771818  0.809379  -0.50034  0.525288  310.452  -1.37384  0.604781  0.199977  -0.448852  -0.323198  -1.42517  0.714137  1.63545  2.84192  -0.150226  1.28133  -2.4344  -18.4232  0.511258  
0.173866  -0.0997414  0.438927  5.7915  0.476162  0.604357  2.48121  1.58574  -5.46134  -8.2947  -0.775487  -0.380941  0.894391  -0.45663  0.309627  72.0771  0.442037  0.689064  0.061069  -0.438553  0.204382  -0.880876  0.559109  1.52069  2.25834  -0.0627173  2.68335  -3.19533  -12.2354  0.313372  
0.142554  -0.140304  0.275933  8.43542  0.428043  -3.26476  3.82501  -2.59052  -3.52741  -0.461239  -0.355675  -0.160939  0.131279  -0.0777021  0.0464455  -141.305  0.654892  0.554755  0.135283  -0.227941  0.954161  0.596272  0.50423  0.739547  0.851491  0.370557  2.90298  -2.61556  -3.00226  0.0551956  
0.181168  0.55116  -0.321516  8.21242  0.494464  -5.16244  5.21808  -4.75428  1.93106  5.50658  -0.0389685  -0.252474  -1.09825  0.521172  -0.00444853  -209.687  -1.05522  0.251579  0.488445  0.274059  1.52084  1.71628  0.536297  0.0640478  0.832114  0.876521  2.38618  -1.78137  0.897254  -0.130022  
0.321078  1.30933  -0.623305  6.50318  0.832225  -3.09293  4.1941  -2.73712  9.20789  7.08537  0.0489577  -0.358203  -1.73122  1.01974  0.101114  -134.358  -2.85636  0.0324857  0.937338  0.851464  1.62573  1.74432  0.524789  0.154938  2.15951  1.10775  2.20677  -1.83955  -1.72037  -0.150046  
0.442109  1.05968  -0.26061  4.53718  1.39141  1.46546  1.23113  1.14591  12.6831  6.28114  0.0992765  -0.169662  -1.04354  1.11094  0.105896  -28.6734  -2.77571  0.074701  1.15226  1.05987  1.29043  1.13602  0.393119  0.771197  2.80135  0.831838  2.58975  -2.80489  -4.60764  -0.0120701  
0.382757  -0.434728  0.398134  2.74523  1.82251  4.77788  -0.721322  2.68603  8.43777  5.88178  0.267594  0.266133  0.522331  0.72064  -0.0560421  -6.90715  -0.722004  0.260227  0.932959  0.645042  0.729504  0.726561  0.210097  1.01702  1.41784  0.0513631  2.85926  -3.52676  -1.83694  0.193358  
0.146224  -2.04083  0.741129  1.29447  1.73256  4.37016  -0.136412  0.739733  -0.359429  5.77719  0.459681  0.608423  1.66605  0.0749309  -0.152519  -68.4642  1.65321  0.291208  0.430596  -0.133855  0.168943  0.672899  0.106534  0.37803  -0.766329  -0.921327  2.59294  -3.05226  5.37877  0.363147  
-0.060105  -2.25671  0.58632  0.988288  1.12592  1.15582  1.36435  -1.60141  -5.64032  3.79023  0.524596  0.618382  1.53699  -0.372684  0.00913549  -105.553  2.78538  0.0348771  0.0361328  -0.672387  -0.221981  0.518245  0.124529  -0.662116  -1.53353  -1.60182  2.16976  -1.79121  10.0728  0.43732  
-0.0373349  -0.786259  0.233034  1.64477  0.487839  -1.90296  1.43796  -1.37452  -3.0596  -0.518912  0.525391  0.400492  0.58595  -0.173858  0.277069  -31.2566  2.46276  -0.297297  0.0087646  -0.573169  -0.314199  -0.00458708  0.184667  -1.1627  -0.488981  -1.66195  2.13182  -1.1288  7.11928  0.411635  
0.184968  1.10726  -0.0104355  1.32675  0.276639  -2.78861  0.327689  0.310812  3.26133  -4.36227  0.662897  0.245321  -0.0326739  0.772833  0.316915  113.192  1.49807  -0.359482  0.215438  -0.0275928  -0.0496039  -0.626244  0.203368  -0.808613  0.681255  -1.11074  2.35105  -1.77555  -1.06203  0.329058  
0.380956  1.8979  -0.147845  -1.73452  0.345115  -1.80522  0.153904  0.368847  6.16528  -4.62897  0.955827  0.32934  0.246082  2.02566  0.0342673  206.647  0.593196  -0.0466848  0.290541  0.384292  0.455243  -1.0214  0.185188  -0.251373  0.529588  -0.191449  1.9943  -2.82696  -6.75228  0.255753  
0.369731  1.2466  -0.345276  -5.77811  0.0654174  -0.408069  1.56534  -1.13143  3.94419  -1.69573  1.16152  0.542273  0.850458  2.83129  -0.294469  186.182  -0.0269723  0.373425  0.0524347  0.265196  0.873884  -1.1797  0.189178  -0.326643  -0.342724  0.801547  0.218229  -2.67055  -4.54554  0.238432  
0.185441  0.0895683  -0.634632  -6.66574  -0.87348  0.561028  2.46425  -0.892862  1.5432  0.694316  1.09319  0.617628  0.892835  2.72521  -0.3271  86.5254  -0.233801  0.525654  -0.286024  -0.262063  0.841302  -1.2258  0.22589  -1.04876  -0.374939  1.52962  -2.92168  -0.712544  3.37513  0.265719  
-0.00235611  -0.535902  -0.867167  -3.34834  -1.92964  1.21229  0.91378  2.00241  3.22125  -0.474731  0.90291  0.376861  0.254405  1.89982  -0.0256457  -63.9001  0.125423  0.318602  -0.352815  -0.79619  0.283519  -1.12202  0.231976  -1.57987  0.651808  1.619  -5.99538  2.03435  9.52501  0.277387  
-0.0764717  -0.459366  -0.885303  -0.58944  -2.1561  1.72241  -2.18495  3.52779  6.93728  -4.06025  0.891821  -0.0935899  -0.357511  0.989574  0.335613  -307.365  0.768848  0.046042  -0.0284103  -1.10374  -0.398738  -0.848899  0.158681  -1.16419  1.40118  0.955114  -6.76782  4.03692  8.43288  0.218896  
-0.0453288  -0.203806  -0.646687  -3.20795  -1.21823  1.83357  -4.12463  0.186768  7.63316  -5.9708  1.06274  -0.464402  -0.348989  0.462016  0.464132  -635.646  0.832143  0.085695  0.427798  -1.21798  -0.576401  -0.683106  0.046446  0.0119226  0.814058  0.0308457  -3.92912  4.62816  1.22158  0.0903788  
0.040465  -0.162279  -0.222871  -8.0241  0.156775  1.30532  -3.72702  -4.85933  3.68448  -3.65538  1.02024  -0.379292  0.00884929  0.289363  0.320139  -848.575  -0.240351  0.489223  0.670869  -1.13093  0.0427578  -0.906047  -0.00956701  1.01718  -0.506103  -0.25392  1.32693  4.24129  -6.23225  -0.0595426  
0.164012  -0.229159  0.24474  -5.56668  0.862699  0.405629  -2.47835  -4.9706  -1.7774  1.0796  0.433581  0.255844  -0.000258309  0.156065  0.0925884  -657.422  -1.7624  0.902407  0.617532  -0.606854  1.05772  -1.30192  0.0355253  1.14759  -1.18969  0.605199  5.82364  3.64657  -8.93908  -0.17469  
0.325025  -0.146052  0.592505  7.84831  0.572378  -0.310697  -2.33343  0.701923  -5.415  3.89432  -0.484558  1.14162  -0.593382  -0.0904612  0.00646182  -32.1147  -2.1958  0.916865  0.470509  0.535608  1.67423  -1.22867  0.147921  0.539232  -0.797585  2.09399  7.04464  3.26595  -6.28049  -0.203397  
0.489209  0.0720566  0.724074  21.7703  0.132869  -0.544149  -3.34139  4.98934  -7.02027  2.33957  -1.0981  1.77051  -1.14813  -0.265308  0.129147  605.566  -0.817153  0.489698  0.429725  1.9842  1.45277  -0.368245  0.28004  -0.130387  0.0640319  3.00746  5.2883  3.16386  -1.18453  -0.0912355  
0.606224  0.208601  0.685449  20.4674  0.728528  -0.380397  -3.83225  1.94882  -7.36296  -1.75779  -0.992695  1.8202  -0.883282  -0.0686375  0.341496  686.383  1.37596  -0.0249224  0.462879  2.98766  0.747027  0.827276  0.429575  -0.374925  0.677228  2.48294  2.95746  3.21344  2.98177  0.182762  
0.652693  0.197697  0.63126  1.12882  2.58608  0.000252531  -2.59023  -4.66264  -5.85921  -4.32403  -0.414093  1.40296  0.247473  0.543412  0.429921  77.4609  2.72022  -0.269686  0.371656  2.94801  0.320823  1.58303  0.603437  -0.220306  0.815088  0.742382  1.90906  3.11881  4.51867  0.543129  
0.621523  0.216951  0.688507  -19.8984  4.49164  0.498337  0.0108788  -5.91349  -2.13493  -3.24733  -0.00331398  0.872054  1.45754  1.20875  0.246664  -693.047  2.7222  -0.256552  0.0417823  1.95056  0.498315  1.62294  0.755482  0.0807154  0.336066  -1.1437  1.83642  2.34211  3.7117  0.817585  
0.481272  0.408367  0.849418  -22.3331  4.66622  0.99032  2.29251  0.258245  1.2698  -0.230694  -0.130447  0.437269  1.82597  1.40321  -0.145357  -882.29  2.41477  -0.2814  -0.421329  0.637595  0.784482  1.30584  0.804659  0.387064  -0.943311  -2.16648  1.18758  0.4367  2.004  0.853926  
0.207645  0.649073  0.970661  -2.86372  2.28762  1.28387  2.59842  5.95066  0.488973  1.53199  -0.552453  -0.0173892  1.08209  0.879654  -0.45897  -241.661  2.77426  -0.494716  -0.776235  -0.381304  0.433139  1.10258  0.732507  0.706907  -2.43278  -2.11704  -0.839195  -2.48013  0.858105  0.658659  
-0.120497  0.685587  0.868137  21.2874  -1.68767  1.31801  0.531511  3.70737  -4.51506  1.18776  -0.708674  -0.611349  -0.177305  -0.0464694  -0.402104  739.791  3.3506  -0.670544  -0.838044  -0.914188  -0.619105  1.13835  0.628273  1.01659  -2.74477  -1.57094  -3.52893  -5.56415  0.713869  0.398828  
-0.319756  0.439654  0.456637  29.6903  -5.16329  1.24544  -2.245  -3.61424  -8.74676  1.12946  -0.259238  -1.14345  -1.01085  -0.728166  0.00562086  1312.29  2.87012  -0.486945  -0.593802  -1.07081  -1.51783  1.26928  0.59415  1.19956  -1.02537  -1.23618  -5.33638  -7.82372  0.86902  0.244716  
-0.256525  0.0959135  -0.129044  18.1091  -6.43595  1.17183  -2.74098  -6.8938  -7.19211  3.90674  0.663377  -1.21523  -0.845839  -0.757838  0.367522  1151.64  0.973456  0.0337367  -0.19567  -0.956728  -1.30947  1.34649  0.614831  1.17338  1.62386  -1.29645  -5.03906  -8.76211  0.639734  0.234168  
-0.000159023  -0.108995  -0.550471  -0.28014  -5.28058  0.942726  0.662505  -2.84553  -0.541997  8.75224  1.60667  -0.745836  0.107089  -0.338291  0.273809  573.069  -1.17925  0.495402  0.15861  -0.597444  0.0169033  1.26804  0.553578  0.971659  2.91361  -1.30389  -2.5056  -8.50535  0.428082  0.284757  
0.235137  -0.0951091  -0.509135  -9.91138  -2.78201  0.4142  6.09771  2.39346  5.52451  11.9839  2.1007  -0.189671  1.04392  -0.0239382  -0.208207  112.359  -2.15525  0.579656  0.356459  -0.0759425  1.40505  0.912365  0.314871  0.702008  1.92465  -0.685963  0.966599  -7.35959  1.15642  0.296149  
0.311574  0.0818933  -0.0549436  -7.18481  -0.332352  -0.0869001  9.57101  2.38101  6.96229  10.9156  1.90468  -0.0551226  1.26139  -0.117219  -0.505875  -12.6707  -1.75835  0.402152  0.431962  0.409332  1.7074  0.238897  0.0012413  0.479426  0.102755  0.602819  3.0804  -5.55045  2.6542  0.203373  
0.290337  0.355328  0.426616  -0.262834  1.23993  0.0211867  9.196  -1.11568  5.67111  6.62467  1.16673  -0.328788  0.703083  -0.386988  -0.129644  -11.0882  -0.978639  0.314611  0.490987  0.681841  0.762851  -0.522298  -0.114012  0.385866  -0.430375  1.91858  2.09782  -3.31382  3.36866  -0.0239421  
0.313647  0.680608  0.585279  1.59544  1.84857  0.717703  7.37508  -1.7894  7.06897  2.46276  0.411719  -0.474507  -0.0309514  -0.400183  0.704184  -156.327  -0.651014  0.422829  0.567357  0.72852  -0.525182  -0.915052  0.170754  0.442766  0.649438  2.45  -1.38185  -0.942173  2.11366  -0.349681  
0.408213  0.94662  0.448399  -2.8966  1.85175  0.993465  7.80566  1.61442  13.517  0.390635  0.208989  -0.0978742  -0.291605  -0.0324771  1.20867  -438.037  -0.58962  0.469735  0.570086  0.65817  -1.1245  -0.576064  0.734798  0.569685  1.76917  1.92313  -4.43194  1.39962  -0.24106  -0.613117  
0.466449  0.971764  0.320782  -7.48509  1.68877  -0.0866015  10.7067  3.79486  20.4652  -0.404563  0.651424  0.629365  0.06321  0.442369  0.880467  -598.832  -0.12921  0.229901  0.408521  0.546353  -0.811593  0.436856  1.14412  0.631659  1.74185  0.794708  -4.23887  3.72947  -1.57118  -0.581857  
0.406475  0.669851  0.40004  -5.64336  1.62771  -1.85905  12.3173  1.08593  19.9332  -1.4001  1.1766  1.22905  0.610949  0.671467  0.125443  -461.847  0.811885  -0.12184  0.155107  0.356389  -0.188708  1.57962  0.987761  0.528121  0.994713  -0.244203  -0.77551  5.80662  -1.13465  -0.161587  
0.286669  0.193457  0.571674  3.10595  1.64185  -2.17221  9.26892  -2.95106  8.28085  -2.49046  1.06962  1.52889  0.816754  0.564321  -0.149607  -132.2  1.54003  -0.181714  0.0254762  0.0191576  0.0878377  2.12408  0.279102  0.285247  0.540094  -0.798866  3.16266  6.81775  -0.521829  0.434299  
0.220962  -0.158502  0.59168  12.4564  1.51656  0.293852  2.42836  -2.54348  -8.94217  -2.49095  0.232367  1.68933  0.534265  0.260544  0.433173  141.538  1.34725  0.175393  0.155147  -0.44325  -0.0459159  1.60347  -0.484688  0.0657452  0.318412  -0.759014  4.74419  5.99008  -1.51052  0.809107  
0.232618  -0.206302  0.377619  15.3045  1.15697  3.95924  -3.98152  2.0946  -20.3387  -1.30123  -0.656381  1.83073  0.011683  -0.0316254  1.28764  248.435  0.331342  0.598398  0.429799  -0.887244  -0.171043  0.183042  -0.723342  0.0862243  -0.525068  -0.0216428  3.68966  3.73025  -3.37868  0.740606  
0.236366  -0.0392828  0.0770453  9.89218  0.759042  5.29018  -6.27345  4.95157  -18.4452  -0.343323  -0.857453  1.71682  -0.396794  -0.160345  1.52383  287.927  -0.675677  0.638801  0.578983  -1.13964  0.035761  -1.40073  -0.299981  0.496606  -1.74336  1.38808  2.01358  1.65547  -3.31735  0.40027  
0.165801  0.103301  -0.0948143  1.868  0.588416  2.39335  -3.89336  2.26027  -6.18873  -0.631319  -0.38177  1.10265  -0.561883  -0.0406117  0.928797  385.829  -0.829587  0.250047  0.444923  -1.11296  0.481765  -2.38077  0.360166  1.17512  -1.80185  2.85541  1.5021  0.971461  0.320658  0.171677  
0.0535655  0.0831404  -0.0271193  -1.48419  0.615482  -2.51877  0.627165  -2.94608  6.07647  -1.20998  0.0684673  0.0872901  -0.552318  0.246085  0.113383  492.27  -0.0395424  -0.185426  0.126236  -0.871194  0.879056  -2.54023  0.670925  1.65789  0.148241  3.24466  1.99174  0.925283  5.85615  0.259869  
-0.0304001  -0.0266703  0.232369  1.91847  0.526748  -4.92625  3.22463  -5.47981  9.99493  -0.274095  -0.0392021  -0.92222  -0.433657  0.436547  -0.2486  420.455  0.915966  -0.312108  -0.121908  -0.596693  1.0874  -2.2596  0.403599  1.41612  2.61333  1.87789  2.1127  -0.463314  9.79679  0.499727  
-0.0803461  -0.0600377  0.517942  6.70082  0.158052  -2.58105  0.256764  -4.61293  5.82764  2.3779  -0.466778  -1.60824  -0.145506  0.273796  -0.102331  92.4864  1.105  -0.180466  -0.120833  -0.462371  1.13099  -2.00943  -0.193938  0.370504  2.956  -0.543374  1.23842  -3.83147  10.1388  0.55568  
-0.144961  0.0439319  0.646875  5.8361  -0.240626  2.03919  -8.51884  -3.65134  0.0124342  4.51023  -0.582109  -1.88816  0.381  -0.160773  0.0858544  -321.863  0.375528  -0.120286  0.0964878  -0.47121  0.975785  -1.85445  -0.710018  -0.881851  0.592912  -2.3124  0.228499  -7.06484  7.77574  0.280315  
-0.227023  0.171212  0.547923  -2.23524  -0.340103  4.2344  -18.0993  -4.13484  -2.09138  3.45495  -0.18703  -1.71881  1.01427  -0.438613  -0.0376244  -557.013  -0.282472  -0.299773  0.318589  -0.40888  0.501547  -1.48683  -0.92871  -1.55289  -2.12607  -2.24015  0.163061  -7.0652  4.83397  -0.146025  
-0.246768  0.157758  0.315966  -11.7274  -0.26027  1.95907  -20.771  -3.57203  -0.507258  -1.28855  0.282778  -1.05071  1.38095  -0.254247  -0.363675  -522.259  0.357611  -0.511093  0.326124  -0.0224114  -0.230862  -0.674787  -0.890629  -1.41831  -2.43315  -0.722969  0.810704  -2.99361  2.6278  -0.409388  
-0.128331  -0.00902643  0.104961  -14.9218  -0.478876  -2.23294  -12.853  0.324317  1.0019  -7.32682  0.376463  -0.0544042  1.11659  0.130259  -0.551446  -359.121  2.30951  -0.416748  0.0753714  0.695472  -0.818207  0.465113  -0.713474  -0.9744  -0.335595  0.798142  0.667155  2.7636  1.40342  -0.358212  
0.0967539  -0.129724  -0.0379694  -9.49911  -1.12338  -4.09987  0.554992  5.54406  -0.513893  -11.1486  0.193451  0.7992  0.215429  0.0808642  -0.440328  -218.574  3.96876  0.0471174  -0.224545  1.41137  -0.791753  1.57327  -0.466725  -0.8199  1.37185  1.33521  -1.38893  6.7777  1.12145  -0.124482  
0.30627  0.0343352  -0.178253  -0.209667  -1.56752  -2.18307  9.06393  7.78102  -4.59086  -10.7191  0.156592  1.14566  -0.875801  -0.67483  -0.152558  -71.8733  3.48671  0.581581  -0.271628  1.70889  -0.0933345  2.30074  -0.203417  -0.970764  0.54646  1.12169  -4.696  7.60429  1.55329  0.0332296  
0.404137  0.491619  -0.331568  5.70817  -1.03121  0.989804  6.57045  5.79514  -7.9311  -6.85777  0.363532  1.15761  -1.50461  -1.60291  0.11377  187.073  0.753069  0.819838  0.0303985  1.47827  0.801332  2.46951  -0.00404455  -0.94429  -1.8736  0.999935  -7.13764  6.39137  1.78704  -0.0157362  
0.396794  0.943971  -0.343864  5.5683  0.403151  1.91504  -2.65299  2.87561  -7.12591  -2.4343  0.437024  1.29288  -1.29176  -1.80254  0.274892  503.506  -2.29218  0.677723  0.400634  1.01793  1.28438  2.11196  0.0847794  -0.436116  -3.04686  1.31375  -6.86098  5.05345  0.68568  -0.170841  
0.344063  1.03741  -0.0583935  2.49329  1.61286  -0.155856  -7.97338  2.58507  -1.8763  0.0226054  0.0867096  1.61832  -0.414354  -0.944322  0.320933  674.695  -3.46654  0.387365  0.38906  0.699789  1.11306  1.49221  0.122632  0.278332  -1.70205  1.58004  -3.69404  4.14014  -1.64016  -0.242239  
0.26879  0.70322  0.44687  1.38876  1.50592  -2.69127  -2.92296  4.46439  4.17392  0.312137  -0.382892  1.60606  0.499244  0.307369  0.223234  634.224  -2.41632  0.22005  -0.168722  0.56502  0.517546  0.986099  0.212001  0.664714  0.478942  1.09489  0.895682  2.68344  -3.4795  -0.158442  
0.154119  0.230465  0.852598  3.12133  0.242752  -2.7114  8.51798  4.91363  6.21841  0.358824  -0.327916  0.854566  0.858936  0.878509  -0.0274926  603.687  -0.67183  0.216614  -0.897127  0.321598  -0.0820869  0.837328  0.356036  0.493572  1.21503  -0.274378  5.07148  -0.139635  -3.37965  -0.00520452  
0.0235843  -0.0156275  0.864687  4.39128  -0.79212  0.231045  16.1601  1.91706  3.01783  2.01217  0.472187  -0.220558  0.552201  0.299451  -0.305386  787.259  0.22581  0.205246  -1.14185  -0.236  -0.38844  0.89969  0.425436  -0.00520226  0.316803  -1.86339  7.92485  -3.44823  -2.00268  0.131119  
-0.0310203  0.0678142  0.461015  2.45273  -0.395444  3.83031  13.854  -2.32438  -1.55203  4.99849  1.45605  -0.700039  -0.00780318  -0.864763  -0.387551  959.805  0.169161  0.0410666  -0.544382  -0.884577  -0.337862  0.749084  0.305758  -0.422717  -0.352496  -2.62952  9.72844  -5.13875  -1.23253  0.286274  
0.0550681  0.290112  -0.10508  -1.02056  1.13938  5.31709  5.21351  -3.9762  -3.04716  7.26218  1.77152  -0.267949  -0.29104  -1.59907  -0.170644  577.141  0.00901496  -0.220396  0.630101  -1.13895  -0.0645283  0.0580727  0.0535676  -0.467232  0.427002  -1.90536  11.0342  -4.0423  -1.46718  0.52779  
0.216479  0.414391  -0.496857  -1.73985  2.25138  3.78208  -1.0944  -2.05566  -0.947563  7.25082  1.11219  0.430476  -0.151977  -1.34123  0.156422  -552.22  0.144066  -0.390826  1.69518  -0.761492  0.190585  -0.997604  -0.123262  -0.0772534  1.71398  0.0424731  11.4607  -1.56494  -1.0025  0.777403  
0.301391  0.37751  -0.519589  1.3084  1.73212  0.495988  -0.872674  0.694285  1.44328  5.66391  0.0258103  0.522301  0.145222  -0.380007  0.265587  -1838.77  0.128266  -0.341179  2.05696  -0.0341749  0.24477  -1.7558  -0.0508342  0.57367  1.97678  2.13142  9.55433  -0.666902  1.38569  0.829876  
0.238555  0.248233  -0.244985  4.43075  0.0228137  -2.46097  1.68898  1.35611  1.69448  4.62883  -0.614678  -0.0205679  0.288154  0.586655  0.0618459  -2353.43  -0.404247  -0.109058  1.57825  0.505411  0.142421  -1.56376  0.263038  1.0987  1.17394  3.29244  4.1887  -2.78026  4.22478  0.595906  
0.116707  0.0866885  0.0510326  3.25581  -1.24228  -3.68563  0.184246  0.130919  1.13409  5.30748  -0.450152  -0.479111  0.265137  1.08408  -0.154215  -1753.78  -1.05825  0.149439  0.564911  0.550553  0.120585  -0.401188  0.64412  1.12972  0.682707  3.31277  -3.65107  -5.91543  4.94534  0.268819  
0.0721745  -0.0949198  0.147039  -1.4258  -0.969206  -3.03971  -5.52563  -0.681089  1.85131  6.66786  0.0576924  -0.306784  0.249166  1.13059  0.0250667  -620.317  -1.19518  0.283913  -0.493055  0.226431  0.313988  0.944183  0.892496  0.657728  1.17289  2.90763  -10.7453  -6.34735  3.39902  0.143917  
0.119135  -0.257371  0.125192  -4.80233  0.29024  -1.34348  -8.83668  -0.157366  3.54408  6.62364  0.137911  0.247745  0.260685  0.949392  0.650969  194.7  -0.818161  0.241444  -1.20649  -0.123146  0.524998  1.43511  0.902259  0.158813  1.56416  2.93402  -13.7489  -2.47187  2.39941  0.272296  
0.144254  -0.324336  0.301978  -3.49327  1.04391  0.302399  -4.75026  0.1267  4.20096  4.00554  -0.459196  0.539027  0.121475  0.668217  1.27576  407.97  -0.557631  0.0954261  -1.43308  -0.264111  0.411224  0.694527  0.6955  0.209709  0.690671  3.53349  -11.6666  3.47331  4.11858  0.384951  
0.0661531  -0.266735  0.806228  0.452191  0.500508  1.10126  3.15851  -1.29298  3.03212  -0.53569  -1.17517  0.2626  -0.251724  0.284068  1.34791  415.911  -0.704584  -0.00974069  -1.25764  -0.192018  -0.0564874  -0.562125  0.381306  0.918936  -0.925005  3.9711  -6.36431  7.68524  6.80051  0.210067  
-0.0513975  -0.145215  1.26315  2.46623  -0.690592  0.908826  6.01621  -3.35255  1.63384  -5.22257  -1.19765  -0.363333  -0.583951  -0.163688  0.72598  654.402  -0.759971  0.0255551  -0.851914  -0.0241161  -0.432174  -1.16613  0.0857924  1.73994  -1.50774  3.28856  -0.819892  8.45355  6.53141  -0.186088  
-0.0786034  -0.0221394  1.06575  0.906126  -1.27358  0.163609  -0.378122  -3.7165  1.45632  -8.29334  -0.308201  -0.947589  -0.482303  -0.531227  -0.183201  1052.99  -0.117436  0.150694  -0.353552  0.138476  -0.218568  -0.594529  -0.109889  1.92473  -0.331526  1.24645  2.86817  7.03216  2.03073  -0.449959  
0.0187113  0.118856  0.0586479  -1.33005  -0.695623  -0.509317  -10.7278  -1.96348  2.02647  -8.85829  0.874264  -1.20462  0.115273  -0.721545  -0.774139  1171.43  1.02495  0.194877  0.152232  0.24568  0.568408  0.510138  -0.199729  1.15969  1.16627  -1.19818  4.15773  5.10603  -3.53963  -0.33255  
0.140766  0.320703  -1.12092  -0.491691  0.515578  -0.827696  -15.9199  -0.246944  2.02469  -7.32234  1.48796  -0.993013  0.771129  -0.798818  -0.747821  756.451  1.75094  0.051949  0.581481  0.264618  1.35373  1.041  -0.228804  -0.182554  1.15371  -2.45318  3.62844  2.67649  -5.94333  0.0413767  
0.172801  0.537255  -1.56483  3.44935  1.42529  -1.01076  -12.1813  -0.432832  0.619315  -5.17439  1.21314  -0.354782  0.929484  -0.883226  -0.328117  36.6413  1.47829  -0.166804  0.857208  0.180032  1.54616  0.595244  -0.245059  -1.42147  -0.44134  -1.64804  2.50741  -1.04542  -4.20199  0.314792  
0.104956  0.633032  -0.977308  6.9849  1.49673  -1.40066  -3.34862  -1.69826  -1.89418  -3.98894  0.448696  0.363297  0.448498  -0.943013  -0.0248781  -513.379  0.614251  -0.214505  0.96912  0.051352  1.064  -0.129827  -0.271291  -2.13647  -1.77766  0.385434  2.09089  -5.17354  -0.897454  0.269719  
0.0221475  0.524549  0.0176952  6.71208  0.834047  -1.90766  4.83678  -1.77323  -4.57626  -4.11807  -0.178736  0.731337  -0.266848  -0.789389  -0.15563  -622.917  0.131345  0.00146836  0.977794  0.0226717  0.317181  -0.0996341  -0.299917  -2.37996  -1.25349  1.73326  2.75032  -6.87758  1.10564  0.00438286  
0.00569838  0.278335  0.530434  3.25784  -0.0114255  -1.91842  10.1269  0.0941457  -6.14224  -4.48471  -0.378931  0.686128  -0.599536  -0.300017  -0.529452  -413.055  0.519033  0.260696  0.914169  0.214761  -0.235813  0.922751  -0.297708  -2.35206  0.659138  1.2453  3.2676  -4.14642  1.17702  -0.236512  
0.0669644  0.0383363  0.288424  0.20092  -0.365199  -0.857608  12.9559  2.3283  -5.27762  -3.8401  -0.289251  0.708808  -0.255742  0.380329  -0.619503  -194.264  1.31072  0.248759  0.707595  0.560375  -0.437361  2.05653  -0.215521  -2.01336  2.03703  -0.290577  1.94225  1.54016  0.259036  -0.340326  
0.161347  -0.109804  -0.187353  0.112856  0.146226  1.0851  12.953  3.15869  -2.09577  -2.13403  -0.174987  1.23244  0.496009  0.909295  -0.0943362  -140.227  1.64582  -0.0340787  0.279273  0.781203  -0.416758  2.09437  -0.0375661  -1.12322  1.45456  -1.11365  -1.21164  6.07067  -0.825185  -0.385109  
0.237456  -0.169514  -0.228261  1.22781  1.15807  2.88066  8.668  2.65479  2.1284  -0.427766  -0.149602  2.03844  1.03408  1.01247  0.813669  -164.458  1.12956  -0.187091  -0.29296  0.601831  -0.382694  0.763679  0.172447  0.283477  -0.614849  -0.52682  -3.8323  6.40615  -1.72533  -0.448238  
0.268816  -0.167395  0.283028  -0.258728  1.63286  3.39606  0.910603  2.24784  6.61753  0.311502  -0.160785  2.35027  0.910915  0.703158  1.49942  -83.2036  0.242165  0.150919  -0.749663  0.0462808  -0.459712  -0.833886  0.299133  1.64851  -2.5225  0.447558  -3.48373  3.3478  -1.86828  -0.436155  
0.256583  -0.121734  0.872481  -5.11027  0.688806  2.33017  -6.23049  2.81994  12.131  -0.153971  -0.107173  1.69984  0.245014  0.242632  1.52072  134.606  -0.135708  0.804374  -0.847161  -0.50681  -0.621007  -1.10359  0.287331  2.27952  -3.05144  0.547811  -0.433375  0.248616  -0.635202  -0.172673  
0.217253  -0.0767969  1.01991  -8.89863  -1.44853  0.45098  -8.65909  3.77909  18.3102  -1.64339  0.0947269  0.395951  -0.385715  -0.0933428  0.946816  314.372  0.359098  1.14838  -0.554425  -0.6253  -0.683281  0.446432  0.208992  2.03681  -2.30248  -0.0943179  2.55825  -0.681486  1.59268  0.335851  
0.169182  -0.0918347  0.66151  -6.51163  -3.45469  -1.03214  -6.29356  3.81401  20.9703  -3.74585  0.50253  -0.799623  -0.523769  -0.226437  0.213598  289.275  1.08835  0.770529  -0.0525033  -0.217072  -0.426116  2.42551  0.181548  1.42542  -1.24968  -0.279379  3.28856  -0.407291  3.4458  0.800561  
0.126562  -0.139911  0.173135  1.06871  -4.06204  -1.37317  -2.31911  2.31806  14.8639  -5.26979  1.0798  -1.43017  -0.308818  -0.293433  -0.263053  115.854  0.930662  -0.0298379  0.434763  0.380782  0.181847  2.61425  0.222992  0.946359  -0.521407  0.519687  2.26362  -1.38499  4.06759  0.90305  
0.102776  -0.0762468  -0.0314947  6.92779  -3.19479  -0.7345  0.470921  0.161951  0.156748  -4.41785  1.61124  -1.57405  -0.303814  -0.464898  -0.324881  10.6272  -0.556164  -0.522918  0.779329  0.7096  0.858704  0.110036  0.234032  0.49357  -0.00137627  1.38548  1.43033  -4.41021  3.98681  0.64674  
0.0984452  0.208784  0.121923  5.4976  -1.85991  0.121201  1.65099  -0.897505  -14.6193  -0.667427  1.73366  -1.51491  -0.846827  -0.75868  -0.107116  78.6398  -2.51071  -0.33697  0.943542  0.579742  1.20686  -3.5574  0.139771  -0.336523  0.735204  1.11538  1.50092  -7.59365  3.83704  0.384108  
0.0874414  0.598653  0.35928  -0.46802  -0.968558  0.536027  1.53053  0.0826145  -19.0238  3.66602  1.19675  -1.39268  -1.59636  -1.02129  0.0554761  173.394  -3.46828  0.164056  0.915688  0.178349  1.07852  -5.62153  -0.00145885  -1.43848  1.76185  -0.311386  1.44685  -8.32094  2.82344  0.441634  
0.0257954  0.791756  0.360088  -3.4191  -0.496303  0.494578  -0.101485  1.93705  -10.6518  5.11004  0.144903  -1.17577  -1.87024  -1.09089  -0.144036  99.9356  -2.73905  0.334684  0.685278  -0.154314  0.67823  -4.56796  -0.0808256  -2.00404  2.6836  -1.80356  0.443483  -5.7491  -0.378303  0.734542  
-0.0980399  0.607535  0.0873672  -0.0981039  0.134995  0.603942  -2.52762  2.22569  2.75243  2.83511  -0.891608  -0.79498  -1.32267  -0.995212  -0.671137  -111.425  -1.02405  -0.0181148  0.269143  -0.222368  0.257305  -1.41439  -0.0976226  -1.43166  3.14713  -2.43206  -0.800773  -1.20728  -5.00146  0.832084  
-0.228111  0.233278  -0.172274  4.46894  1.06035  1.39343  -2.78042  -0.135958  10.654  -0.0526193  -1.40683  -0.198792  -0.305451  -0.913277  -1.04543  -212.205  0.351261  -0.489114  -0.263161  -0.0934181  -0.196629  1.48945  -0.155463  -0.235018  3.01249  -2.18574  -1.14644  3.16376  -7.93526  0.442981  
-0.27451  0.0914628  -0.100113  4.12834  1.70086  2.52357  1.66016  -3.29038  8.80462  0.0146977  -1.34104  0.57532  0.517848  -0.987772  -0.729711  -36.6142  0.719074  -0.614579  -0.770471  0.0141394  -0.811868  2.6579  -0.292026  0.269378  2.14244  -1.55472  -0.762042  5.75603  -7.05858  -0.213856  
-0.194574  0.410116  0.308949  -0.140774  1.53591  2.77444  8.59788  -4.13546  1.22325  2.66813  -1.07117  1.30248  0.771566  -1.12234  0.253596  279.106  0.421143  -0.3823  -1.0578  -0.0455047  -1.41521  2.37296  -0.373466  -0.615642  0.447993  -0.866568  -0.953715  5.98734  -4.16563  -0.585398  
-0.0298587  0.944663  0.70378  -1.10365  0.886601  1.19549  11.6312  -1.71019  -5.61627  4.01391  -0.937944  1.6782  0.619434  -1.08763  1.20903  427.207  0.074185  -0.13722  -0.97824  -0.191483  -1.49377  1.65575  -0.231955  -2.08715  -1.66475  -0.203604  -2.37359  4.38028  -3.0345  -0.33018  
0.141871  1.17058  0.698883  5.34885  0.631525  -1.60684  6.58546  1.5358  -8.55101  1.50324  -0.854066  1.64895  0.4875  -0.762352  1.39612  262.602  -0.14954  -0.0965134  -0.570596  -0.173618  -0.749813  0.960137  0.118069  -2.58155  -2.89469  0.429955  -4.04811  2.40708  -4.24002  0.333176  
0.276858  0.789362  0.251665  14.3784  1.14198  -3.61245  -3.06862  2.28916  -8.90358  -2.74323  -0.460908  1.59275  0.623373  -0.31487  0.770037  -49.8985  -0.298583  -0.121571  -0.0793926  0.165458  0.400248  0.167114  0.453923  -1.43044  -1.90049  1.18627  -4.32366  1.6789  -3.39729  0.82527  
0.372447  0.0205578  -0.290244  16.8402  1.76839  -3.17437  -9.05189  -0.0481728  -9.30393  -4.53514  0.320201  1.8867  0.920984  -0.0427199  -0.0234835  -223.968  -0.102516  0.0427717  0.231069  0.671193  1.10166  -0.585553  0.557225  0.432606  1.0864  2.36328  -2.46541  2.49407  3.93425  0.740618  
0.424504  -0.611097  -0.509171  8.5693  1.57261  -0.662779  -6.60298  -2.72137  -10.2717  -2.7537  1.0431  2.35382  1.05379  -0.108288  -0.365816  -153.558  0.865417  0.426457  0.301735  0.963476  0.904284  -0.725027  0.420472  1.45063  3.8439  3.90466  0.69178  3.60005  15.667  0.196836  
0.408565  -0.749184  -0.271372  -5.32719  0.464925  1.85201  0.842591  -2.54285  -10.2375  -0.56828  1.13658  2.23224  0.791486  -0.388469  -0.221872  16.8717  2.30284  0.795606  0.294664  0.798398  0.18475  -0.087393  0.231942  1.03919  3.86805  4.9415  3.21073  3.59208  23.4332  -0.303875  
0.306514  -0.482905  0.224274  -15.1251  -0.636987  2.61109  5.44907  0.825115  -7.42635  -1.4361  0.516615  1.02103  0.185201  -0.631439  0.0290032  109.043  2.90619  0.87384  0.370963  0.325758  -0.366544  0.547512  0.178486  0.0315197  1.02048  4.39155  3.27876  2.41874  20.3418  -0.344841  
0.134442  -0.188774  0.670333  -14.2503  -0.811985  1.59561  2.60275  4.56493  -2.12493  -5.01502  -0.311561  -0.82497  -0.466528  -0.698662  0.125954  127.847  1.63789  0.559847  0.492491  -0.0555886  -0.524048  0.189582  0.266042  -0.372876  -2.08398  2.30052  0.783921  0.978248  8.21241  0.0404145  
-0.0600031  -0.1312  0.874041  -4.18805  -0.112737  0.0778024  -5.52382  5.56245  3.05853  -7.79309  -0.79298  -2.10866  -0.883656  -0.692421  0.120073  200.738  -0.748181  -0.00262956  0.474706  -0.103298  -0.61948  -1.08908  0.326012  0.0635753  -2.62058  0.225655  -1.84811  -0.345762  -3.93214  0.433556  
-0.2172  -0.228653  0.797962  7.23662  0.609821  -0.816506  -12.6595  3.34731  5.70449  -6.91782  -0.868107  -2.014  -1.02291  -0.786617  0.148868  343.458  -2.05417  -0.512116  0.2307  0.0512359  -0.92634  -2.02417  0.192538  0.497402  -0.565709  -0.205105  -1.22559  -1.65832  -8.55175  0.445156  
-0.282276  -0.184591  0.508586  11.7279  0.718896  -0.789017  -13.6464  0.173503  5.74139  -2.6454  -0.891938  -0.886563  -1.03295  -0.945655  0.223938  381.507  -0.983324  -0.70558  -0.0961513  0.0979011  -1.22669  -1.50378  -0.105454  0.122808  1.30729  0.893332  3.50839  -2.14161  -5.97015  0.0784921  
-0.229638  0.154956  0.152992  6.93816  0.396895  0.0027504  -7.64688  -1.4693  5.4327  2.68394  -1.06149  0.0917777  -0.966661  -0.856225  0.30963  152.418  1.03578  -0.557392  -0.262174  -0.102353  -1.1069  0.147098  -0.337881  -0.779631  0.71653  1.72059  8.83557  -0.0763844  -2.3373  -0.308102  
-0.0933162  0.592806  -0.0553992  -1.44561  0.220898  1.29384  1.48976  -1.03355  6.96116  6.86437  -1.07778  0.0509003  -0.64258  -0.312187  0.442546  -261.75  1.10195  -0.294434  -0.167523  -0.408322  -0.515746  1.47807  -0.303567  -1.1073  -1.51796  0.799766  9.73235  4.54338  -2.54165  -0.3865  
0.0439304  0.747699  0.0285281  -4.82746  0.373414  2.50918  7.60004  0.196308  9.69362  8.85267  -0.485254  -0.792831  0.111416  0.328711  0.646088  -567.274  -1.68614  -0.157517  0.06241  -0.586886  0.18584  1.49109  -0.0842543  -0.214232  -2.38423  -1.3658  5.01632  8.2915  -5.93968  -0.16788  
0.12471  0.469854  0.322022  0.585867  0.483118  2.73116  6.34907  0.841522  10.4101  8.5346  0.701506  -1.43135  1.1001  0.276573  0.789445  -554.868  -4.57165  -0.129231  0.244941  -0.529285  0.665738  0.690631  0.00315312  1.26065  -0.390574  -3.04592  -0.969961  7.02427  -8.30916  0.0797902  
0.172141  0.05781  0.525968  9.75209  0.174553  1.44893  -1.11847  0.633069  6.71683  6.43604  1.8239  -1.09479  1.75889  -0.813244  0.665805  -301.556  -3.80101  0.0187492  0.337372  -0.278945  0.894867  0.436372  -0.218793  1.98674  2.50815  -3.41391  -2.97734  0.913394  -6.79135  0.161209  
0.250379  -0.00923375  0.414688  13.9068  -0.444581  -0.68987  -8.44854  0.194291  0.185567  3.44286  2.09808  0.0347285  1.66231  -2.22697  0.257597  -60.2889  0.989751  0.391807  0.428313  0.0730887  0.952411  1.38768  -0.502181  1.29469  3.05899  -3.30011  -0.752115  -4.59422  -2.49456  0.139217  
0.35416  0.380149  0.127262  8.60993  -0.958532  -2.29583  -9.134  0.107385  -4.07293  0.355381  1.30151  1.01452  0.95297  -2.81153  -0.152411  10.5742  5.73998  0.76142  0.550846  0.449858  0.788954  2.76903  -0.401238  -0.192182  0.40741  -3.67488  0.916042  -4.25381  0.957256  0.192079  
0.373643  0.754835  0.0988098  -2.02081  -1.14143  -2.56881  -2.15895  0.31937  -2.02438  -2.29084  -0.0376313  1.03719  0.217639  -2.46214  -0.217271  -41.2852  6.05216  0.77545  0.564899  0.763958  0.363875  3.18146  0.170329  -1.32419  -2.78653  -4.00206  -1.80032  1.11934  0.960594  0.356759  
0.204925  0.507661  0.603159  -9.63176  -1.11448  -1.98956  7.18921  0.179378  4.864  -3.90726  -1.08565  0.194712  -0.12433  -2.45337  0.0947509  -78.3699  1.91455  0.362461  0.284558  0.903957  -0.0888273  2.05681  0.738457  -1.59046  -3.22438  -2.80341  -6.88394  5.43165  -1.86729  0.487009  
-0.0999425  -0.389683  1.36812  -8.99722  -1.02184  -1.49885  12.0704  -0.925456  10.2413  -3.7951  -1.29485  -0.604318  -0.142536  -3.83731  0.391147  -23.4402  -2.35833  -0.167376  -0.265347  0.79301  -0.156697  0.192018  0.752267  -1.40936  -0.551445  0.171982  -8.7291  4.1668  -4.48308  0.457326  
-0.325681  -1.22007  1.7177  -1.76595  -0.752463  -1.23723  9.8378  -2.73987  8.31741  -2.13806  -0.68998  -0.507302  -0.170049  -5.47986  0.192084  114.632  -2.88481  -0.433825  -0.765884  0.468223  0.313804  -1.09941  0.24389  -1.36305  2.37335  3.05083  -4.63461  -0.810232  -4.25917  0.317591  
-0.271834  -1.1888  1.21008  6.18232  -0.104987  -0.496261  3.7403  -3.94097  -0.286832  -0.548178  0.243728  0.454648  -0.342336  -4.63897  -0.511055  290.614  -0.141294  -0.355045  -0.854953  0.0941246  0.987552  -1.23714  -0.165712  -1.47722  2.67522  3.53764  2.22482  -3.8873  -1.29531  0.208502  
0.0463659  -0.269836  0.112864  10.5812  0.824555  1.06815  -0.614725  -3.24311  -8.25278  -0.633735  0.879425  1.38453  -0.55158  0.0360877  -1.08013  437.676  2.1703  -0.16979  -0.481198  -0.118107  1.31706  -0.782531  0.0292733  -1.3284  0.518882  1.3131  6.52499  -2.40291  2.03982  0.167562  
0.392401  0.71863  -0.79516  11.3493  1.55534  2.62428  -0.304601  -0.908456  -8.22618  -1.71691  0.843353  1.44563  -0.697349  6.29073  -0.72643  468  1.51046  -0.136905  0.021936  -0.052684  1.00335  -0.645606  0.614122  -0.69367  -1.34704  -1.59347  6.33037  0.938046  3.61344  0.0957549  
0.518009  0.934262  -0.939913  10.6064  1.60667  2.90836  2.51947  1.27018  0.0498341  -1.09759  0.298442  0.700176  -0.807012  9.92726  0.644086  341.779  -1.13273  -0.261552  0.265926  0.206515  0.171078  -1.06221  0.884092  0.160443  -0.916038  -2.79558  4.0282  2.05671  3.29555  -0.0674341  
0.382917  0.317596  -0.432919  8.4413  0.949007  1.70509  3.12128  1.88657  9.13382  2.51983  -0.1468  0.0372046  -0.827145  8.79202  2.12685  142.358  -3.04423  -0.322307  0.194032  0.422906  -0.795667  -1.40297  0.42786  0.774449  0.852884  -1.63876  2.4771  0.74522  2.16152  -0.205062  
0.164756  -0.446903  0.134645  3.16624  0.0599896  0.191256  -0.703847  1.41811  10.6037  6.73973  0.00914988  0.187688  -0.529788  4.74115  2.53694  22.5388  -2.90811  -0.122252  0.0867937  0.41467  -1.47448  -0.95598  -0.448463  0.903115  1.37924  0.590082  1.77001  0.489809  0.761464  -0.135714  
0.0590068  -0.701062  0.326056  -4.68601  -0.479369  -0.294013  -5.92015  1.21661  3.17393  7.83533  0.576469  0.92179  0.172095  1.37014  1.5525  46.3839  -1.6396  0.296113  0.190224  0.238249  -1.5492  0.250254  -1.08205  0.567504  -0.264115  2.06498  0.22468  3.66006  -1.15253  0.150181  
0.0926896  -0.412333  0.217356  -10.7348  -0.440009  0.34517  -7.34832  1.41384  -6.24893  5.32248  0.757618  1.28812  0.936829  0.337637  0.0689363  112.853  -0.718199  0.681915  0.4329  0.131935  -0.941659  1.48482  -1.12605  -0.0824411  -2.2668  1.85463  -2.57283  8.21182  -3.54788  0.435018  
0.148698  -0.0091318  0.159559  -11.7819  -0.0532777  0.991211  -3.70091  1.0121  -10.7726  2.71366  -0.0192027  0.701131  1.25871  0.474498  -0.707574  63.6727  -0.56325  0.834556  0.569951  0.247397  0.0810134  2.1303  -0.798073  -0.774382  -2.53585  0.37004  -4.90232  9.74136  -5.83294  0.496784  
0.14024  0.192438  0.31868  -11.5948  0.26091  0.643289  0.0668469  0.175146  -11.0487  3.26679  -1.37117  -0.369944  1.08694  0.0893429  -0.441283  -142.194  -0.680911  0.811235  0.543117  0.454987  0.991887  2.29774  -0.541718  -1.10133  -1.52818  -1.14022  -5.07351  6.37312  -7.92535  0.360619  
0.104382  0.25613  0.530606  -17.3358  0.25224  -0.550199  -2.22489  0.886218  -13.1038  6.21938  -2.24516  -0.900252  0.894619  -0.84746  0.155558  -382.411  -0.6948  0.83666  0.54928  0.47285  1.34094  2.52191  -0.563002  -0.761317  -1.73588  -1.57572  -3.39456  0.549807  -10.514  0.260141  
0.116113  0.358077  0.578968  -29.0279  -0.00878727  -1.6098  -10.2611  4.06482  -19.3152  8.21924  -1.9849  -0.45023  1.04281  -1.22624  0.303126  -494.671  -0.662831  0.987625  0.71604  0.202592  1.08183  2.93983  -0.718337  0.0626695  -4.08173  -0.825029  -1.48762  -3.70769  -13.2642  0.344266  
0.161058  0.454342  0.478613  -34.7735  -0.249973  -1.78659  -15.8165  7.04154  -23.28  7.47966  -0.983684  0.359906  1.20158  -0.619921  0.0186937  -424.247  -0.65708  1.03378  0.843563  -0.122834  0.562121  2.95466  -0.740922  0.702412  -6.04049  0.125225  -0.301157  -4.54972  -13.5213  0.486248  
0.152627  0.341329  0.41788  -21.682  -0.251838  -1.08341  -10.5215  5.8213  -16.2595  5.09997  -0.137947  0.582559  0.730323  0.26986  -0.112533  -230.29  -0.526936  0.670651  0.602546  -0.184242  0.174981  1.88479  -0.498327  0.539031  -4.15368  0.135304  0.478459  -2.89558  -8.44681  0.443201  
0.0643455  -0.014256  0.479215  8.86417  -0.0297039  0.0658033  4.96809  0.104154  1.45891  2.5777  0.21397  0.0460773  -0.453139  0.877333  0.159806  7.27082  -0.184426  -0.0854664  -0.0273555  0.0547056  0.0105698  -0.161796  -0.0602923  -0.368487  1.68239  -0.898757  1.35588  -0.354914  1.30213  0.171936  
