0.436949  2.08402  1.0368  7.48436  0.161827  1.63613  2.60947  13.8331  -0.57091  -0.79695  1.20109  4.08681  -0.154771  -4.20039  -59.3675  -1.11661  -8.48767  -13.1604  -1.27411  1.07882  2.94467  -0.0304439  2.01257  -67.8907  -4.09774  -2.6683  0.969038  0.828829  5.82006  10.6358  
0.239671  -3.16488  -3.55267  -9.20398  0.67339  2.40217  -1.74105  -7.81914  1.97478  -1.11438  -3.42114  -5.56572  0.362775  -10.093  20.0692  0.988671  14.6624  16.3997  3.165  7.32665  -2.97019  -3.75247  -2.53308  -12.9784  5.84496  -28.278  2.37924  1.47558  2.40484  -6.71664  
-0.177162  -6.48243  -6.51778  -16.3767  0.667509  0.0412198  -5.22922  -14.6692  3.1064  -2.45957  -6.33761  -10.2911  1.41992  -9.51474  78.1138  -0.0725012  44.769  35.1836  5.26478  4.12185  -7.75438  -6.59231  -5.43281  54.2596  13.204  -39.0493  3.32959  2.34748  -0.356194  -17.6066  
-0.868122  -7.14944  -7.02447  -12.2787  0.0443637  -5.29789  -7.23199  -8.59804  2.31272  -4.78257  -6.70192  -9.70292  2.20945  -2.58903  99.0591  -3.62594  72.4813  38.8891  4.29521  -6.81492  -10.844  -7.89369  -6.0626  102.165  16.4112  -32.6435  3.15174  3.29786  -3.57815  -20.0071  
-1.63474  -6.01642  -5.75529  -3.68358  -0.793373  -10.0201  -7.73172  -3.71178  0.198534  -6.96219  -4.89363  -7.24757  1.34643  5.00246  84.3805  -5.77325  79.0299  31.4493  1.59504  -14.4767  -12.1199  -7.36444  -5.04846  84.9578  15.3593  -19.4382  1.49733  3.83199  -8.36596  -17.7903  
-2.10756  -4.63039  -4.63599  0.576264  -1.27314  -10.3457  -7.26704  -7.22682  -2.02171  -7.80008  -2.30776  -5.74221  -1.14263  8.64367  55.7533  -3.62362  57.7234  20.9291  -0.530949  -11.0627  -11.3646  -5.14081  -3.57684  10.4194  11.2229  -10.9131  -0.946428  3.50927  -12.7428  -16.9211  
-2.00678  -3.86459  -5.13302  -2.84219  -1.13523  -5.82314  -6.32343  -11.3666  -3.21011  -6.9806  -0.710391  -4.77445  -3.37145  8.83596  36.0649  1.79927  23.9981  13.6291  -0.658019  -0.578598  -8.26  -1.78216  -2.49353  -50.1149  5.94359  -8.91434  -2.72856  2.35376  -12.5614  -18.9488  
-1.39709  -3.34457  -6.62581  -9.88085  -0.624025  0.3373  -4.72423  -6.45378  -2.89839  -5.13966  -1.27437  -2.73475  -3.51794  8.81964  24.711  6.9007  0.994378  10.9485  0.695436  5.89677  -3.18634  1.79499  -1.91052  -33.3143  1.5451  -6.49459  -2.94606  0.878683  -6.58  -18.6521  
-0.654767  -2.21768  -6.85842  -13.7787  -0.197601  4.4088  -1.93859  3.99679  -1.52312  -3.21199  -3.6611  0.144671  -1.85721  10.0834  0.0697548  8.94949  -2.33336  10.5801  1.76917  2.40097  2.2234  4.47466  -1.46646  45.3596  -0.484104  2.18393  -2.12094  -0.259051  0.505473  -10.1708  
-0.12081  -0.369555  -4.35209  -11.8617  -0.0412471  5.37738  1.98292  7.71588  -0.0945649  -1.77736  -5.95359  1.94864  -0.390198  11.2257  -47.8545  7.5873  4.0851  9.77604  1.38321  -5.74433  5.82153  5.19927  -0.823278  108.619  0.115515  14.55  -1.49867  -0.72554  2.06478  4.33148  
0.215587  1.30428  -0.120783  -7.80564  0.0962405  5.00132  5.92567  1.42518  0.668512  -0.893808  -5.97195  1.8342  -0.480613  10.2588  -95.3206  3.72207  6.2556  7.64964  0.0364735  -8.05355  6.43431  3.36308  0.0705987  102.051  2.0851  22.5712  -1.49673  -0.709363  -3.07454  14.5299  
0.623523  1.84679  3.35007  -6.73686  0.54758  5.04275  8.38211  -3.61859  1.02599  -0.292475  -3.1818  1.29512  -1.3468  6.50021  -104.396  -1.53197  0.647703  5.15373  -0.848826  -0.381313  4.59227  -0.735871  1.00705  47.3947  3.38691  21.5029  -1.22546  -0.702627  -8.62379  12.2439  
1.19395  1.22603  4.53068  -8.78868  1.25155  5.19202  8.52033  3.14126  1.82004  0.350835  0.651142  2.04514  -1.18084  0.592952  -63.7961  -6.23971  -6.8605  3.55152  -0.633053  10.3373  1.75182  -5.62185  1.61621  8.56781  2.47251  14.1109  0.227173  -0.992974  -7.36816  0.761792  
1.60491  0.288056  3.95693  -8.7231  1.72614  4.03539  6.6263  16.5998  3.26956  1.17665  2.96991  3.57525  0.564061  -5.97021  -3.80483  -7.50288  -10.7541  3.1921  -0.10812  13.1249  -0.988509  -8.92567  1.46131  17.8032  -0.578827  6.7983  2.28772  -1.29866  0.751634  -8.52598  
1.44407  -0.123045  3.10345  -3.27607  1.56573  1.44479  3.77651  22.3098  4.37339  1.99005  2.74119  3.6627  2.54271  -10.8651  32.6402  -3.81664  -10.3562  3.51759  -0.352583  4.6115  -3.26974  -8.4794  0.275764  45.5725  -4.03482  3.46737  3.14947  -0.973581  8.40129  -8.72838  
0.743673  0.14462  2.72997  2.67681  0.908089  -0.921527  1.30969  15.4014  3.79677  2.38164  1.20227  1.31364  3.14082  -11.7  31.2736  2.26118  -6.21943  3.77452  -1.25255  -6.97879  -4.86636  -3.83926  -1.65048  40.0448  -5.97684  3.43084  1.69114  0.246457  8.89368  -4.17158  
0.0420158  0.607383  2.5831  0.280638  0.312845  -1.69918  0.186013  6.01443  1.355  2.21072  0.272554  -1.81801  2.31194  -7.92391  15.3864  5.47141  1.78738  3.32624  -1.57533  -10.2267  -5.22084  2.78409  -3.35007  -15.6896  -5.90096  3.70584  -1.13253  1.66886  3.16777  -3.33449  
-0.165776  0.687737  2.25045  -11.7545  0.170665  -1.54297  0.177823  4.73617  -1.63297  2.00174  0.492403  -3.36097  1.42966  -1.82514  15.7174  3.22261  10.4088  1.44085  -0.538022  -2.72213  -3.86894  7.46518  -3.68439  -87.7149  -5.1235  2.02409  -3.09744  2.0789  -1.96973  -7.59839  
0.051913  0.203857  1.75483  -23.4588  0.315567  -2.00537  -0.319633  8.98698  -3.53382  2.63464  0.796075  -3.14648  1.48583  3.14546  37.2542  -1.0829  11.4982  -2.40294  1.11784  6.36466  -1.12378  7.42858  -2.27404  -125.43  -5.28829  -1.70347  -2.8379  0.935445  -1.67435  -10.5375  
0.221928  -0.493021  1.36092  -24.0015  0.277557  -2.88013  -2.90612  8.51712  -3.72963  4.35989  0.211513  -3.22386  2.00275  5.13223  55.7701  -1.69409  -0.229968  -7.28699  1.94472  6.51319  1.96514  3.714  0.0450745  -105.413  -6.31393  -5.11034  -0.933001  -0.960554  2.2626  -7.90775  
0.0889959  -0.825661  1.13831  -14.6336  -0.136149  -1.8558  -6.89545  0.420772  -2.7582  6.10898  -0.707443  -5.00329  1.86936  4.64787  44.5066  2.44024  -17.5766  -10.3839  1.50739  -2.48615  4.33489  0.783783  1.82899  -44.587  -6.45451  -4.49454  1.05563  -2.25161  4.48829  -4.13598  
-0.0866555  -0.489806  0.894025  -6.30682  -0.614073  2.48401  -8.92645  -7.74442  -1.40479  6.07172  -0.490863  -7.09407  0.85611  2.95955  3.02173  5.87823  -23.9621  -8.84008  0.839443  -10.6769  5.44505  2.60889  2.26869  20.2465  -4.36741  2.18715  2.26189  -2.43066  2.26606  -6.1169  
0.0899479  0.322383  0.406444  -4.73408  -0.700096  7.86388  -5.86294  -9.15932  -0.0419287  3.33175  1.3589  -6.90524  -0.231366  0.528914  -41.4875  3.13927  -10.1488  -2.98356  1.0703  -9.38543  5.13694  8.63336  1.89287  60.8671  -0.890917  12.8408  2.99151  -2.08939  -2.43879  -12.2262  
0.607891  1.2152  -0.39834  -3.11791  -0.285949  9.79087  1.44763  -5.76119  1.18569  -0.956765  3.48831  -4.02563  -0.905762  -2.38113  -60.3435  -4.05554  14.4868  2.89285  1.97408  -0.390404  3.34612  13.811  1.93699  71.0924  1.80167  22.2286  3.77776  -1.73284  -6.18654  -11.7145  
1.03816  2.0027  -1.3708  5.8946  0.307563  6.23289  8.13544  -2.61214  1.96973  -4.14314  3.9008  -1.00196  -1.86606  -4.27834  -50.3594  -7.81833  29.9415  3.78141  2.27364  7.33625  0.294543  13.273  2.9294  60.7572  2.76255  25.911  4.42453  -0.873513  -7.69351  2.95642  
1.01014  2.69399  -2.18611  16.228  0.668675  0.0412096  9.78087  0.395393  1.942  -4.16975  1.92713  -0.151854  -3.98707  -2.92155  -32.5719  -2.86728  24.5097  -1.53579  1.24606  7.85167  -3.07602  7.08495  3.93372  43.4566  3.00317  22.6983  4.20872  1.14136  -7.75615  25.1097  
0.561542  3.0978  -2.51739  13.6583  0.621356  -3.95326  6.70992  6.15392  1.12902  -1.36239  -1.1338  -0.338906  -6.58748  2.11579  -24.7846  7.25867  4.6627  -9.28031  -0.403554  2.78091  -5.25988  0.144721  3.3514  30.2053  3.26569  13.2564  2.82011  3.65841  -6.97303  37.7804  
-0.00539129  2.77225  -2.23445  -4.02644  0.252865  -3.95259  3.12148  12.2312  0.0489124  1.77729  -3.2545  1.78911  -7.42475  7.62903  -20.4889  13.7461  -14.3203  -14.1608  -1.42929  -3.32915  -5.09108  -2.85656  0.615885  26.9053  2.08892  -2.00305  0.82038  4.78508  -5.10309  29.7332  
-0.467912  1.60434  -1.38482  -20.7042  -0.253275  -2.40364  2.05085  11.5576  -0.672386  2.70192  -3.41971  7.23581  -4.93874  8.68764  -0.101035  11.5172  -22.9636  -13.7685  -1.45972  -8.69624  -2.59272  -1.91078  -2.95607  30.1083  -2.52725  -21.1386  -0.850645  3.3157  -2.53697  6.94458  
-0.791987  0.216791  -0.106421  -20.5864  -0.732321  -2.29937  2.22367  2.47258  -0.715131  0.976706  -2.23086  12.3759  -0.218706  3.26175  38.6593  3.53426  -22.3318  -9.45087  -1.19205  -13.7303  1.05269  -0.855933  -5.13582  27.7679  -9.27841  -37.2384  -1.70055  0.159642  -0.724854  -12.3838  
-0.987476  -0.556313  1.27447  -8.90068  -1.05838  -3.44264  0.482695  -6.24803  -0.0983054  -1.49337  -1.10805  12.2854  3.77604  -4.89394  69.6332  -3.43801  -17.4376  -3.56648  -1.30827  -17.1204  4.32841  -2.50178  -4.72498  12.0966  -12.839  -40.4747  -1.97664  -2.51609  -0.340127  -14.5211  
-1.00743  -0.589012  2.11318  -5.55747  -1.15925  -3.28555  -3.51784  -3.91365  0.989705  -2.29795  -1.02458  6.21942  5.05901  -9.06087  65.0321  -5.65836  -10.5528  2.96711  -1.64268  -15.697  6.33442  -5.58655  -2.54753  -5.46084  -8.73463  -26.7477  -2.26318  -3.41792  -0.0102078  -2.30798  
-0.815262  -0.572702  1.77988  -18.6099  -1.02978  -0.715515  -6.45716  9.59952  2.18153  -0.65603  -1.80918  -1.29007  4.28207  -5.93859  28.6101  -4.43572  -0.985645  10.2069  -1.58841  -8.47112  7.09751  -6.81021  -0.54249  -0.527361  1.12546  -4.07967  -2.82359  -2.93112  1.81477  8.65066  
-0.446169  -1.03742  0.497923  -31.9409  -0.683033  2.36137  -5.31811  22.4198  2.86451  2.08217  -2.40517  -4.88958  3.41766  0.75381  -6.20089  -2.95324  12.517  17.2139  -1.0582  1.23  7.11625  -4.97114  0.0703809  34.0311  9.43255  12.7331  -3.25976  -1.92049  3.77669  5.42305  
0.0341896  -1.58562  -0.465614  -24.6407  -0.105372  3.41675  -1.00131  22.0814  2.43342  3.83421  -1.81044  -3.50353  3.36014  3.854  -13.3876  -2.82124  29.6387  21.5771  -0.672325  8.68941  6.63818  -2.10116  -0.324861  67.6352  10.8326  15.7342  -2.79679  -0.456917  2.12235  -10.2297  
0.554796  -1.40991  0.0108841  2.43443  0.648689  2.1488  2.93693  7.6354  0.829557  3.56902  -0.0333437  -0.350234  3.3441  0.119808  -1.62255  -3.54415  46.6365  21.1623  -0.962295  11.8771  5.34479  -0.594559  -0.539043  57.8335  7.40032  10.8435  -1.04506  1.74735  -4.29188  -24.4988  
0.955876  -0.448955  1.41983  26.3798  1.28475  0.244564  4.44286  -9.79502  -1.23984  1.81484  1.69882  1.11532  2.64067  -6.48562  -0.377699  -3.81898  54.678  15.9372  -1.6427  11.8448  2.78053  -0.378979  0.00502283  2.58616  5.68328  9.90627  1.39085  4.04246  -10.3209  -25.716  
0.977446  0.422399  1.91562  28.5446  1.333  -0.954837  4.63671  -17.8558  -2.82546  -0.271987  1.86062  0.478462  1.93339  -9.31111  -22.6316  -2.67279  43.3224  8.02253  -1.87592  10.1913  -0.880493  0.370109  0.797361  -43.0721  8.49815  16.375  3.17512  4.84838  -8.11113  -15.4787  
0.474565  0.458445  0.457306  14.153  0.565342  -1.41698  5.25984  -14.3745  -3.52837  -2.03366  0.0571408  -0.551242  2.4432  -6.14558  -50.2335  -0.14113  10.275  0.346873  -1.20667  7.62837  -4.50477  2.23307  1.00829  -19.4061  11.3624  21.134  3.34514  3.29541  4.05699  -5.46017  
-0.315247  -0.0282163  -1.66419  3.1412  -0.614957  -1.2267  5.84813  -7.67675  -3.64592  -3.46015  -2.38503  -0.831214  4.02567  -0.898556  -57.606  2.38408  -31.1963  -4.78964  -0.0835304  4.85029  -6.58329  3.43357  0.465224  67.8172  8.02473  13.6466  2.22061  0.437374  17.5179  -4.14159  
-0.847514  -0.169053  -2.10919  6.19666  -1.34376  0.199248  4.53607  -5.95605  -3.51265  -4.55553  -3.42618  -0.863335  4.80323  1.58182  -40.6995  3.00404  -58.5539  -6.64871  0.598654  3.17533  -6.31846  2.02406  -0.256143  142.292  -1.86658  -4.54534  1.09426  -1.69066  20.2042  -8.56796  
-0.72871  0.203088  -0.245415  15.619  -1.02588  3.01039  1.14006  -8.11085  -2.93674  -4.92412  -2.08581  -1.31966  3.08233  0.9195  -15.6358  1.37198  -57.1587  -6.49588  0.414857  3.26386  -4.2293  -1.48742  -0.523588  132.851  -11.8844  -19.9423  0.918745  -2.19605  9.08824  -9.7669  
-0.11019  0.222218  2.0141  17.3399  0.0616245  5.67368  -1.91165  -7.13798  -1.55715  -4.11459  0.722195  -1.82366  -0.647249  0.377544  3.23541  -0.325439  -32.132  -7.03506  -0.179839  3.69476  -1.68594  -4.45886  -0.216218  48.2994  -15.6632  -20.4965  1.3969  -2.02671  -5.47795  -3.89559  
0.433238  -0.894419  2.45355  6.51565  0.961328  5.78023  -2.18692  -1.1535  0.328104  -2.24097  3.09441  -1.45524  -3.94289  1.71749  14.7646  0.448831  -3.12701  -10.3468  -0.399613  1.88749  0.185084  -4.92613  0.370376  -33.8518  -12.8306  -7.20061  1.45728  -2.42828  -9.75578  4.53758  
0.436379  -2.67709  1.08839  -10.6027  0.894737  2.34377  0.0928341  3.67807  1.6868  -0.0382357  3.83721  -0.135559  -4.66151  2.77637  19.8705  3.2148  12.4769  -15.5865  -0.0749082  -3.23622  1.14271  -3.43439  0.933724  -52.4591  -7.48635  8.35053  0.486629  -3.10164  -1.11466  9.69112  
-0.0658546  -3.68278  -0.166433  -24.9751  -0.0416746  -3.07769  2.57854  3.03993  1.70612  1.66635  3.31832  1.19335  -2.97014  0.904649  12.3319  4.39904  11.8735  -18.9427  0.0526486  -9.83864  1.50095  -1.96369  1.33983  -21.9855  -2.72889  16.1961  -1.10646  -2.49701  9.04312  10.9109  
-0.648425  -2.94446  -0.0853086  -31.2153  -1.01962  -7.43955  3.54909  2.44569  0.638251  2.40341  2.77765  1.56117  -1.09556  -2.64763  -10.7768  1.59538  4.86818  -16.8651  -0.823608  -14.4898  1.41549  -1.54447  1.52812  -1.17388  1.44053  16.0133  -2.47847  0.00157727  7.73441  10.5648  
-0.932939  -0.911065  0.469565  -27.2169  -1.2964  -8.32484  3.22653  9.52066  -0.540435  1.98224  2.91607  0.857998  -1.17012  -3.56636  -35.1775  -2.92976  2.02444  -9.60598  -2.41433  -14.8622  0.721634  -1.48167  1.48142  -16.2523  5.18855  13.4833  -3.17302  2.69541  -5.46914  8.55646  
-0.882179  1.17768  0.0225143  -13.3208  -0.888839  -5.27702  2.53195  19.8822  -1.24957  0.323072  3.17485  -0.26317  -3.24978  0.126442  -37.0664  -4.26134  6.33263  -1.10271  -3.28763  -11.4555  -0.555574  -0.65201  1.35139  -34.5571  6.33089  12.0041  -3.23153  3.03436  -18.3166  3.11423  
-0.718091  2.55621  -1.34803  6.35225  -0.450084  0.0966873  1.53056  18.8326  -1.77884  -2.25304  2.38252  -1.052  -5.33595  5.0371  -8.84476  -0.383643  12.4349  4.96211  -2.30284  -7.01689  -1.79406  0.979786  1.44875  -15.1743  2.6854  9.67202  -2.78707  0.477874  -19.449  -3.6454  
-0.624499  3.3457  -2.07527  23.5747  -0.506828  4.99756  -0.259466  0.676145  -2.49656  -4.55702  0.125192  -1.12208  -5.39329  5.91279  28.2738  5.38894  12.4273  8.59784  -0.0582219  -4.16799  -2.13528  2.44466  1.8612  33.2222  -4.296  3.42466  -1.91772  -2.56992  -9.85646  -5.55456  
-0.55392  3.88238  -1.21471  30.763  -0.849868  7.00139  -2.58988  -19.7156  -2.91147  -4.85298  -2.53534  -0.640293  -3.32032  1.73299  42.5518  7.95497  2.21791  12.3524  1.45984  -3.08566  -1.29912  2.96074  2.13319  61.1724  -10.1384  -5.97373  -0.888518  -3.16652  0.220065  -0.150067  
-0.298896  4.0469  0.259202  26.612  -0.731591  5.71306  -4.28844  -22.0944  -1.97533  -2.25439  -3.87067  -0.316025  -0.952533  -2.93753  20.872  5.48823  -14.8242  16.9873  0.972998  -1.31138  0.0671579  2.70489  1.58658  38.4558  -11.8141  -14.2676  -0.191384  -0.97695  3.82434  6.30802  
0.270886  3.51449  0.633499  15.8016  0.304397  3.17803  -4.45121  -5.62349  0.535201  2.02056  -3.15343  -0.812074  -0.0732247  -3.18477  -19.9924  0.340759  -29.5629  19.4337  -0.511336  3.61284  0.975967  2.34585  0.158015  -12.4356  -10.1992  -17.8128  -0.134363  1.48842  3.65723  5.35682  
1.02594  2.38892  -0.541797  2.71225  1.81522  2.19615  -3.34123  9.59572  3.2271  5.17394  -1.44154  -1.79412  -0.616693  0.663419  -49.288  -4.1323  -33.3486  16.0241  -0.59086  10.7111  1.03509  2.1637  -1.25319  -48.2397  -7.21696  -16.442  -0.487373  1.88406  6.08651  -2.89306  
1.62818  1.25837  -2.07334  -13.0143  2.76159  3.70725  -1.93979  7.63756  4.14397  5.11147  -0.519561  -1.70181  -1.05394  3.71914  -46.6713  -5.97068  -24.4847  7.31316  1.89696  15.0049  0.729334  1.91652  -1.54489  -54.4187  -2.34427  -12.7501  -0.692087  0.752863  11.9557  -9.27666  
1.7818  0.563107  -2.59095  -33.3945  2.46991  5.79672  -0.901027  -4.22745  2.73692  2.40264  -1.02524  0.788102  -0.346608  2.61705  -16.5219  -4.25503  -10.1064  -1.69701  5.33035  11.4428  0.830607  1.42998  -0.600904  -48.9191  6.09459  -9.51624  -0.391084  0.686101  15.7492  -7.02846  
1.47298  0.190325  -1.82453  -54.6849  1.28109  5.51102  -0.145528  -7.20921  0.546267  -0.13631  -1.82902  4.88467  0.918405  -0.358082  17.1106  1.34504  -0.48738  -6.7675  6.64675  0.318681  1.59724  0.95511  0.503104  -43.7657  16.3363  -7.95918  0.344414  2.88138  13.0631  -0.18037  
0.960741  -0.186606  -0.410421  -64.9786  0.188535  1.90641  0.694834  3.30635  -0.368474  -0.0120655  -1.40152  7.69597  1.57089  0.0413567  29.0883  8.99997  -0.982107  -9.01108  4.27819  -11.4249  2.57918  0.727465  0.674452  -25.829  22.1859  -7.41335  1.1991  5.28857  6.1359  2.15316  
0.530561  -0.52705  1.07542  -51.5625  -0.149143  -2.74954  1.76858  12.8765  0.363993  2.70915  0.385349  6.84296  1.55512  5.5276  13.727  13.683  -7.35527  -12.9728  -0.344221  -15.2574  3.10627  0.445303  0.0638678  14.6143  18.7946  -5.97334  1.8403  4.7265  0.916964  -2.21975  
0.245864  -0.504094  2.39002  -12.5949  0.0188149  -4.97752  2.80593  8.74948  1.14107  5.59462  2.12255  2.91941  1.99752  11.5905  -9.67286  10.3086  -9.80417  -19.8765  -4.19857  -8.27765  2.81249  -0.463741  -0.131523  53.2942  8.41459  -2.21979  2.0265  0.588857  0.273484  -5.76263  
-0.0528735  -0.123148  3.19119  37.122  -0.0612834  -3.38141  3.20523  -3.496  0.39467  6.14572  2.49335  -1.02451  3.61023  11.8642  -15.3859  -0.72608  -1.91068  -24.2714  -5.42197  4.33541  1.73596  -1.92849  0.820552  53.0944  -1.1784  2.35204  1.73976  -4.23486  1.87952  -0.918382  
-0.531805  0.00346429  2.96924  72.2845  -0.781962  0.0151805  2.29977  -9.24957  -1.47708  3.91314  1.66851  -2.75784  5.51176  4.91241  1.11856  -12.2334  13.0841  -19.3347  -4.62894  14.1192  0.109639  -3.02234  2.21028  14.1114  -4.56497  3.24649  1.29681  -6.3519  2.27466  10.0769  
-1.1697  -0.744882  1.74777  73.3099  -1.79326  1.77371  -0.132033  -4.86555  -2.63482  0.508847  0.864049  -2.90517  5.95316  -4.05047  17.29  -16.2113  24.0599  -5.76455  -3.75138  16.4935  -1.76966  -2.97897  2.69219  -18.5757  -3.60709  -2.73594  1.08018  -5.30485  0.947953  16.6233  
-1.76414  -2.17655  0.514679  40.7729  -2.42148  0.384486  -3.42208  -0.0583086  -2.13002  -2.03125  0.744065  -3.51945  4.04463  -8.54849  8.28193  -11.4319  22.3992  6.48051  -3.90751  13.1733  -3.51122  -2.28324  1.90226  -9.91806  -3.51099  -12.1839  0.976514  -3.53613  -0.276513  10.132  
-2.08218  -3.27883  0.478369  -4.31881  -2.32618  -2.52481  -6.20967  -1.61925  -1.05348  -2.74338  0.740657  -5.07307  0.47984  -7.50571  -24.2956  -4.198  10.475  7.40657  -4.51103  8.40552  -4.62123  -2.13496  0.858709  17.412  -5.49387  -15.5598  0.302137  -3.23358  -0.458467  -7.88991  
-1.98898  -3.16898  1.75778  -36.0691  -1.70867  -4.23646  -7.19356  -3.80515  -0.997105  -1.88869  0.0949821  -5.82592  -3.15888  -5.83587  -52.8153  -1.24523  -0.578849  -2.15034  -4.23012  4.26578  -4.66111  -2.58411  0.606342  9.63415  -5.32881  -6.04625  -1.34376  -3.9525  -0.449193  -26.7679  
-1.48442  -1.98582  3.09713  -42.2814  -1.00339  -3.96618  -5.79819  1.19339  -1.83471  -0.251759  -0.812815  -4.18053  -5.50675  -8.08492  -53.8967  -2.82796  -2.55581  -10.7792  -2.4532  0.212383  -3.48439  -1.76664  0.87488  -47.3717  0.44343  11.3326  -3.18863  -3.67738  -0.738449  -34.569  
-0.684812  -0.72899  3.09449  -30.1433  -0.491746  -3.35115  -2.29926  9.55634  -1.79593  1.4024  -0.704397  -0.788532  -5.92428  -12.337  -32.2782  -3.58965  1.42184  -8.73275  0.307545  -4.08592  -1.39243  2.17745  0.5486  -105.859  8.72147  22.2464  -3.72816  -1.63583  -0.0938993  -26.6997  
0.221118  -0.218216  1.70632  -14.9645  -0.178285  -4.01145  2.31061  10.3378  0.193399  2.41955  0.933652  2.27583  -4.513  -11.6365  -12.7485  0.283878  0.862673  1.42285  3.15998  -7.38368  0.92376  8.30019  -0.606282  -112.92  12.4176  16.8796  -2.3494  0.700885  2.51077  -9.46645  
1.02989  -0.266042  0.281545  -4.9978  0.0845802  -5.17876  6.40217  1.65733  2.98574  2.43779  2.86157  4.01101  -2.02637  -2.08658  -11.5097  6.32642  -9.09497  8.31509  5.51318  -8.68895  2.66404  12.6761  -1.33131  -72.4938  8.21536  0.900344  -0.268883  1.48455  5.45591  4.49982  
1.58065  0.0754725  0.07066  2.56064  0.41195  -4.267  8.15182  -5.30947  4.45451  1.75  3.23789  5.13171  0.512004  11.4352  -21.4919  8.73888  -20.8749  5.30151  6.93688  -9.00056  3.36032  11.6675  -0.384425  -33.6837  0.321033  -9.76842  0.601129  0.66918  5.5412  6.37723  
1.76945  1.41169  0.896767  12.8629  0.75518  0.106631  6.65065  -1.21287  3.80898  1.24284  1.71168  6.28377  2.41254  18.7704  -23.5433  5.09306  -21.9144  -1.97726  6.81162  -10.0143  3.2379  5.35135  1.61499  -25.5531  -4.31607  -5.71552  -0.246282  -0.16215  1.91748  -1.17191  
1.54498  3.21929  1.47976  24.6059  0.904288  6.02161  2.89429  8.37148  2.0957  1.54485  -0.10123  6.62017  3.68758  14.1721  -7.15392  -1.16523  -8.86024  -2.9008  4.70792  -11.5209  3.03714  -2.67771  2.45858  -25.0951  -3.54351  7.0695  -1.35654  0.176408  -2.21365  -6.50449  
0.939353  4.18059  0.922966  30.998  0.675982  9.4583  -0.601624  9.83907  0.55961  2.24121  -0.513253  4.98081  4.60269  1.95571  22.2633  -4.91166  8.50163  5.14477  1.24172  -11.2443  3.18895  -8.67508  0.634552  4.29417  -1.31853  15.8381  -1.07781  1.19614  -2.76966  -0.274051  
0.128067  3.39081  -0.360593  27.1487  0.171393  7.76427  -1.67077  -0.817188  -0.693543  2.15504  0.178973  1.97878  5.01925  -7.78598  51.8591  -4.72973  17.9391  13.6361  -1.90244  -7.46644  3.15282  -11.2909  -2.97808  61.3645  -2.34106  15.8909  0.415028  1.55285  0.564257  15.3192  
-0.595306  1.23963  -1.22574  14.2477  -0.205521  2.01829  -0.217009  -13.1901  -2.14744  0.556364  0.104456  0.000209504  4.44487  -8.74014  70.8603  -3.3477  16.518  12.8501  -3.28776  -1.18366  1.92034  -10.9444  -5.96593  109.365  -6.61052  13.2137  1.33867  0.590771  3.83928  28.5739  
-0.986164  -0.918611  -1.02209  -2.22907  -0.107242  -3.81224  1.84606  -15.804  -3.62218  -2.04262  -1.67384  0.546477  2.73761  -3.42563  73.2586  -3.43638  10.3218  2.57338  -3.07024  4.6284  -0.595998  -7.97489  -6.66586  121.876  -9.96106  12.9453  0.528071  -1.25866  3.33827  29.6763  
-1.01852  -1.9998  -0.0900086  -15.6809  0.362074  -5.96454  2.32776  -9.2403  -4.19273  -4.35832  -3.68513  2.28358  0.444822  0.697544  57.3769  -4.40298  3.13816  -8.54085  -2.69271  7.5644  -2.90069  -2.68262  -5.27057  107.673  -9.22469  10.3653  -1.11104  -3.24346  -0.329328  19.6515  
-0.854831  -2.04586  0.840735  -20.3843  0.727613  -3.57731  0.502933  -2.92756  -3.28294  -5.43661  -3.65813  2.12411  -1.79338  -1.07674  27.9491  -3.80426  -8.74839  -12.8093  -3.10434  7.56265  -3.09799  3.13818  -2.88546  85.8512  -5.40592  -2.88686  -1.76969  -4.85124  -3.30344  8.32456  
-0.642106  -1.85618  1.37638  -14.1788  0.671433  1.01724  -2.65574  -2.51841  -1.34014  -5.20077  -1.41763  -1.59232  -3.75315  -6.9222  -2.69055  -0.812656  -28.8168  -10.3926  -3.60168  6.7266  -0.896056  6.37551  -0.201456  53.3822  -2.17907  -25.2058  -1.02267  -5.56225  -2.99947  4.19986  
-0.38707  -1.87891  1.49421  -1.7756  0.381319  4.19623  -5.52361  -5.26183  0.643641  -4.11895  0.547441  -7.33766  -5.27159  -11.4758  -21.1157  2.79922  -49.488  -6.62467  -2.79833  7.6307  1.91182  5.39536  2.5393  -8.20387  -1.90152  -42.3884  -0.253629  -4.61726  -0.604298  6.76621  
-0.0727655  -1.72066  1.17039  7.25409  0.248231  3.55366  -6.92071  -6.97991  1.88378  -2.69895  -0.208249  -11.6855  -5.65288  -11.3378  -23.023  4.73693  -55.0044  -5.14823  -0.643758  11.1705  3.15283  2.1786  4.81057  -96.9582  -3.66262  -40.6912  -0.649288  -1.60663  0.916809  8.78389  
0.163212  -0.842864  0.365949  7.53617  0.286055  -0.635516  -6.45134  -8.01774  1.97459  -1.31427  -3.16647  -12.0948  -4.14798  -7.78086  -18.075  4.32105  -38.7427  -5.33922  1.04947  15.1901  2.26332  0.573945  5.79102  -174.657  -4.89443  -20.9371  -1.46596  2.70036  0.283437  5.43781  
0.100648  0.488276  -0.563705  4.37109  0.0713446  -5.73702  -4.35367  -9.49055  0.78427  -0.115192  -5.21323  -8.68838  -1.17203  -4.59692  -21.4177  2.59895  -13.0033  -5.27438  0.467779  15.2704  0.330822  2.20252  5.27079  -193.864  -3.93246  2.12582  -0.995955  6.527  -1.13236  -0.245621  
-0.259575  1.29848  -0.816839  7.64669  -0.639148  -8.63983  -1.40463  -7.2462  -1.33022  1.02767  -3.94076  -3.76728  1.49457  -3.94112  -37.9022  1.27548  2.7861  -4.69253  -1.98538  8.03791  -1.53664  4.75138  4.12172  -139.18  -1.15086  14.3942  0.933511  8.37447  -1.28388  -1.8379  
-0.538445  1.0536  0.13856  18.6781  -1.38317  -8.09231  1.23482  5.30144  -3.27116  2.27367  -0.140742  0.131219  2.34567  -4.33309  -53.4775  1.78231  4.9921  -4.27657  -3.79004  -5.35764  -3.2671  4.77777  3.48684  -41.8054  1.99625  14.4834  2.33902  8.16902  0.4104  1.59077  
-0.265214  0.455593  1.78986  26.8141  -1.32396  -5.64171  2.62722  27.1899  -3.69309  3.25906  3.21914  2.0663  1.86227  -2.71769  -47.045  4.2791  11.5651  -3.45356  -2.85422  -19.0033  -5.08087  1.73553  3.61074  43.2588  4.45959  11.3976  1.44486  6.9558  2.91985  3.3466  
0.626456  0.756079  2.82147  21.9073  -0.164655  -4.02917  2.84554  45.818  -2.05799  3.04388  4.12257  3.09422  2.02935  1.86331  -13.7621  6.75733  40.1747  -0.634279  0.227323  -26.092  -6.28694  -1.43617  3.72774  76.4146  5.89341  12.6735  -0.845502  5.54956  4.93665  -2.94229  
1.6423  2.2571  2.3649  8.14097  1.4017  -4.20527  2.9767  46.2212  0.813735  1.01492  3.18206  4.91275  3.94545  7.02436  23.4531  5.96335  82.9781  4.26364  2.73272  -23.6347  -5.55087  -1.72529  3.08271  58.5896  6.14129  16.6074  -1.63286  3.69285  5.90459  -14.724  
2.12603  3.75701  0.882061  0.651604  2.26311  -3.97376  3.89783  25.2613  3.31896  -2.05292  2.32627  7.84725  6.31486  9.60011  31.3979  0.800687  108.705  8.6565  2.63946  -13.9933  -2.49384  0.544475  1.79267  24.8771  4.71907  16.2625  0.723426  0.744565  5.92784  -22.6835  
1.82617  3.70934  -0.38383  7.57778  1.89804  -0.140872  5.04145  -4.27111  4.22482  -4.21454  2.44686  10.0393  6.74792  9.03622  -0.490377  -5.37404  92.9906  9.36186  0.663644  -2.484  1.45902  2.12116  0.602576  12.2176  1.48669  9.05085  4.6047  -3.03393  5.28023  -21.8436  
1.04663  1.8407  -0.800085  19.4868  0.76402  7.60944  4.7885  -24.5952  3.39545  -3.99688  2.72667  8.98829  4.39807  7.54286  -44.0877  -7.58837  43.277  5.72889  -0.655816  6.2092  4.20438  0.415613  -0.0189199  27.0791  -2.32185  0.478264  6.7219  -6.29318  4.27108  -17.4795  
0.268693  -0.5285  -0.997704  20.25  -0.262755  15.2778  2.39637  -27.8099  1.72246  -1.85295  2.03981  4.22593  0.92948  7.07406  -56.8183  -5.11538  -9.85532  0.18548  0.244761  9.99525  4.8141  -3.60334  -0.358689  42.8192  -4.2582  -1.86264  5.36683  -7.81851  3.40911  -17.8711  
-0.290321  -1.7723  -1.9597  6.56849  -0.713721  17.5621  -0.733413  -19.5833  0.362033  0.258341  0.446602  -1.5482  -1.27022  7.04114  -24.6623  -2.89532  -42.6544  -4.19245  2.37171  9.25686  4.05432  -6.28614  -1.03346  30.4277  -2.20276  3.04715  1.74498  -7.66627  3.27838  -22.7763  
-0.719098  -1.41332  -3.6259  -7.61815  -0.774859  12.4696  -2.32963  -9.61932  -0.219922  0.834308  -0.920073  -4.42705  -1.4892  5.6932  21.0003  -5.38048  -55.2627  -6.30024  3.40678  5.84322  3.23921  -4.94146  -2.1863  -7.769  3.62095  8.62891  -1.62723  -6.77551  3.77793  -22.7187  
-1.10865  -0.271707  -4.73685  -7.58938  -0.851454  2.95125  -1.75637  -2.03436  -0.606938  0.330587  -1.1692  -2.63303  -1.09517  3.04037  35.6924  -9.9473  -60.3242  -7.13667  2.2202  2.11074  2.90123  -0.63108  -3.17862  -39.2646  10.3784  8.81486  -3.22224  -5.60736  3.42982  -10.6265  
-1.36315  0.573927  -4.23459  4.38121  -1.06169  -5.63462  -0.700877  3.99061  -1.74949  0.615855  -0.515184  1.74923  -1.73377  1.03335  10.9777  -9.12775  -62.393  -7.93499  -0.154045  0.130908  2.6272  2.77546  -3.17481  -38.6352  14.4227  5.69828  -3.18494  -3.73604  0.0922513  8.79602  
-1.34767  0.730223  -2.60042  10.7605  -1.19603  -9.42511  -0.919597  7.70825  -3.68483  2.89931  0.134865  4.71164  -3.4323  0.808593  -14.5453  -0.037396  -55.6632  -8.64807  -1.93313  0.987974  1.89975  2.37713  -2.09779  -18.2248  13.685  6.96827  -2.43333  -0.990255  -6.84293  23.718  
-1.11955  0.444288  -1.42308  -1.94422  -1.05601  -8.00634  -1.83011  6.10333  -5.06815  6.17774  0.179558  3.90757  -4.63687  0.801892  1.24909  10.8136  -38.0785  -8.15431  -2.53172  4.21055  0.804369  -0.903452  -0.905197  -14.3911  8.85404  15.2646  -1.69097  1.55438  -14.6087  27.8623  
-0.88297  0.00377758  -1.62422  -27.5424  -0.692362  -3.76541  -1.16361  -0.230847  -4.2817  7.80234  -0.21638  0.646663  -3.85615  -1.12713  53.7725  14.1501  -19.4559  -5.57985  -2.81772  7.83896  -0.0966261  -3.32759  -0.729461  -42.4162  2.24833  22.3326  -1.25121  2.47216  -18.0422  25.3816  
-0.726294  -0.546296  -2.41768  -45.0944  -0.291719  -0.183586  1.89648  -5.30331  -1.10419  5.80823  -0.517503  -1.69806  -1.17561  -4.40767  93.0721  8.11634  -11.2962  -1.421  -3.66045  9.48408  -0.390716  -2.27276  -1.67121  -74.9586  -4.07978  16.6109  -1.10523  1.88758  -13.6609  23.2637  
-0.527411  -1.14411  -2.24936  -38.9506  0.0498998  0.0904901  5.04118  -5.20246  2.78252  0.886144  -0.488399  -1.15081  1.84258  -5.67201  77.4079  -0.511109  -12.7207  2.49913  -4.70439  8.04449  -0.281688  1.11273  -2.62174  -72.2768  -9.2979  -2.67915  -1.01857  1.68275  -3.23903  22.4188  
-0.179988  -1.49746  -0.619428  -13.9855  0.346509  -3.02329  4.97133  -4.51142  5.07028  -3.88735  -0.430248  1.04234  3.52968  -2.67556  17.1541  -4.63406  -12.3372  4.29051  -4.79159  4.70109  -0.474178  3.34342  -2.45883  -30.589  -13.1905  -21.7366  -0.652028  3.22281  7.03476  19.05  
0.181218  -1.29848  1.35433  8.87145  0.561219  -6.62158  1.03279  -10.3803  4.64482  -5.53624  -0.799779  1.96057  3.32545  2.80528  -38.8196  -3.55135  -2.47378  3.42838  -3.35278  1.96044  -1.58769  2.51882  -1.28196  10.6278  -14.8373  -25.0614  0.184891  5.20437  11.5477  12.7192  
0.288202  -0.614395  2.16536  12.2577  0.561317  -6.99305  -3.89054  -20.7469  2.27741  -3.7253  -1.58882  0.25379  1.84928  6.37385  -55.8085  -0.709662  12.091  1.10711  -1.07385  1.3519  -3.50862  0.311684  -0.25082  13.5483  -12.9094  -11.7357  1.33442  4.60017  9.37261  8.76734  
0.0587143  0.112624  1.38703  -1.56608  0.283845  -3.1915  -6.19526  -23.6507  -0.129806  -0.956251  -2.11615  -2.46607  0.0430837  5.18406  -42.6148  2.21872  20.879  -0.904668  0.79646  2.0502  -5.23696  -0.0541145  -0.236464  -12.4103  -7.51296  3.48902  2.32152  0.12636  3.68141  10.5402  
-0.308616  0.49232  -0.267351  -13.4806  -0.145168  1.76838  -4.85927  -11.3263  -0.997473  -0.171608  -1.56957  -3.56233  -1.52985  0.220605  -29.6609  6.04146  19.7022  -1.61725  1.53956  2.1187  -5.48682  2.48389  -0.893329  -20.3136  -1.46283  6.2765  2.55059  -5.70302  -1.87971  12.2178  
-0.573799  0.56343  -1.98204  -6.57886  -0.535094  3.90403  -1.79709  8.60931  -0.196978  -2.02575  0.130296  -2.39908  -2.71224  -4.8197  -29.0484  10.1173  13.5495  -1.07849  1.32978  1.02884  -3.67041  5.55402  -1.15306  19.6659  1.08746  -2.507  1.64661  -8.54254  -5.3352  3.61303  
-0.666439  0.69934  -3.40124  16.8787  -0.805824  2.53005  0.501929  20.5253  0.865959  -4.44159  2.10153  -0.968911  -3.35506  -6.2491  -26.8294  11.409  9.60492  0.362714  0.795455  0.28491  -0.420557  5.88477  -0.38426  82.2037  -1.57396  -10.2705  -0.0855388  -6.38775  -5.7078  -16.5158  
-0.572996  1.2274  -4.14103  37.0611  -0.913796  0.836425  1.11689  18.2165  0.390911  -4.77548  3.28334  -1.27715  -3.17987  -2.46477  -10.31  8.72635  9.60916  2.49328  0.490619  1.13983  2.92752  2.87916  1.09363  110.476  -6.53369  -8.8394  -1.49347  -1.49246  -2.42506  -34.6673  
-0.140818  2.13789  -3.42925  34.8835  -0.644628  1.89275  0.703239  10.4377  -2.00695  -2.32435  3.4246  -2.64976  -2.11593  4.83942  11.8398  5.3678  9.81884  4.80585  0.674122  2.26579  5.45249  -0.657776  2.4542  76.9322  -8.37148  -3.05535  -1.3014  1.99475  3.31153  -33.3299  
0.778565  3.05646  -0.840867  9.06287  0.27662  4.76969  0.185898  8.27841  -4.46665  1.23304  3.06963  -2.26864  -0.612119  10.7921  23.3921  5.15946  5.54831  6.30543  1.26574  0.891399  7.17254  -1.47018  3.03069  13.359  -4.26112  -2.35672  0.590852  2.12404  7.50444  -8.52798  
1.92039  3.42871  2.62965  -23.324  1.69655  5.48692  -0.143311  11.1598  -4.40193  3.65779  2.53312  1.35692  0.549567  9.98243  23.5826  6.85828  -4.44314  6.05271  1.83428  -3.46005  8.40186  0.792248  2.61338  -23.394  2.90022  -7.98922  2.62074  0.700677  6.13948  24.0714  
2.54987  2.83548  4.93194  -41.0925  2.79049  1.7646  -0.396051  8.95896  -1.33533  4.09961  1.25547  6.1337  0.896572  1.2876  25.14  5.11671  -15.9596  3.71194  1.83172  -7.39424  8.73211  3.35738  1.48989  -11.6058  7.01006  -12.5402  2.83969  0.833037  -0.050312  41.7451  
2.04159  1.31116  4.78157  -33.962  2.61607  -4.04264  -0.527531  -3.73139  2.0755  3.33728  -1.4182  8.03935  0.631418  -9.70527  31.0986  -2.52069  -22.5515  -0.619474  1.08232  -6.96787  6.98402  3.44873  0.343011  15.9037  4.48191  -10.6589  0.876381  3.24486  -5.06824  33.8774  
0.558863  -0.54524  2.89317  -7.5941  1.05691  -7.22644  -0.156674  -19.5825  2.60475  2.47043  -4.89069  5.23082  0.305642  -14.5485  27.6972  -11.6878  -21.2582  -6.48299  0.0796928  -2.47072  2.42151  1.06709  -0.168461  13.3002  -2.29551  -5.01845  -1.61038  5.40488  -3.7808  9.52636  
-0.996623  -1.89918  1.02894  21.7509  -0.922616  -5.50794  1.02  -25.4964  0.10099  1.86788  -7.22866  -0.0311231  0.0619282  -9.55938  6.9942  -15.6079  -15.9971  -12.3703  -0.38044  1.15849  -3.94334  -1.58982  -0.0588705  -25.6528  -7.34294  -0.58898  -2.64125  4.27888  1.71976  -12.3201  
-1.80059  -2.2819  -0.0675131  37.2141  -2.13455  -1.07789  2.73711  -16.0114  -2.08383  1.32846  -6.83256  -3.4678  -0.632075  0.860249  -12.8713  -12.4195  -13.1673  -15.4745  0.0308008  -0.631715  -9.40571  -3.14485  -0.128156  -63.3738  -6.69624  2.64649  -1.90061  -0.343862  3.8183  -18.8704  
-1.82073  -1.93933  -1.23615  31.213  -2.25309  2.02622  4.02454  1.32906  -0.833934  0.741918  -4.0838  -2.77147  -2.35803  8.82505  -6.00601  -6.60502  -12.3278  -13.4746  0.795105  -7.04299  -11.1933  -4.5714  -1.09656  -64.9917  -1.67614  7.74902  -0.7821  -5.54065  -1.69455  -11.3907  
-1.6548  -1.56134  -3.30988  10.7985  -1.92603  2.06059  3.78821  13.2704  2.94561  0.120058  -1.00947  0.630717  -4.70954  10.5485  21.9506  -3.57633  -4.98599  -7.23877  1.03432  -12.5258  -8.3994  -7.27066  -2.61316  -36.5409  2.98112  14.0757  -0.62889  -8.16025  -9.81205  -0.293336  
-1.73522  -1.67101  -5.48005  -7.07493  -1.85118  0.837784  1.75198  12.9561  5.06742  -0.83152  0.725941  3.36326  -6.06521  8.45834  29.7198  -4.27654  13.79  -1.01498  0.380814  -12.1547  -2.60606  -10.2401  -3.40462  -10.0349  4.0107  16.9861  -1.32987  -7.62846  -11.3211  5.31786  
-1.83904  -2.21802  -5.85948  -8.87322  -1.9554  1.25328  -1.07962  5.38356  2.71606  -2.51684  1.25082  3.26342  -4.69315  6.87102  -11.7291  -5.46813  34.5718  1.06169  -0.700071  -5.91291  3.20846  -10.1404  -2.5881  2.46067  2.38977  14.6832  -1.73141  -5.71967  -3.44216  3.7751  
-1.42252  -2.68338  -3.64049  3.95414  -1.59758  3.89935  -3.09679  1.41441  -2.25296  -4.5003  1.84587  0.943557  -0.400745  7.10655  -73.6438  -4.11651  39.5626  -1.48427  -1.49624  2.05018  6.58532  -4.73855  -0.629864  23.6392  1.65002  10.9254  -1.03498  -4.0465  6.25866  -0.21294  
-0.330269  -2.49744  -0.17599  17.2834  -0.443111  6.28735  -3.44392  6.31563  -5.19929  -5.23021  3.17819  -1.27105  4.80121  7.42129  -88.2351  -0.516498  21.7523  -5.84531  -1.86145  7.30071  6.8374  4.02676  1.1899  75.0845  3.94963  9.08854  0.510939  -2.49219  7.85223  -0.707546  
0.952465  -1.44605  2.3576  18.5581  1.08875  5.37016  -2.69325  14.266  -3.63618  -3.42918  4.50663  -1.68455  7.90876  5.81076  -22  2.66389  -5.89029  -9.09682  -2.29307  7.82162  4.87655  10.9396  2.11282  137.631  7.86073  6.5505  2.061  -0.155672  0.131465  4.68234  
1.75246  0.154035  3.07144  8.48099  2.26  0.801385  -2.06713  14.8566  0.385868  0.105948  4.6026  -0.795202  7.13764  1.73422  79.8581  3.5314  -23.5808  -10.0655  -3.13515  4.02416  2.042  11.71  2.42636  161.97  10.2351  -1.26254  2.88632  2.87941  -7.76552  12.9661  
1.8232  1.61567  2.79064  -1.86257  2.71603  -4.23057  -2.0241  4.44662  2.83423  2.66919  3.13621  -0.769373  3.38427  -4.23495  133.678  2.72519  -24.7612  -8.50755  -3.87421  -2.12286  -0.811519  6.37081  2.67382  118.266  9.4859  -12.386  2.63982  5.4005  -6.34246  18.1352  
1.46799  2.32213  2.6036  -3.53728  2.64581  -5.57008  -1.8386  -10.2005  1.98983  2.16528  1.00136  -3.11745  -0.460707  -10.6338  100.858  2.2909  -18.6098  -4.18396  -3.50727  -7.50266  -3.22145  -1.11468  2.69655  28.0423  6.51086  -17.9638  1.345  6.48459  3.57784  16.1191  
1.12647  2.15723  2.59771  1.63356  2.36327  -1.67296  -0.620763  -19.5787  -0.276801  -0.587113  -0.549947  -6.65903  -1.85141  -14.77  21.0431  3.1509  -14.8021  2.55972  -1.72283  -8.62084  -4.51742  -6.11756  1.79315  -58.5885  2.92305  -11.9331  -0.576153  6.29106  11.3981  8.27474  
0.929769  1.56224  2.2131  4.06673  1.92114  5.0492  1.43133  -20.8858  -1.18043  -2.55887  -0.888253  -7.9756  -0.679612  -13.8398  -37.8051  3.95417  -12.1935  10.1629  0.481247  -3.81652  -3.79036  -6.48938  -0.234432  -108.05  -0.757068  0.929376  -2.36431  5.19807  8.21445  -0.141889  
0.679135  1.0935  1.33364  -3.9499  1.1781  10.2009  3.08489  -18.3201  -0.10515  -1.65941  -0.216959  -4.53428  0.778283  -7.66056  -48.3635  2.58927  -4.47212  16.429  1.61894  4.39937  -0.768439  -3.43437  -2.46324  -120.4  -4.38955  8.71432  -3.29015  2.8973  -3.0597  -4.90749  
0.184448  0.934565  0.512673  -20.6029  0.118309  10.6178  3.32318  -15.2693  1.21728  1.06974  0.873501  2.51417  0.152849  0.168105  -36.6207  -1.24992  7.94606  19.2245  1.19962  9.8329  3.40443  -0.0331538  -3.51213  -110.267  -6.75711  4.28224  -3.06172  -0.903462  -10.1525  -5.64583  
-0.457304  0.903317  0.190447  -33.7905  -1.00859  6.02323  2.2817  -9.53009  1.06817  2.72433  1.88714  8.80511  -2.59865  4.88  -37.0862  -5.30102  18.876  16.3242  0.192408  6.86648  6.6944  1.36335  -2.81126  -86.511  -6.39729  -7.15491  -1.9276  -4.94185  -4.27553  -3.85592  
-0.934238  0.849736  0.222477  -28.4733  -1.85237  -1.54116  0.855811  2.06973  -0.362077  1.71962  2.59464  10.577  -5.06201  4.62447  -52.6525  -6.65565  27.0969  6.46241  -0.0820026  -4.45942  7.71522  0.950173  -1.17624  -53.7817  -4.01286  -12.608  -0.514841  -6.57111  10.0721  0.286882  
-1.03672  0.82277  0.318487  0.724055  -2.21874  -8.98468  -0.362297  15.967  -1.52613  -0.614167  2.95408  7.82908  -4.84416  1.52052  -62.1305  -4.38575  37.6033  -7.71015  0.669332  -17.2708  6.71202  1.00459  -0.0879607  -24.0998  -2.81212  -3.81117  0.373841  -4.18602  19.0802  7.39847  
-0.852992  0.786563  0.501685  40.8908  -2.16621  -13.143  -1.43278  22.1828  -1.4055  -1.7097  2.92863  3.87522  -2.07987  -0.797495  -52.1616  -0.235081  50.4157  -18.7763  1.6437  -22.5411  4.986  3.26328  -0.31756  -14.397  -4.91232  13.6949  0.102041  0.678952  13.4673  15.4019  
-0.646587  0.424097  0.764584  66.6159  -1.90419  -11.8575  -2.42994  14.5669  -0.430496  -0.567898  2.35105  1.81314  0.736147  -0.210683  -28.5734  3.1405  54.0914  -19.6969  2.08671  -16.2412  3.48827  6.62497  -1.20885  -29.4672  -8.13722  23.3837  -1.2129  4.27184  -2.1047  19.0342  
-0.564976  -0.499892  0.54556  59.7969  -1.60338  -5.49808  -2.90158  -0.637661  0.343408  1.42182  0.96044  1.87162  1.53698  2.68999  -2.75457  4.35558  38.2616  -10.9963  2.0695  -2.58644  2.10253  7.87002  -1.33214  -50.0593  -7.86551  11.8019  -2.36346  4.03327  -13.7177  14.7456  
-0.504235  -1.59661  -0.789551  26.8023  -1.27379  2.5298  -2.3059  -9.35999  0.518444  2.293  -1.26527  2.02218  0.887896  5.10314  18.2845  3.86252  10.823  -1.02691  1.95807  9.84347  0.179634  5.15874  0.0731806  -43.4611  -2.63124  -17.6054  -1.72406  0.996421  -12.0311  5.50481  
-0.26844  -2.03177  -2.80952  -5.37529  -0.807752  7.84308  -0.813282  -3.85118  0.555299  1.65356  -3.74836  0.660737  1.05386  4.03652  27.8429  2.83063  -6.89083  2.63349  1.52643  15.4937  -2.50511  0.549232  2.23438  8.50096  3.39516  -44.7788  1.23406  -1.39085  -0.731763  -1.26445  
0.165177  -1.45903  -3.86456  -13.5663  -0.155093  8.37479  0.66595  9.16683  0.889282  0.791879  -5.37917  -1.7468  2.97378  -0.655244  19.4067  1.87236  -5.87038  0.986234  0.160798  15.5276  -5.37543  -1.80654  3.48664  84.6416  4.75123  -49.5578  5.03655  -0.780838  8.53525  -1.23627  
0.579844  -0.575848  -2.60054  1.51589  0.544825  5.54734  1.33566  15.8776  1.27152  0.900204  -5.16336  -3.43516  4.8475  -4.55329  -0.984511  0.608011  -3.48976  1.07879  -1.99581  14.5242  -7.43992  -0.261614  2.8458  129.23  0.707027  -29.4389  7.15554  1.88842  8.23428  2.48125  
0.721486  -0.435828  0.431394  19.2067  1.02824  2.08981  1.20204  9.69382  1.09599  1.59675  -2.99323  -3.23808  4.12968  -2.01028  -10.4285  -1.67223  -23.952  6.30309  -3.62182  14.5083  -7.8741  2.12591  0.974967  93.1981  -4.22616  -1.36858  6.19056  3.63466  1.18304  3.6047  
0.551103  -1.19863  3.08779  21.7502  1.12373  -0.697134  0.790314  -3.56185  0.225858  1.42923  0.134472  -1.58689  0.603778  7.18267  9.13233  -4.76645  -65.4636  11.9852  -3.38289  13.2676  -6.4331  0.802266  -0.452557  -14.6597  -5.87139  14.231  3.15972  2.61063  -4.1608  0.158708  
0.284462  -1.86448  3.71312  9.57521  0.908959  -3.03916  0.467523  -13.9065  -0.702425  -0.297722  2.69637  -0.0625226  -3.1165  15.5784  43.6127  -6.87781  -95.2207  11.6644  -1.45238  8.35891  -3.63027  -4.93548  -0.390787  -118.222  -4.90335  10.8958  0.558931  -0.173736  -2.77522  -3.96264  
0.181071  -1.45042  2.65399  -4.62965  0.648493  -4.73312  0.196465  -17.3407  -0.896796  -2.51059  3.5892  0.0157296  -4.24895  15.5753  54.0507  -5.77474  -81.9985  5.43588  0.501461  1.33032  -0.631561  -10.6267  0.554899  -131.17  -4.97832  -1.14595  0.116608  -2.25278  3.08373  -4.74392  
0.301119  -0.220643  1.53167  -12.2651  0.589629  -4.53335  -0.184114  -16.3564  -0.290709  -3.40992  2.73249  -1.16282  -2.52962  9.14239  18.235  -1.32459  -30.5277  -0.303993  0.93123  -3.33426  1.31  -11.131  0.720964  -38.6534  -7.69355  -7.36999  1.43903  -2.37695  7.58882  -3.36512  
0.468036  0.507117  1.31116  -14.991  0.809025  -2.02962  -0.755953  -13.2978  0.333716  -2.44952  0.967772  -1.83353  -0.0246182  6.3919  -40.6066  3.28193  21.9717  -0.773769  -0.201299  -3.29245  1.6434  -5.93853  -0.943751  79.8822  -10.7325  -2.50644  2.66827  -1.43917  7.18946  -4.37552  
0.445051  -0.169176  1.49425  -17.3206  1.17739  0.825211  -1.53157  -7.1647  0.140982  -0.998422  -0.590548  -0.316317  1.27826  12.1955  -76.5418  3.86376  41.7524  1.89499  -1.74076  -0.84878  0.896796  0.537872  -3.73058  119.182  -10.9864  6.78244  2.26129  -0.853674  2.90869  -9.13296  
0.133137  -1.68819  1.17672  -19.7581  1.39559  1.33886  -2.34856  2.33013  -0.854614  -0.873139  -1.29216  2.88311  1.06597  16.8006  -70.2011  -0.424481  26.8218  1.91978  -2.708  0.123577  0.228162  3.62866  -5.69347  48.2449  -8.06262  9.96453  0.15782  -0.59703  -1.46342  -12.9924  
-0.370086  -2.53949  0.412953  -21.8303  1.11534  -0.743269  -2.58826  10.9118  -1.76796  -2.28833  -1.30721  4.85954  0.0852827  5.23674  -44.1974  -5.59659  0.460859  -3.18766  -2.99528  -1.2162  0.454525  2.62189  -5.3803  -61.1034  -3.91444  3.052  -2.49674  0.640821  -2.4954  -10.0042  
-0.8527  -1.71448  0.182259  -27.8525  0.188605  -2.6086  -1.40018  12.7099  -1.81559  -3.55505  -1.35698  2.98878  -1.15357  -22.9467  -29.3098  -6.58487  -16.8445  -10.1822  -2.80431  -2.61102  1.45737  0.316862  -3.13942  -108.202  -0.106352  -7.57584  -4.46104  3.37832  0.702142  0.15383  
-1.09428  0.490318  1.14286  -42.449  -1.08856  -1.36455  1.38534  6.27712  -1.15476  -2.85984  -1.97167  -1.99291  -2.40866  -47.767  -25.0437  -2.57197  -22.9511  -13.8102  -1.98052  -2.98374  2.48504  -0.518591  -0.665482  -63.4072  3.40442  -10.7527  -5.2132  6.14228  5.84451  11.049  
-0.954482  2.88808  2.79512  -59.1959  -2.04783  2.71015  4.52481  -4.05989  -0.669421  -0.238308  -2.83806  -6.00359  -2.95086  -47.1308  -5.56324  2.11971  -25.6839  -11.6388  -0.285836  -4.69091  2.89992  0.549241  0.703573  10.5424  6.83598  -1.03687  -4.93179  6.74354  8.7941  15.6636  
-0.447919  4.34402  3.96584  -59.1416  -2.13589  6.24485  5.9403  -11.8383  -0.927179  2.49123  -2.87388  -5.51527  -1.81534  -20.4374  38.6218  2.79598  -27.9191  -5.52701  1.91634  -9.80409  2.55905  2.4765  1.14223  32.4656  9.24537  15.0142  -4.00463  4.65496  6.81142  13.0432  
0.234  4.37995  3.91115  -27.3168  -1.40308  5.84796  4.33352  -11.9931  -1.4243  3.6  -1.12592  -1.2688  0.774897  9.7532  79.9478  -0.457643  -24.8756  0.401422  3.73971  -14.9375  1.59708  4.50643  1.78212  -12.2887  9.46522  23.6097  -2.69653  1.62558  1.23212  8.07484  
0.821791  3.23981  2.80182  27.957  -0.449641  1.03463  0.34969  -2.77419  -1.02817  3.06223  2.24512  2.39853  2.88679  20.2581  82.4462  -3.12428  -13.0638  2.78013  4.66543  -12.5808  0.169508  6.29184  3.18652  -66.464  7.80518  16.4676  -1.21048  -0.172767  -3.53901  5.2927  
1.1581  1.65438  1.29512  76.2148  0.178198  -5.41366  -3.87531  11.6314  0.773525  2.32735  5.83213  2.20578  2.62164  8.84227  44.1585  -1.66079  3.46267  0.960588  5.05641  0.54705  -1.3644  6.82979  4.64664  -73.4133  6.07336  -0.298599  0.149799  -0.258454  -4.57252  4.09846  
1.30431  0.491544  -0.0859475  88.5383  0.49019  -9.479  -6.30038  20.3014  3.20664  2.66964  7.92177  -0.61371  0.308697  -7.35205  2.22893  2.41845  16.726  -2.92018  5.57348  17.5501  -2.222  4.50951  5.02105  -40.1465  5.64381  -10.687  1.03524  0.0683943  -3.82666  0.482775  
1.42361  0.281468  -1.11968  61.5374  0.872265  -8.71116  -6.24068  12.8496  4.85686  3.97835  7.70053  -2.0476  -1.6659  -11.5874  -5.07796  4.49396  21.8851  -5.68864  6.24589  26.2516  -1.64628  -1.01534  3.99372  -19.7974  6.0942  -3.77987  1.26575  -0.505397  -5.74115  -7.33481  
1.53543  0.798485  -1.66836  18.4224  1.44588  -3.99146  -4.4027  -8.51451  4.88648  4.99514  5.72176  -0.148328  -1.5102  -2.82533  21.9775  2.32345  19.4224  -5.56765  6.35816  21.0344  0.167795  -7.32311  2.31993  -39.5968  5.88809  15.1191  0.939097  -1.88589  -11.1254  -15.6691  
1.43468  1.18236  -1.5411  -10.5053  1.77192  1.12629  -2.00205  -26.4873  3.61068  4.47647  3.31622  2.70748  0.0340543  7.14734  46.6363  -1.50961  12.6308  -3.18316  5.17415  8.40751  1.85038  -10.2896  1.00858  -63.4491  4.00764  28.5056  0.316667  -2.83322  -14.8575  -17.8447  
0.904378  0.658767  -0.648668  -9.92992  1.30875  3.37781  0.137085  -23.4183  1.91236  2.0784  1.52598  2.76626  0.858899  7.51624  33.8177  -2.81681  4.30029  -0.344726  2.59287  -0.6405  1.99444  -7.27947  0.499716  -35.0843  0.670482  22.24  -0.375619  -2.3382  -10.9234  -9.89253  
0.00688155  -0.720234  0.77353  13.0155  0.109922  2.64119  1.8946  -0.0190501  0.297846  -1.54378  0.437339  -0.534688  0.244016  -1.62349  -15.2435  -0.774108  -4.37871  2.00117  -0.839012  -2.81904  0.610557  0.387095  0.558367  50.8205  -3.37354  -1.31808  -1.05001  -0.604647  0.381379  5.71924  
