0.533673  4.08452  -1.12133  -15.2611  1.02679  4.01003  -12.0967  -0.0861948  19.4943  -52.9383  -36.0578  -1.7808  -6.43684  -0.404125  8.97971  -2.78843  2.24766  82.7037  -0.825274  1.72634  -1.26073  0.538586  -1.84502  3.0583  11.2273  213.007  -11.5608  -3.08769  0.685014  -4.48375  
0.357465  -3.39115  -3.94588  -0.434529  9.43247  -0.479997  177.042  -23.2241  -36.4556  -231.071  45.9614  1.60809  -4.34897  2.32217  -2.70196  5.3709  -6.84648  -193.051  -8.92127  -0.0220407  5.14103  0.402698  -13.264  4.64663  1.90061  -538.493  67.3328  6.9693  1.28409  6.19848  
0.0454118  -11.6769  -3.77103  10.1505  12.053  -6.11557  226.825  -20.8684  -52.3817  -484.509  98.9213  3.26295  -1.01765  4.07479  -11.3151  16.7953  -8.14084  -333.926  -12.8315  -2.35706  6.9278  0.0795477  -31.423  4.03152  -5.8616  -780.821  96.8921  11.7743  1.51108  16.3562  
-0.285934  -17.9004  -0.580782  10.5787  10.1358  -11.6799  130.424  2.17375  -23.0451  -744.003  109.626  3.32942  3.157  4.51953  -14.7245  29.2078  -2.29772  -315.8  -11.5819  -4.45507  3.90623  -0.307307  -48.9246  0.893997  -9.69125  -497.258  74.7844  10.1284  1.04682  21.3974  
-0.349455  -17.6124  2.92588  -0.947034  10.0127  -14.335  6.74543  17.3902  19.7999  -832.01  85.9609  3.51811  6.16848  4.1212  -13.2005  36.4181  3.07474  -225.333  -7.77273  -4.8133  0.155366  -0.416803  -51.6994  -2.86047  -8.01692  -125.058  41.3882  4.76581  -0.0251068  16.1005  
-0.0345861  -10.5023  4.33968  -15.884  14.3381  -12.4902  -31.2705  7.2405  40.5898  -648.889  48.7189  4.90016  6.2863  3.68922  -9.47596  34.6517  2.55787  -160.677  -5.17047  -3.29602  -0.368984  -0.101652  -37.3058  -4.76028  -2.62916  -46.1901  31.9626  -0.675139  -0.994783  2.19546  
0.403812  -2.24068  3.80468  -20.329  17.0755  -7.40405  17.8076  -14.8771  32.5326  -293.796  17.0711  6.28566  4.10379  3.64624  -6.19264  25.167  -1.68704  -144.294  -5.60202  -1.69197  2.31611  0.366944  -17.7741  -4.13954  1.5067  -184.311  39.5149  -3.68198  -1.01233  -10.2509  
0.579772  0.715984  3.14557  -9.09702  9.28645  -1.91299  66.3684  -22.7789  18.024  19.4638  -1.23106  5.54056  2.01849  3.72833  -3.16362  11.2695  -4.07119  -130.567  -7.82919  -1.82235  4.8698  0.564793  -2.86146  -2.70841  0.767984  -147.382  27.3988  -3.18078  0.00373554  -11.5726  
0.42162  -2.09829  3.2737  8.15811  -9.89942  1.88865  45.1378  -8.77442  19.1645  161.925  -9.24787  2.57177  1.68363  3.4262  1.65842  -4.63305  -2.83505  -79.6595  -8.95851  -3.35202  4.66397  0.410658  11.2479  -2.43643  -2.58951  266.122  -23.8249  -0.228924  1.08505  -2.35432  
0.27922  -4.77405  3.14488  16.8217  -29.12  3.83838  -29.772  9.97543  33.7554  181.198  -13.091  0.0893179  2.41973  2.7347  8.12209  -19.3846  -1.06952  -6.03739  -7.2927  -4.03896  2.33053  0.275281  30.6697  -3.086  -1.86669  789.941  -87.7793  1.03287  1.09095  7.41435  
0.510567  -1.85389  1.47082  11.5093  -33.4339  5.25278  -88.6344  14.6956  44.586  198.834  -15.6224  0.556682  2.75761  2.26154  12.3651  -26.6344  -1.4385  43.8725  -3.94451  -2.32408  0.332097  0.526275  46.5374  -2.5759  6.38421  953.195  -113.616  -4.03156  -0.0721376  9.36468  
1.00026  5.42413  -1.09582  -1.59254  -18.0499  7.44866  -86.8978  6.02095  44.8228  250.387  -16.5139  2.73487  2.8692  2.41035  10.815  -20.931  -2.77148  46.2645  -1.73181  0.731388  0.0453517  1.02653  39.9301  -0.0206816  16.5257  579.749  -75.9817  -14.6819  -1.26859  5.26073  
1.21358  10.3339  -2.31385  -13.7007  6.2733  10.0905  -42.8239  -1.88329  43.8095  262.266  -15.3254  2.70592  4.48322  2.52951  5.02976  -6.05453  -2.87082  21.573  -2.18129  2.45957  1.02849  1.22255  6.08223  2.58385  17.9376  -36.2425  -4.33529  -22.647  -1.20637  3.37872  
0.768371  7.97608  -0.993328  -20.0799  21.992  10.6481  -6.22427  -2.02357  46.0639  167.32  -12.7273  -1.37038  8.17318  1.24856  0.437171  3.66638  -2.38255  5.23776  -3.78026  1.47517  2.57093  0.754354  -33.4624  2.53708  6.27278  -439.272  41.3433  -19.0395  0.31491  7.56951  
-0.125182  0.683988  1.29089  -18.7097  20.0668  6.43763  -4.38481  -1.09217  37.4587  -0.974257  -9.3114  -6.5636  11.3951  -1.98328  -0.140638  -3.99281  -3.3767  9.99883  -3.73462  -0.801657  4.5469  -0.125663  -49.082  -0.106406  -10.3003  -430.36  27.4136  -4.63437  2.131  12.2952  
-0.86792  -4.44182  1.60185  -9.13366  6.83209  -1.75678  -21.5538  -6.02348  4.14057  -142.6  -5.6463  -8.3043  10.6611  -5.71902  0.362776  -23.1898  -4.73956  21.278  -1.42133  -1.68195  6.32638  -0.815631  -32.5132  -2.36212  -18.0219  -179.75  -21.9491  8.98552  2.76633  9.35349  
-1.06866  -3.0859  -1.20606  3.57913  -3.57277  -8.62466  -23.7522  -12.0638  -39.3606  -197.179  -3.72586  -5.51676  5.178  -7.30957  -2.001  -31.0326  -2.11847  22.6462  0.549946  -0.0975185  6.11745  -0.978283  -3.83365  -1.8848  -11.0656  9.60817  -50.6939  10.5367  1.87071  -2.05025  
-0.844568  1.66914  -5.09483  8.15716  -3.1864  -8.69976  5.14465  -8.97779  -55.7509  -180.668  -6.04507  -1.35737  -1.86591  -5.29539  -5.61529  -10.1958  6.05269  14.1415  -0.504174  2.32709  2.70561  -0.782533  10.5569  0.361846  2.89387  -13.1839  -28.8016  0.697077  0.543756  -13.7599  
-0.55322  2.81162  -6.80431  -2.92037  3.69533  -2.56396  50.542  4.25684  -25.407  -131.891  -11.2473  1.12413  -5.70908  -1.00417  -4.34562  29.2255  14.4235  4.13823  -3.8941  3.13332  -2.384  -0.569798  3.99342  1.69502  11.3329  -163.717  19.6433  -9.34252  -0.02573  -16.9166  
-0.329713  -2.47554  -5.07011  -22.6208  7.36579  2.68028  84.425  17.225  27.4465  -58.4332  -12.8045  2.1435  -3.92413  2.42102  4.13698  55.2556  15.2288  -6.19532  -6.02153  1.68416  -5.62364  -0.400217  -7.33191  1.04638  9.49387  -247.449  47.3277  -10.409  -0.0995205  -10.444  
0.0173979  -8.89177  -1.78979  -33.9552  3.91569  0.938792  88.2744  20.2879  59.7712  38.2442  -5.5445  3.32239  1.8164  2.78639  13.5769  45.7889  7.05258  -20.0116  -4.65525  -0.30666  -4.9587  -0.0264707  -4.7597  -0.270006  3.47004  -138.3  35.5412  -4.33518  -1.03647  -0.900298  
0.718568  -8.16379  0.00950727  -27.6194  -1.87704  -5.32965  61.8848  14.6295  54.0989  120.43  5.8435  4.07063  7.07002  0.714955  15.029  12.7618  -2.82529  -31.8994  -1.52433  -0.779591  -1.91866  0.761198  11.8877  -0.607445  1.59185  115.598  9.19488  0.177766  -3.14808  4.794  
1.7096  1.79458  -0.793724  -11.5144  -3.4551  -7.19268  15.4643  8.31667  30.0301  140.372  8.49679  2.01978  8.05092  -1.18453  7.03924  -10.3907  -5.83041  -30.0704  -0.0488784  0.424209  0.270654  1.82478  24.7134  0.542531  5.27824  331.568  2.42521  -1.63543  -4.66918  4.88193  
2.58156  13.6567  -2.56297  -0.941457  -0.00650299  0.228528  -37.3408  6.02659  13.2139  109.494  -5.17941  -3.03712  4.83974  -0.933555  -2.50605  -5.48828  -1.00365  -15.6106  -0.890654  1.57625  0.158979  2.7027  16.8174  3.06164  9.47879  349.549  18.7204  -5.95341  -3.87294  2.06349  
2.83375  17.3703  -3.01917  -2.56902  3.89834  11.0338  -80.3812  6.22765  6.96168  101.06  -26.576  -7.58199  1.32163  1.06322  -5.27993  11.3557  4.46124  -8.83454  -1.13269  1.13985  -0.870338  2.9085  -9.71502  6.50509  10.124  184.114  31.1875  -5.80914  -1.96919  -0.435636  
2.23377  10.017  -1.92595  -11.6477  4.4967  14.5536  -97.5463  6.20986  0.392186  153.668  -37.1721  -7.94665  1.50332  2.76808  -1.14983  10.3948  3.34264  -23.9508  1.77574  -0.603966  -0.778273  2.26745  -35.3649  9.1019  8.54654  8.57367  18.0075  0.746104  -2.31821  -1.05757  
1.01746  -1.57884  -1.25436  -21.2041  2.59499  7.53328  -81.1411  5.36238  -7.48916  196.569  -27.2224  -4.50954  5.35768  2.7718  3.2726  -16.2727  -3.99375  -40.7579  6.29998  -2.12837  0.761518  1.05402  -43.0095  7.99062  7.83411  -29.1959  -11.9385  8.19026  -5.80805  0.34919  
-0.23216  -8.01109  -2.57565  -28.1848  1.19931  -1.99841  -40.3963  3.30583  -6.31349  112.823  -6.07153  -0.924013  8.47917  1.69009  3.20011  -46.1801  -10.4065  -18.1391  8.10424  -2.56454  2.34055  -0.167373  -34.9078  2.4215  7.48435  33.6205  -31.5438  8.08323  -8.34463  2.94555  
-0.972242  -5.96745  -4.74324  -30.7247  1.43663  -4.24049  2.45997  -0.806763  5.9007  -109.371  8.38756  0.503954  6.77555  1.25895  0.286583  -52.8621  -9.72531  54.7593  5.02435  -2.46544  2.62274  -0.908189  -28.3453  -3.67775  3.94058  34.8577  -26.8394  -3.54345  -4.95023  4.77546  
-1.08009  0.221033  -4.71114  -26.481  2.13788  0.955106  26.7256  -5.36622  15.216  -316.924  8.87929  0.966281  0.937755  2.21273  -1.33679  -34.1157  -3.15443  130.406  -0.193934  -2.629  1.58349  -1.07612  -33.6293  -4.76075  -3.61832  -94.3773  -10.343  -21.4776  3.53436  3.69191  
-0.883123  4.19132  -0.841075  -17.3263  2.4517  4.60244  25.9796  -5.29968  11.7916  -314.154  3.99557  2.532  -4.08006  3.33314  -0.750285  -10.3779  2.27924  140.914  -2.81936  -2.78538  0.201322  -0.967913  -39.5198  -0.247398  -9.89433  -223.539  -3.22645  -32.9947  10.0126  -0.270447  
-0.804704  3.38561  5.13031  -10.4802  3.11447  0.219448  8.54594  2.54203  8.07167  -54.7208  4.78803  4.70347  -4.18612  2.78372  -0.16729  -0.0717827  1.25651  67.449  -1.52184  -1.99517  -0.624031  -0.943392  -24.6463  3.69832  -7.93694  -174.362  -9.60802  -26.9599  8.77065  -3.72803  
-0.95169  -0.227766  9.70853  -10.0637  4.59826  -8.08066  -11.8848  13.4355  25.341  292.075  11.0253  5.07783  -0.29337  0.269424  -0.498701  -2.81197  -4.25113  -36.3734  0.0599251  -0.259149  -0.693157  -1.07896  16.1396  0.936896  2.97524  50.0189  -14.2737  -4.38783  2.44625  -2.57873  
-1.06077  -3.22171  11.016  -9.36084  5.26963  -10.9174  -26.6119  17.127  62.3705  458.787  13.3469  2.79866  2.94313  -2.4284  0.196981  -5.76897  -7.30626  -96.0582  -2.39422  0.954949  -0.289132  -1.14476  60.8633  -7.00913  15.2648  247.818  -4.57721  19.8404  -0.788112  3.35143  
-0.839951  -3.45081  9.96941  2.2945  2.91879  -5.30322  -35.1223  7.91738  89.6454  281.225  6.83904  -0.00960543  1.80621  -3.1938  3.28121  -0.0343114  -3.68956  -84.5993  -8.53823  0.38278  0.366107  -0.905315  79.2284  -12.1753  20.3737  251.754  11.6834  28.7108  3.10429  8.93138  
-0.330531  -0.87644  8.18083  24.2818  -2.2173  1.80125  -39.3821  -8.70564  80.1595  -172.365  -2.36258  -0.82118  -2.78645  -1.69818  6.58463  12.0874  3.74314  -36.1079  -13.1171  -1.09635  1.29064  -0.41675  60.6465  -9.18891  17.6145  122.867  15.9473  18.2879  9.51429  8.22952  
0.103411  2.81854  5.72874  41.0102  -6.68062  2.0419  -35.9247  -19.9595  41.0915  -629.411  -4.92432  0.393761  -6.49156  0.395441  6.44157  22.2171  8.77668  2.8234  -11.4402  -1.05947  2.3753  -0.00534366  21.2388  -1.13217  14.205  68.4474  4.40875  0.515911  11.0114  0.834944  
0.143303  5.16351  1.69744  36.4084  -7.15649  -4.56555  -17.0735  -16.502  7.54805  -782.38  0.434294  1.58488  -5.82061  1.27111  2.34842  23.7914  8.98766  22.1448  -4.48459  1.45137  2.99784  0.0492134  -14.3772  4.80476  15.5441  178.53  -5.56306  -9.81678  6.00897  -7.01887  
-0.166566  4.42662  -3.57216  10.003  -4.29094  -10.0505  16.7697  -0.4669  2.66251  -505.549  6.11925  1.52409  -1.43089  0.747267  -2.01162  16.1784  7.60465  43.3641  1.92806  4.14598  2.34546  -0.21434  -32.6328  5.75175  17.0292  304.451  2.21839  -9.51396  -0.254896  -8.35709  
-0.48542  0.935217  -7.93886  -22.9667  -1.94304  -7.63845  47.1202  15.534  11.6286  34.1792  4.96641  0.9799  2.49206  0.134137  -2.75118  4.36558  8.22402  75.3291  3.11367  3.79308  0.365954  -0.490519  -33.5106  5.0166  8.40155  232.502  20.759  -7.01832  -2.41966  -2.52409  
-0.553585  -3.17128  -9.51196  -44.6842  -2.25633  1.38441  45.9041  17.8645  3.48523  476.863  -2.37462  1.00666  2.58597  0.527068  0.141037  -4.59607  9.55746  92.7551  -0.0701913  0.426563  -1.76369  -0.538849  -22.6129  6.12799  -12.5681  -47.4283  29.0463  -9.78599  -0.792846  4.3543  
-0.446883  -5.65695  -8.53043  -45.8273  -2.73281  9.84455  1.86661  3.09805  -23.0688  544.453  -9.56461  1.0647  -0.173268  1.51961  3.16553  -7.13548  7.1963  66.3003  -2.93499  -1.90571  -2.53684  -0.423466  -7.68211  7.68367  -33.6023  -306.902  20.2115  -15.4716  0.132514  5.98635  
-0.441836  -5.5818  -6.63223  -27.8857  0.612514  11.9584  -62.1912  -18.0012  -27.82  267.221  -11.9702  -0.117318  -1.4189  1.67646  3.22253  -6.73643  0.0350882  6.61177  -2.27409  0.260849  -1.65728  -0.40545  1.04534  5.59137  -38.5642  -321.602  9.95532  -16.7969  -2.67323  2.07842  
-0.647089  -3.41359  -4.80527  -0.925652  7.52793  7.77867  -103.163  -28.4973  23.1503  -56.5183  -10.2493  -2.19167  1.81654  0.248627  0.52109  -9.6984  -7.33815  -40.3363  0.959446  5.04226  -0.519514  -0.596752  -4.11716  -0.891726  -24.7279  -115.602  14.0417  -12.053  -7.77221  -2.37135  
-0.831244  -0.458819  -2.89828  20.9847  13.0394  1.69824  -95.4609  -19.9075  100.563  -138.23  -7.84939  -2.92254  7.36588  -1.78462  -2.1433  -16.5137  -9.50709  -46.1249  3.88636  6.56713  -0.782786  -0.776496  -19.2577  -7.45208  -6.71441  78.564  25.404  -6.76979  -11.2062  -3.1526  
-0.665403  1.7284  -0.923134  27.713  13.74  -1.79877  -53.0872  -0.15297  123.757  40.5874  -7.01149  -0.856712  10.0941  -2.55052  -2.44944  -18.9999  -6.17497  -32.8255  5.10958  1.74397  -2.5435  -0.615256  -30.0392  -9.22929  -0.773943  86.3018  21.5227  -5.48308  -10.2408  -0.801379  
-0.129821  2.22931  0.425212  20.1908  12.7117  -1.36839  -13.5366  13.7245  47.0383  240.351  -7.40662  2.35745  7.23345  -1.26247  -0.8977  -8.46686  -1.97074  -39.5224  5.09696  -5.4129  -4.03552  -0.089175  -26.4432  -5.69245  -7.35591  -29.3866  -8.50786  -5.71445  -5.37324  1.47442  
0.391324  1.66744  1.08715  8.04239  15.3345  0.947003  -1.09849  11.4848  -74.1701  223.731  -7.19212  3.35543  1.15153  0.851112  -0.212917  13.4822  -0.848022  -63.0425  4.20636  -7.75739  -3.2577  0.4077  -13.3287  -0.49294  -11.5789  -77.4982  -49.7422  -2.61551  0.227458  2.24063  
0.466899  1.94341  2.38861  -1.63947  20.4246  1.93634  -8.07408  -1.90662  -126.692  1.89312  -4.81883  0.880656  -3.21445  1.83945  -2.27807  34.1719  -2.20798  -54.4634  1.99465  -3.06098  0.0565392  0.430095  -3.41432  2.57772  -1.31957  18.5888  -72.3271  3.05606  3.09662  2.78387  
0.0556716  4.21091  5.19308  -9.94294  18.6428  0.12241  -10.7569  -13.0675  -60.6052  -187.018  -0.633124  -2.53255  -2.85803  1.20652  -5.52935  40.3276  -2.93512  15.7999  -1.24252  3.35221  3.90491  -0.0487403  -1.89848  2.43212  18.5195  141.664  -53.3065  5.03845  2.29587  4.16502  
-0.441908  7.10253  7.58969  -19.3078  2.43863  -3.09071  1.40093  -13.3214  49.2434  -136.203  2.86931  -3.20922  1.69374  0.393202  -5.65125  28.7844  -1.72364  105.724  -3.69518  4.59999  5.59327  -0.578516  -3.63907  0.416492  31.5729  143.003  7.02624  0.00661562  0.427406  5.15342  
-0.583925  7.82809  6.12722  -24.7325  -23.2668  -5.08845  15.7659  -5.04039  81.4035  106.275  3.5307  -0.350069  7.52054  0.865027  0.249842  7.57292  -0.276451  135.864  -3.86778  -0.139844  4.16527  -0.676316  -4.402  -1.28965  26.9675  28.8118  79.1671  -7.23575  1.13197  3.92546  
-0.317062  5.24783  0.0527986  -18.744  -43.0964  -4.68711  13.6328  2.84276  1.11511  293.002  2.48501  3.25777  11.2467  2.12467  9.80466  -11.1171  -0.623936  76.9719  -2.50653  -5.21739  1.41682  -0.306665  -6.36859  -0.809492  8.856  -59.9294  113.01  -8.7718  4.92591  0.835351  
0.00299293  1.26048  -6.63729  -4.06312  -44.7864  -2.70544  -7.94359  3.96355  -103.678  246.898  3.25579  4.45295  10.428  2.29375  16.2592  -18.4649  -2.51938  -15.2093  -1.41182  -5.30177  0.0937457  0.103297  -9.51442  2.35233  -9.56751  -28.8721  69.9907  -2.3959  7.95099  -1.70932  
0.0133507  -1.2991  -8.69622  4.86975  -29.8843  -0.266176  -32.1522  0.130534  -122.637  50.4505  7.16505  2.81789  5.12796  0.650684  14.2383  -12.9934  -3.89105  -61.3368  -0.533163  -0.995416  0.863518  0.128024  -5.03327  6.39052  -18.0008  63.5223  -37.4963  6.98188  5.95801  -2.07465  
-0.267508  -1.61321  -5.04525  -1.73005  -10.6224  2.29871  -39.7106  -0.9185  -41.615  -62.5226  10.622  0.380793  -1.06909  -1.23332  5.10322  -0.629518  -3.08993  -41.4244  2.24434  2.755  1.43568  -0.212176  13.3612  7.8744  -14.764  90.4295  -142.228  13.5578  -0.508413  -1.04453  
-0.480283  -1.08832  0.352669  -15.5413  2.26356  4.53798  -27.7729  6.35425  53.7748  23.8318  8.72421  -1.07073  -2.97069  -1.37438  -3.90024  8.58765  -0.328185  -3.74205  7.58467  2.62602  -0.581814  -0.500057  34.1791  4.6601  -4.25425  4.88512  -174.389  15.8671  -6.12682  -0.413966  
-0.346953  -1.04592  3.12717  -18.4485  7.03928  5.04625  -13.2367  18.0302  79.3651  192.723  1.43325  -1.55774  1.90744  0.105308  -6.1109  6.96367  2.74063  1.80127  11.9313  0.0106199  -4.01642  -0.403965  35.411  -1.3836  7.61861  -129.114  -125.179  15.1748  -6.15693  -0.802707  
-0.00989434  -1.25752  2.90402  -4.60567  8.56944  2.97607  -16.362  22.9456  31.6947  259.883  -5.83786  -1.90599  10.2728  1.16743  -1.37459  -4.8067  4.32425  -21.4234  10.2287  -1.5425  -4.74701  -0.0638338  11.6161  -5.57922  15.6215  -223.101  -51.5742  11.1826  -1.30379  -1.3694  
0.109485  -1.06783  2.46427  11.596  11.4344  0.117026  -40.4122  14.286  -27.6101  192.409  -8.47986  -2.21418  15.1117  0.526937  4.48952  -17.7197  3.70428  -33.3667  1.93571  -0.636822  -0.775481  0.0616917  -14.4548  -5.0132  16.696  -234.491  -14.6755  2.38264  3.39203  -1.06137  
-0.213173  -0.983418  3.5817  12.4188  15.6844  -0.227515  -65.2356  -1.56147  -43.3488  103.332  -8.04315  -1.75857  11.6407  -0.783811  5.62204  -21.3445  1.62971  -13.0262  -7.00342  0.875936  4.43812  -0.277895  -15.3  -1.49702  11.609  -158.987  -20.6875  -9.38405  3.90794  0.457935  
-0.738682  -2.12373  5.08613  -1.79149  17.4562  2.7038  -63.1497  -10.821  -9.19593  68.6353  -9.52112  -0.138198  1.65609  -0.934894  1.43688  -12.0804  -0.395144  18.4263  -9.75427  0.625782  5.61015  -0.829013  8.86507  0.839309  4.55383  -16.6427  -28.7336  -17.7636  0.877091  2.57164  
-1.04695  -4.2532  5.08225  -13.4556  12.6425  5.30262  -25.8819  -7.60276  43.0014  33.0223  -14.2039  2.08637  -7.77273  0.248122  -3.6852  3.72845  -1.54503  27.9101  -5.73235  -1.31342  2.41001  -1.14004  29.4609  0.551375  -0.473443  121.761  -7.31383  -17.4207  -2.02337  3.68001  
-1.03714  -5.25766  3.68893  -9.83879  1.0549  3.35493  23.0693  0.0613737  75.6242  -70.6627  -17.1829  3.85121  -9.89576  1.2077  -5.10812  14.3806  -2.48928  8.93764  -0.992874  -2.50997  0.205228  -1.10507  23.4288  0.0970931  -3.14849  139.51  31.6565  -10.5393  -2.32893  2.12903  
-1.0119  -3.09723  2.67697  1.60798  -11.8944  -2.56203  46.7063  1.33835  69.3462  -177.566  -12.9027  4.33601  -4.08742  0.800347  -2.09622  11.372  -4.27815  -16.0723  -0.99757  -1.17786  2.85999  -1.0556  0.387878  1.85929  -6.02151  -13.1444  54.1346  -5.41245  -0.781903  -1.56885  
-1.21012  1.89712  2.98508  3.37375  -18.2105  -6.90356  30.4584  -3.34953  34.2448  -143.766  -1.44552  3.38178  3.33598  -0.249068  2.13436  -3.34048  -6.42827  -23.9932  -4.30707  1.38076  6.95332  -1.25719  -9.85332  4.4903  -9.97097  -207.314  46.7897  -7.73248  0.332487  -3.50757  
-1.36139  6.90338  3.68816  -9.21787  -13.7406  -5.15822  -1.97418  -4.28521  3.34594  63.065  11.5186  1.5685  4.09108  -0.388314  3.76173  -16.7768  -6.73033  -13.201  -4.80627  1.9402  6.16781  -1.43073  5.9586  4.76359  -12.0147  -216.776  28.4868  -14.2114  -0.184706  0.598816  
-0.87326  8.7408  3.46253  -21.0546  -2.09585  0.91939  -12.3476  2.81217  4.9311  286.343  19.9193  0.125226  -3.90772  0.791234  1.73678  -13.6845  -3.49592  0.355757  0.186658  -0.810256  0.746685  -0.950703  28.5023  2.38939  -8.34889  23.2189  24.6932  -16.7232  -1.69443  9.88784  
0.468524  6.3278  2.27617  -15.8691  8.50554  5.03896  13.0768  10.2801  33.5848  322.856  21.0145  0.139735  -13.1888  2.15342  -1.61913  8.76913  2.18406  4.13377  6.04087  -4.06807  -1.62794  0.414529  28.6935  0.995368  0.258368  282.239  37.4233  -12.4481  -2.855  16.9955  
2.07111  1.51301  1.16357  2.1415  12.4091  3.06484  50.1423  9.74695  55.3206  115.079  15.4764  1.41996  -13.2323  2.41744  -2.96839  34.0202  6.87939  2.31641  6.32059  -3.68439  3.61173  2.05676  1.2669  3.26557  7.82476  244.516  44.2317  -7.69839  -2.8395  14.501  
2.92205  -2.34561  0.781715  10.9734  10.4756  -2.78047  63.3227  4.57919  47.4769  -202.205  6.51616  2.24435  -1.63381  1.44783  -1.17357  38.1698  7.65294  8.80957  1.07211  0.633841  9.64389  2.93997  -30.6948  6.54431  8.87173  -121.377  24.9386  -9.39373  -1.69433  3.135  
2.45554  -2.84872  0.87776  -3.04844  7.33648  -6.50281  41.1522  4.64183  24.8892  -428.694  -0.25632  1.14524  12.0797  0.101791  1.63098  13.9407  4.22267  27.2686  -2.63025  4.08922  4.9591  2.49488  -43.4525  5.14116  3.82868  -477.811  -11.5097  -14.1819  -0.0933162  -8.15769  
1.04379  -0.512995  1.06824  -27.3339  6.00174  -4.36848  3.01464  10.572  15.8393  -458.613  0.928433  -1.2555  16.1231  -0.85444  2.13788  -18.2844  -1.40536  40.9963  0.912634  1.92737  -11.6926  1.10559  -37.437  -2.65338  -1.23626  -473.487  -31.0012  -10.4719  1.06485  -11.3459  
-0.343124  1.64495  1.52929  -36.299  5.9064  1.95525  -24.9974  11.3969  19.0774  -347.685  11.1117  -2.67495  8.79039  -1.39542  -0.646131  -28.5595  -6.59786  26.9687  8.71325  -4.59627  -27.2304  -0.257978  -31.3598  -11.3609  -0.762126  -142.947  -9.79374  6.80823  1.165  -7.32522  
-0.972398  0.929964  2.53783  -21.9009  5.08439  7.5968  -33.9089  0.222851  3.34467  -249.432  23.6528  -1.88999  -0.413161  -1.97654  -4.14246  -8.79322  -9.29853  -14.8424  12.0444  -8.90145  -27.5864  -0.883037  -35.3213  -13.2818  4.81508  125.958  32.8066  26.2672  0.38605  -3.41527  
-0.900519  -2.1047  3.74  -2.36798  2.66776  8.92497  -33.2626  -14.2425  -46.0674  -276.596  27.9915  -0.203571  -2.50192  -2.80922  -4.66183  17.1897  -8.41305  -51.2802  6.49631  -6.27355  -13.1275  -0.844443  -37.7793  -6.5546  10.0405  52.0411  46.1452  29.4313  -0.405411  -3.82953  
-0.763604  -3.88904  4.5023  1.40996  -0.899193  5.94253  -35.7101  -17.6163  -96.9532  -383.153  18.1797  0.302991  1.18332  -3.50873  -1.17701  19.0164  -4.34888  -47.0954  -2.77642  0.79126  2.30099  -0.773365  -21.9213  2.86854  10.4139  -196.543  2.39545  10.983  -0.448904  -5.19626  
-1.03107  -1.50523  4.94727  -6.84664  -5.00311  1.419  -44.2101  -8.71648  -103.041  -388.52  -1.56398  -0.449056  2.6174  -3.48118  3.64106  -6.43007  0.637268  -8.32123  -6.8851  5.50122  6.94091  -1.11383  9.71842  7.61715  6.6987  -202.652  -63.7019  -13.7478  0.248516  -2.05447  
-1.46304  3.88556  5.88667  -4.01653  -8.91715  -1.65499  -49.7242  -1.20752  -60.7208  -148.453  -20.0311  -0.60034  -1.69532  -2.66569  6.07089  -31.8188  3.669  16.3713  -2.85196  4.4187  1.95444  -1.59678  34.1207  6.28038  3.33246  178.577  -83.1829  -24.1024  0.913816  5.49252  
-1.34313  7.79387  7.40046  20.6862  -11.1462  -2.04677  -38.541  -5.00338  -12.2145  279.681  -28.0116  0.938728  -6.23414  -1.80547  4.86547  -31.2618  3.85756  -8.90112  3.80675  0.767026  -3.35203  -1.48611  33.1897  3.778  3.52959  607.189  -28.942  -14.7169  0.771451  11.7101  
-0.309992  6.85142  8.00466  48.2695  -9.84387  -0.568987  -5.45896  -12.2616  6.66207  657.942  -25.2744  3.01993  -4.29688  -1.76589  1.90658  -9.70841  3.37167  -55.4621  5.89219  0.0123907  -3.41209  -0.418438  15.8523  4.76991  6.39434  625.24  46.4139  1.28192  -0.216641  11.8815  
1.09181  2.14637  5.92122  50.2733  -4.64264  1.06373  34.9115  -6.86738  7.9058  775.375  -19.3924  4.0648  3.21985  -2.51561  0.0314694  5.37213  5.02195  -51.7222  2.33029  3.70236  -0.387831  1.04018  8.33443  8.06866  8.84794  183.616  62.1989  8.39502  -1.36712  6.99636  
1.81303  -2.09135  1.28454  22.412  1.98378  1.58746  52.9388  14.374  27.152  613.878  -17.9007  4.39125  8.99249  -3.00489  0.441133  -0.652298  8.49059  33.0271  -1.46448  8.59986  1.67343  1.80472  22.1596  8.28886  9.01589  -295.534  -2.83007  4.2653  -2.00266  1.38804  
1.31639  -2.67584  -3.50505  -10.1511  5.95328  0.578105  29.5396  36.2853  68.4421  317.421  -21.1872  5.33536  8.58118  -2.29409  2.04427  -12.3223  9.80222  138.823  -0.26602  10.7721  2.17016  1.31873  38.829  2.46675  7.26012  -393.109  -85.2519  -1.77336  -2.06491  -2.4197  
0.139453  -0.0156906  -5.79651  -20.8845  5.26029  -1.85922  -20.1424  41.7656  92.8245  29.1031  -22.805  6.42988  5.0689  -0.733109  2.86161  -7.97977  5.43739  167.142  5.33637  8.98692  2.29204  0.139261  31.4358  -5.97982  4.69011  -135.354  -103.853  -1.32996  -1.94058  -5.1434  
-0.635902  3.08378  -4.71587  -9.25732  2.62288  -4.97574  -55.6471  29.4195  68.7934  -185.246  -16.4024  5.11485  4.22692  0.286045  1.95926  6.71128  -3.31216  84.9949  10.0323  4.58694  1.311  -0.616943  -0.804363  -10.4412  2.29034  102.313  -42.5965  5.25078  -1.7474  -7.94133  
-0.442986  4.24614  -1.16293  4.42865  3.17254  -6.73343  -50.2089  11.7519  17.7437  -280.888  -2.78556  0.104417  6.82554  -0.173643  0.20186  3.01163  -10.8156  -37.4668  9.46047  -0.312343  -2.28014  -0.382212  -27.8123  -7.7143  1.18349  83.2715  38.8498  12.3753  -1.11464  -10.2018  
0.284599  2.9876  3.36023  5.60167  8.72459  -4.45639  -17.9974  -0.583741  -8.28201  -190.893  10.0494  -5.98163  8.00482  -1.52515  -0.870743  -29.831  -12.1692  -101.531  4.08901  -3.87649  -6.69773  0.364896  -22.4564  -0.715576  2.01741  -17.5829  71.3552  15.646  0.135427  -10.5816  
0.645528  0.362844  7.2748  -0.784122  15.0976  2.3475  3.3496  -8.1481  6.70492  82.477  13.7974  -8.93034  3.72814  -2.21793  -0.920456  -60.4449  -7.30824  -77.9612  -2.14643  -5.11625  -7.31954  0.681998  5.93489  5.0358  2.9404  123.721  39.6779  13.5044  1.19085  -9.1461  
0.194787  -1.97988  8.93638  -3.04034  16.5124  9.71029  -5.73637  -16.3663  17.0983  366.574  7.38544  -7.62027  -3.94272  -1.32325  -1.28227  -45.4263  -0.0921521  -20.873  -5.93178  -4.70505  -2.38302  0.142471  19.8308  6.51751  -0.264314  522.951  -16.184  5.43356  0.724058  -7.37957  
-0.684228  -2.67917  7.44414  -0.423804  12.2553  11.4675  -28.774  -24.8748  -29.2254  418.51  -2.11028  -5.17912  -8.65328  0.527093  -3.22062  16.7604  5.78764  8.32876  -6.88246  -4.66036  3.77353  -0.803329  -3.02179  4.62729  -9.36036  815.036  -49.4238  -7.16706  -1.46266  -6.35933  
-1.24082  -1.5887  3.77793  -2.53584  6.86441  5.45437  -36.4088  -26.5062  -117.301  188.823  -5.52783  -4.86204  -6.30906  1.76084  -5.82429  75.7819  9.11801  8.4262  -6.5393  -6.03585  5.43057  -1.35768  -41.0826  1.95817  -18.9366  657.447  -46.3865  -18.8292  -3.454  -5.66244  
-1.09645  -0.285115  0.0885628  -13.8572  3.19461  -2.89409  -20.1677  -16.2441  -165.565  -66.9313  0.47919  -6.20135  1.16195  1.33928  -6.6755  80.9337  9.92515  22.0527  -6.00438  -7.15433  2.75775  -1.15645  -50.7121  0.486011  -18.9887  123.807  -25.5228  -22.005  -2.66592  -4.05124  
-0.542177  -0.79558  -2.65058  -24.9535  -1.84872  -5.12543  2.1391  1.27052  -111.031  -29.6577  10.7602  -5.89749  7.69474  -0.3368  -4.99958  35.5438  7.93715  67.1456  -4.9846  -5.48132  1.74251  -0.536958  -15.2214  0.937069  -5.51774  -371.877  -9.00266  -13.7275  1.32535  -0.814201  
-0.17194  -3.22762  -5.40169  -22.0925  -12.0515  0.936815  8.97694  13.8918  14.578  312.82  15.6671  -2.14814  8.42601  -1.91938  -3.31653  -10.2646  3.40214  108.384  -2.75395  -1.51589  5.87855  -0.117249  35.8432  2.79503  12.4364  -516.503  -1.06489  -0.0633857  5.68143  3.55479  
-0.25065  -4.9871  -8.63638  -2.38716  -23.7503  7.63753  -3.52661  11.6989  107.779  610.3  9.03367  3.15995  2.94336  -2.38278  -4.6411  -17.3772  -1.52955  99.719  0.434698  0.796821  10.068  -0.156249  59.3412  4.29607  19.6183  -371.478  8.77351  8.3814  6.63579  7.51714  
-0.463774  -3.21617  -10.1998  21.5798  -27.123  5.11262  -22.216  -4.06584  94.1162  532.118  -6.37307  6.61173  -4.96211  -1.85772  -8.18139  5.57282  -4.12775  40.8439  3.10998  -1.18683  5.77809  -0.337976  44.3384  3.71769  9.6034  -203.494  26.3824  6.41744  3.13957  9.32875  
-0.310068  1.96386  -7.51371  33.4208  -17.3456  -7.18057  -31.4397  -21.4174  -1.66141  160.532  -20.2429  6.78242  -9.95203  -1.08159  -9.24794  24.1368  -4.13156  -21.699  3.70427  -4.55472  -7.49449  -0.182926  18.2654  1.69556  -8.56954  -136.574  40.8169  -0.431478  -2.03779  8.40227  
0.281533  7.06884  -1.98012  27.4171  -2.01845  -18.3954  -24.4715  -27.43  -88.4853  -79.8095  -22.7433  5.21554  -8.8352  -0.208561  -4.50953  22.5493  -3.98418  -46.8239  1.98199  -3.31868  -19.3093  0.361998  10.0845  1.30332  -19.8644  -66.2747  34.6156  -1.85889  -4.97199  6.0976  
0.82734  8.43928  1.20023  12.366  5.6747  -17.0449  -5.40228  -18.8561  -101.674  96.2085  -12.6313  4.42591  -3.07269  1.36831  3.49275  13.0041  -5.35653  -38.2447  -0.582105  4.33137  -18.7952  0.830755  18.2448  4.29666  -17.7632  101.312  7.76676  5.92456  -3.9918  4.6587  
0.840615  5.62673  -0.911826  2.03087  1.02689  -3.48603  15.7424  -4.03265  -53.5261  494.707  1.49474  5.27235  1.66418  3.83481  8.42718  7.81565  -6.5047  -29.0426  -1.85731  12.8295  -7.15077  0.780127  20.1983  7.39348  -7.81608  245.414  -13.3226  15.3133  -0.573129  4.78244  
0.425138  1.45465  -4.36867  2.45157  -7.77687  9.61536  29.9841  5.985  1.29976  643.941  8.87592  6.29775  0.756921  5.96267  6.9251  0.824705  -4.51891  -36.7754  -0.817156  14.6472  3.72298  0.341135  5.53916  4.56487  1.5074  160.516  -0.674061  15.2858  2.53988  4.69286  
0.144111  -0.918172  -2.22252  7.98591  -9.59804  9.74168  34.0681  7.70533  26.9112  292.758  6.2996  5.5466  -4.20229  6.03383  1.89176  -17.0893  0.176828  -46.2209  1.5081  8.18685  5.20094  0.0644511  -11.6773  -5.57368  7.04796  -144.684  37.7631  3.75732  3.56159  2.31814  
0.313141  -0.760114  6.62203  8.12457  -2.23785  -3.12067  30.0159  6.19469  24.3559  -343.66  0.314653  2.83239  -6.32283  3.85689  -1.46681  -36.7257  3.36434  -35.5424  3.07615  -1.03881  1.22877  0.237207  -13.7026  -16.0284  10.1052  -393.81  55.9022  -9.22652  2.46336  -1.68826  
0.615574  0.23299  14.4586  -2.11417  7.45433  -16.818  20.9753  6.4666  6.92298  -828.967  0.0623316  0.101601  -1.16902  1.35001  -1.56731  -38.093  1.86216  -8.01565  3.14957  -6.7373  1.75114  0.537827  -2.24192  -17.3617  11.3412  -342.503  16.7436  -11.5075  0.435636  -4.04953  
0.506158  0.223307  12.2822  -17.9649  13.1256  -19.0808  9.10588  7.137  -17.4803  -901.162  7.6373  -0.656127  7.12346  0.514378  -1.18867  -16.934  -2.40641  11.8184  3.28061  -7.61671  9.0304  0.446504  5.76267  -7.70155  10.3008  -74.6952  -58.7384  -1.24637  -1.04797  -2.52052  
-0.124245  -0.766914  -0.397599  -29.139  14.9013  -8.66073  -1.99508  4.41608  -38.1917  -622.413  15.6423  0.324313  9.5407  1.05867  -2.91679  7.06269  -4.42316  10.166  5.41337  -6.48411  14.8725  -0.124383  0.523983  4.9567  8.69761  94.8662  -103.27  11.7303  -1.22702  1.24804  
-0.848917  -1.17233  -14.527  -29.029  15.5449  4.87485  -7.4469  0.0360907  -36.8891  -236.185  15.5334  1.14495  2.17699  0.633703  -5.69573  12.3284  -1.75768  0.942062  9.00606  -5.22215  12.0802  -0.766468  -10.2101  11.3056  9.8353  13.4452  -72.4043  16.3168  -0.551482  3.48017  
-1.1993  0.078456  -20.3081  -19.6391  14.4898  11.0113  -7.41791  0.131972  -7.72647  26.6214  7.91758  0.837287  -8.91841  -2.38069  -6.69991  -0.906717  3.09803  8.23264  10.5746  -2.75544  4.58145  -1.06079  -13.2724  9.89572  13.3698  -119.046  3.42055  10.2045  -0.26522  2.42532  
-1.10198  2.0657  -15.9877  -8.49204  9.14609  7.25066  -11.2128  5.59781  23.6853  46.3463  2.63218  0.62461  -14.438  -6.80274  -5.41518  -13.6392  6.07044  36.031  6.94415  1.92009  2.3077  -0.966387  -5.70895  6.48343  13.4879  -13.0685  48.3202  -0.204769  -1.10636  -0.186157  
-0.822518  2.65321  -7.90504  -0.635162  1.1884  -0.595541  -28.0322  7.62871  20.6146  -145.997  5.96339  1.78253  -11.7141  -9.7173  -4.14309  -11.2278  5.77621  63.4391  -0.982311  6.58518  7.14523  -0.728329  4.75553  5.65601  5.35431  316.117  21.3288  -6.98787  -2.53086  -2.00865  
-0.647017  0.817582  -3.22411  4.93977  -2.72027  -5.17863  -51.1595  -2.4522  -20.0227  -363.785  9.73544  3.28149  -6.07637  -9.32014  -4.4586  2.96772  3.78497  66.9413  -8.2374  7.28207  8.7245  -0.58061  10.5716  6.00859  -7.74184  528.579  -41.6287  -6.23549  -3.2939  -3.02404  
-0.686417  -2.06968  -3.65482  11.0955  0.961965  -3.8629  -58.9568  -20.363  -56.1934  -372.471  -1.95061  2.68715  -3.11523  -6.18007  -4.66368  15.5326  1.7104  41.8664  -9.72908  2.75382  -2.93838  -0.609453  10.8161  4.07803  -16.9603  350.472  -69.5661  1.52951  -2.7739  -4.71104  
-0.854064  -3.64523  -5.51463  16.6319  5.81138  0.69175  -36.6758  -30.7548  -44.5964  -94.6041  -31.5359  -0.305041  -3.03954  -1.95251  -1.90145  18.78  -0.311086  4.08349  -4.60792  -3.83062  -22.6219  -0.760951  8.46582  0.3675  -18.0214  -106.342  -32.0757  12.3394  -1.61048  -7.00276  
-0.89502  -3.00902  -4.27285  17.1606  0.477981  4.59113  3.61119  -23.7941  8.29697  279.168  -57.7744  -2.91111  -3.23498  2.32004  3.78811  15.6482  -2.50393  -22.3032  2.89362  -7.85388  -32.0448  -0.834232  6.30149  -1.17664  -15.7139  -477.965  34.0467  19.5045  -0.98659  -7.65719  
-0.528114  -1.40409  1.40112  12.7146  -17.8712  6.35793  30.4432  -6.71474  51.8535  441.08  -53.3698  -2.34734  -3.09597  6.17846  8.67283  12.1564  -4.38784  -19.569  6.98729  -7.26704  -18.8417  -0.559505  6.35403  1.01851  -16.3867  -538.707  69.8369  17.0502  -1.49767  -4.99012  
0.255726  -0.507126  8.85154  10.3156  -37.2004  6.97707  22.6353  4.48862  47.7914  255.869  -15.6979  1.08426  -3.41681  8.6103  8.93365  9.02759  -5.35223  9.59136  5.2384  -3.41233  8.28995  0.124622  9.2102  3.46577  -18.0899  -363.826  54.5493  5.35406  -2.78238  -0.152979  
1.0283  -0.644661  13.5316  16.0716  -40.4109  7.67457  -10.0464  3.20044  11.2322  -109.082  25.1663  4.81026  -2.54782  8.06917  4.57865  1.41887  -5.48861  36.7197  0.454561  1.1066  26.1166  0.860809  12.1088  1.91414  -12.5479  -146.599  18.1448  -7.49526  -4.01685  3.98258  
1.24377  -1.08214  12.2895  24.5939  -22.4758  8.25232  -36.8031  -1.76375  -12.0058  -353.994  34.315  7.10424  2.25972  4.12375  -0.782828  -12.7546  -4.99876  25.5361  -2.41136  4.22046  19.0119  1.13065  9.47626  -3.05157  2.78317  23.7936  1.80127  -13.172  -4.52124  5.60774  
0.797472  -1.35937  5.84565  22.9176  3.71455  7.49513  -35.5778  0.933348  -1.69909  -324.749  7.10972  7.63077  8.9197  -1.33509  -3.72403  -26.596  -3.46088  -30.226  -1.40407  4.42978  -5.73389  0.794058  -1.34561  -6.4634  18.3024  153.702  15.409  -11.9909  -3.82518  4.9493  
0.156964  -1.60611  -1.69787  7.18473  19.4399  4.41204  -10.9463  10.2863  14.3492  -127.975  -27.3105  5.7001  9.1989  -5.206  -4.06347  -28.3125  -0.628322  -88.6938  0.561299  0.930624  -25.6219  0.255616  -15.2817  -4.86363  20.7246  223.669  34.3586  -11.4922  -1.61635  3.09954  
-0.182452  -1.69638  -6.17366  -8.36507  16.6455  -0.918898  14.5083  15.138  -3.1791  -2.24369  -37.3505  0.535702  -2.40955  -5.81958  -4.25316  -14.0327  1.97898  -93.1564  -0.466162  -4.95314  -24.8357  -0.0314418  -22.7363  -0.225888  7.61777  182.408  31.0104  -15.4562  1.90401  1.07649  
-0.26925  -1.05626  -6.70665  -5.66402  2.82923  -7.06281  23.2635  9.50313  -55.0572  -96.2968  -19.1056  -5.77043  -19.5624  -4.29656  -6.11107  4.71658  1.58276  -31.8452  -4.11802  -9.27622  -7.71068  -0.116659  -18.5356  2.61316  -9.17486  49.4525  3.24396  -17.907  5.27593  -0.0478252  
-0.535011  0.19278  -5.6748  14.4609  -8.1778  -11.4502  16.4043  0.324589  -97.9971  -338.246  5.80729  -8.31973  -27.5601  -3.17309  -8.46102  10.5847  -2.77815  44.7835  -5.50889  -8.25873  8.74243  -0.406238  -6.44269  1.48881  -15.2875  -65.4067  -26.8278  -10.8273  5.88462  0.392119  
-1.1277  0.533127  -5.60589  30.2551  -8.41048  -11.7337  7.71646  -2.27417  -90.2548  -500.265  17.0751  -4.77972  -18.4139  -3.69426  -8.20393  -0.400038  -8.0095  76.3518  -1.1661  -2.52778  13.0346  -1.0238  4.89824  -1.08037  -8.02466  -76.8034  -36.6737  3.83395  1.85858  1.37772  
-1.61307  -1.5031  -6.56321  22.7363  -0.0741091  -7.79033  6.27814  1.01045  -37.7156  -408.556  13.4386  0.563608  -0.827511  -4.7254  -3.7393  -12.5876  -9.03196  57.4129  6.04988  2.46784  7.87297  -1.52766  9.3115  -1.1416  2.70583  -31.7239  -22.3983  14.6921  -5.32691  0.659033  
-1.39694  -5.07284  -6.75079  -2.50221  8.91186  -2.28197  8.27297  -0.819637  9.78146  -137.033  6.20052  1.06014  8.39745  -4.22706  2.80694  -7.95376  -3.73151  38.0475  9.8862  1.83585  3.22668  -1.33116  6.46319  2.22404  6.94399  -62.2439  2.30833  14.4975  -10.2547  -2.17876  
-0.344912  -6.99951  -4.97099  -21.4979  12.1666  1.68433  4.99412  -13.9461  8.22652  29.3559  3.52585  -3.40042  2.86402  -1.62688  7.18376  11.8242  4.38341  59.0092  8.52966  -2.82145  4.57591  -0.310589  0.919729  6.06033  5.2706  -234.372  20.3256  9.36296  -7.14276  -3.7864  
1.07497  -4.72923  -1.83627  -16.9293  9.52678  3.54621  -1.05615  -29.151  -36.9446  -114.983  5.2242  -5.17489  -5.88347  1.48911  6.92341  25.5038  9.0223  101.708  7.24548  -4.37876  9.22408  1.06375  -1.37163  6.73617  5.90019  -450.892  21.818  10.5314  4.31761  -0.340945  
2.14947  0.703075  1.26258  5.7061  5.86403  5.02385  6.03466  -29.7519  -77.8471  -426.319  8.46708  1.67401  -1.76359  2.99275  3.5309  16.4773  7.13205  110.038  11.6116  1.97552  11.4259  2.08778  3.50887  3.53372  12.7556  -505.573  6.99019  19.0915  16.661  6.62669  
2.36608  5.14594  3.47938  26.3904  5.33714  6.74754  38.1814  -10.2341  -71.9235  -498.782  12.2022  12.4117  16.0132  2.26633  0.674041  -7.51256  2.06275  56.0701  19.3858  12.5545  8.48096  2.26525  14.6041  -0.958551  19.6249  -269.077  -14.0766  23.2112  19.8151  9.50279  
1.67722  5.15084  4.59661  29.6214  6.5447  6.37031  82.7978  15.8585  -21.6018  -92.6961  15.6444  15.6035  29.5332  0.544096  0.269063  -23.3108  0.405531  -28.2256  21.6382  18.1272  2.37017  1.56385  25.5856  -3.62659  17.8438  145.699  -24.0141  12.5984  10.318  2.07706  
0.546591  1.16677  4.61192  15.0522  4.75862  1.58631  105.129  28.0867  31.9923  554.698  16.4449  5.7977  21.2373  -0.56667  0.961627  -19.4944  5.13395  -83.1909  12.8245  13.2342  -2.21113  0.452808  27.8285  -3.65733  7.78585  435.613  -9.09564  -8.03395  -4.69409  -12.3408  
-0.28689  -3.11567  4.00218  -5.98283  -0.588628  -5.72674  78.5755  18.7891  50.598  921.417  12.5009  -9.8808  -5.63536  -0.629739  0.408685  -7.88642  11.9911  -76.4189  -2.30986  1.58001  -1.26706  -0.338849  16.4871  -2.54631  -1.03387  395.507  24.6174  -22.729  -13.7345  -22.24  
-0.356787  -4.18293  3.89465  -19.9427  -3.39072  -10.1751  14.783  -0.162115  31.044  716.913  3.90862  -19.2657  -28.7875  -0.397632  -1.65646  -6.22165  13.1891  -27.2343  -13.3627  -8.00708  4.74213  -0.366906  -4.46482  -1.73387  -2.50336  158.952  48.5099  -20.9956  -11.5401  -18.7862  
0.0727514  -1.56905  4.88927  -19.085  1.16153  -8.601  -41.4293  -9.91861  0.90322  152.653  -7.83195  -17.094  -30.0183  -0.643091  -3.31209  -15.2386  5.19455  14.0282  -14.6911  -10.2179  9.47502  0.0871577  -23.2645  -0.846034  -2.73083  61.8054  34.7829  -7.59098  -3.44171  -4.95652  
0.228595  2.2864  5.57776  -5.67729  7.39014  -3.56949  -50.5863  -3.17607  -12.1541  -324.682  -20.6404  -8.14527  -13.2851  -1.34011  -3.01145  -19.5302  -7.19818  8.24315  -9.79524  -7.14936  5.15561  0.257177  -29.2716  1.09886  -11.5329  221.324  -13.4139  4.13786  0.877269  7.34909  
-0.340924  4.46742  3.33518  9.7627  3.46413  0.163141  -14.4281  10.0116  -4.3216  -479.778  -30.7637  -0.486428  3.11631  -1.87142  -1.3758  -9.91548  -14.9847  -38.939  -5.83618  -4.30573  -9.08275  -0.283849  -22.7925  3.36664  -26.4646  344.693  -60.2633  6.23019  -2.55825  9.23088  
-1.16975  3.86337  -2.60858  15.7692  -12.4459  1.28826  27.9082  13.6256  6.04702  -423.192  -32.6523  1.84911  8.83849  -1.66468  -0.0967753  3.22415  -13.2231  -77.6895  -5.76363  -4.22406  -23.8985  -1.06161  -15.8788  3.57021  -31.4591  100.199  -71.7728  1.39019  -8.48613  3.18408  
-1.28249  1.55171  -9.2597  9.1115  -25.2125  2.25045  38.6444  1.9426  -0.781115  -361.173  -23.2125  -0.210104  9.36928  -0.512277  0.26419  3.28064  -4.97658  -55.3754  -6.67733  -4.64177  -27.2668  -1.13309  -19.6819  0.531697  -16.2891  -380.551  -50.1487  -3.32169  -8.5332  -0.86111  
-0.206841  -0.638567  -11.9478  -3.29197  -18.3976  4.34359  15.5333  -15.3803  -25.9142  -349.1  -6.18333  -3.27972  11.8549  1.37292  0.659678  -10.0594  2.67955  29.0448  -4.64824  -2.11255  -16.6611  -0.0727021  -29.7795  -3.5259  5.78868  -559.981  -27.9023  -3.94397  -0.234983  2.91686  
1.47729  -1.78599  -8.51369  -11.1485  3.65144  5.31963  -12.0233  -23.7282  -47.0852  -317.234  9.43478  -3.42622  12.4503  3.29456  1.84345  -19.0764  5.63349  112.932  0.649586  3.64501  -1.90487  1.53277  -28.1986  -4.83491  8.47397  -138.744  -28.8824  -0.606183  10.202  9.72788  
2.61805  -2.32566  -1.38948  -9.272  17.125  3.00995  -15.8174  -18.0939  -36.2497  -240.039  16.6286  1.88878  4.59535  4.25959  3.18883  -9.90068  5.34875  124.033  6.04735  8.95885  5.4266  2.58292  -4.56602  -2.3821  -16.5579  507.848  -42.924  5.86388  13.749  9.84473  
2.43694  -3.12978  4.46467  -0.194764  5.9154  -0.782824  6.55302  -6.67534  11.3668  -173.68  14.8462  10.7283  -5.23167  3.65025  3.37103  9.87078  5.17612  54.1482  8.30272  9.34836  3.95005  2.36283  26.7724  0.574512  -45.2734  707.679  -42.1093  14.7635  7.09131  0.159293  
1.04113  -4.38468  5.47595  9.2809  -17.946  -2.59823  37.3675  -0.36472  63.0122  -146.488  7.71317  16.4061  -2.63019  1.89509  1.72706  19.7844  5.77907  -31.0756  6.7259  3.61093  2.19631  0.992789  38.0878  0.227329  -44.8613  263.149  -15.7911  23.4192  -4.19297  -11.2511  
-0.742558  -5.34716  1.88577  12.6847  -27.1828  -2.47108  59.4278  -1.02101  69.5915  -95.5776  -1.88199  13.4142  11.1473  0.143517  -1.24052  10.4468  4.87312  -63.3196  3.08373  -4.58263  7.11185  -0.743911  20.5886  -2.96865  -11.1196  -329.328  18.1054  27.1044  -10.6312  -13.1095  
-1.89267  -5.10226  -2.85854  7.27568  -11.0247  -3.82285  67.5626  -1.59931  10.6736  43.1953  -12.2955  4.30258  11.9998  -0.871187  -4.40405  -6.24481  0.719812  -41.8117  -0.176135  -9.13545  15.6494  -1.87084  -0.552131  -4.71995  24.2517  -458.914  34.6631  22.9265  -7.03393  -3.36157  
-1.7703  -3.33168  -4.83965  -3.99279  13.2978  -7.5661  62.4916  3.01071  -79.5986  231.823  -20.575  -1.5707  -19.7025  -1.47812  -6.47105  -11.4216  -5.32619  -20.7509  -1.57993  -6.51646  18.7524  -1.74872  8.11567  -2.32138  27.2423  -77.6181  28.2499  13.2095  3.25147  7.83121  
-0.529216  -0.447178  -2.50285  -12.6293  22.7571  -9.35831  44.2552  8.46875  -136.737  361.239  -22.3419  1.52175  -68.1633  -2.32245  -6.32439  0.486003  -9.82563  -33.6287  -1.15856  0.763571  12.2965  -0.501985  47.195  1.56949  -1.05191  307.484  14.0409  3.67207  11.659  8.66101  
0.9197  2.7456  2.28909  -10.0947  14.4844  -5.11377  15.2684  6.57353  -121.732  362.606  -15.8858  8.24783  -91.4061  -3.20592  -3.74285  18.0125  -9.99827  -53.8599  0.156244  6.03393  1.83601  0.966169  78.7123  1.88088  -25.981  240.197  7.84369  -0.704397  11.9665  -1.59142  
1.55711  5.15127  5.76091  4.99148  3.56191  2.39564  -12.109  -3.19327  -55.2784  239.44  -4.85119  7.95043  -66.3994  -3.20231  -0.197901  25.6583  -5.71065  -36.8479  1.55377  4.5478  -3.85655  1.61199  66.3523  -2.44933  -18.1642  -216.373  10.1624  2.05909  5.1844  -11.8754  
1.09395  5.49022  5.31461  23.4053  -0.813756  5.70791  -20.4017  -11.1077  4.08686  11.5126  4.44076  -2.11723  -16.2177  -1.87563  1.59261  17.1281  0.555512  16.1194  2.74139  -2.14479  -2.3025  1.1302  15.9854  -6.46871  14.8906  -620.052  10.2286  11.67  -2.4441  -11.5267  
0.207392  3.03102  1.65092  31.971  -6.24246  1.92638  -3.55329  -7.69512  16.2794  -276.335  8.28073  -12.8434  16.0135  0.0390767  -0.00501779  -2.21648  5.25936  58.3123  3.52781  -8.20465  1.08333  0.220702  -32.0407  -4.37042  38.8181  -633.232  1.98356  25.0786  -5.75129  -1.50329  
-0.129404  -1.15066  -2.03775  25.1083  -21.2253  -3.39087  21.3121  5.21446  -8.17499  -476.252  7.90103  -14.0617  14.1903  1.38099  -3.5188  -20.3069  6.14903  56.4478  3.36188  -9.82504  0.516972  -0.107528  -47.3367  4.04335  30.4248  -312.234  -7.3618  35.5077  -4.55608  7.75048  
0.415098  -4.0959  -3.13904  10.4008  -37.0853  -3.18327  25.1684  16.2979  -28.4189  -379.432  6.94285  -6.94005  1.0233  1.69208  -5.2951  -25.3254  3.92829  28.5786  1.71552  -8.50225  -3.03124  0.477064  -36.4743  12.746  0.797007  22.2411  -5.22046  34.7662  -2.06919  8.46168  
1.28544  -3.35132  -1.81852  0.757485  -35.1123  2.23149  -4.24448  17.2689  -18.8327  48.5989  7.26105  -1.6032  4.17776  1.35345  -2.92374  -13.6108  1.62709  15.0656  -0.969567  -7.72345  -3.63075  1.37809  -23.4225  14.9012  -20.3525  120.594  11.4381  20.846  -0.855611  3.03423  
1.66284  0.325774  -0.235677  0.567909  -11.3199  6.25025  -43.493  11.2736  8.73297  494.311  7.5588  -3.27871  22.8403  0.831183  2.14393  5.28756  1.75894  28.0489  -3.19998  -7.4892  1.43829  1.74113  -14.6252  8.20811  -18.1484  10.8984  30.1793  2.84256  -0.911383  -0.767622  
1.2182  3.33121  0.0085419  2.46184  14.7266  5.10318  -50.8905  7.9173  25.0751  521.2  5.45757  -5.82775  34.0023  0.232003  5.81529  14.1739  3.96269  45.8086  -3.57517  -3.86476  7.35342  1.24428  4.4251  -4.2485  -5.49918  -76.2407  34.2018  -5.32049  -0.920228  0.128245  
0.279236  2.99387  -0.793054  -0.101994  20.7549  2.41621  -9.78545  11.5037  19.4067  70.3314  0.731299  -1.75929  24.3615  -0.467484  5.56356  4.61693  5.77631  50.9884  -1.99326  5.58848  6.77354  0.251557  39.437  -16.7925  -3.44609  41.9996  21.0306  0.594219  -0.0327374  1.10722  
-0.599205  0.718632  -1.41652  0.036973  6.72037  3.73028  47.1783  16.5084  9.81265  -339.486  -3.81993  4.80816  5.28324  -1.09461  2.96716  -11.7188  5.6974  55.9733  0.293321  17.2575  -1.69034  -0.658959  67.9003  -24.3409  -14.9749  310  8.13376  8.56089  1.84409  -3.62529  
-1.0779  0.396845  -1.29057  16.4608  -6.7946  8.96508  66.0586  14.6275  18.6041  -87.5498  -4.71464  1.51415  -3.7061  -1.38024  1.73056  -13.522  4.67169  81.0255  1.82316  23.813  -11.6017  -1.15337  59.9094  -24.4055  -23.8748  496.485  15.8282  2.43648  4.50164  -13.666  
-1.12803  3.46937  -0.820028  47.3469  -4.16835  12.7704  29.3277  4.46426  42.8827  803.784  -1.42646  -14.8071  2.22528  -1.20839  3.30866  5.45462  4.2062  118.78  2.11954  21.2809  -15.5158  -1.21375  15.2851  -18.0439  -17.1029  444.667  42.7271  -18.7275  7.0737  -22.4074  
-0.867658  6.61101  -0.592742  67.0518  7.76509  10.9258  -21.9839  -6.90802  52.3139  1514.45  2.84022  -29.3476  10.384  -0.619792  5.15409  25.8647  3.96111  131.692  1.83857  12.6608  -12.0599  -0.95069  -28.8407  -9.19403  -1.25521  228.883  61.7914  -36.1091  7.69331  -23.088  
-0.413823  5.25293  -0.754017  48.5035  11.0034  3.93154  -31.535  -11.5999  18.5549  1187.34  4.26121  -23.3969  6.71679  0.270842  3.6712  22.3698  2.13838  88.8904  1.89872  4.04321  -5.42209  -0.463542  -33.2684  -1.876  6.73735  45.1377  45.755  -29.5146  4.72429  -13.9431  
0.136918  -0.894773  -1.12731  -5.49796  0.385246  -5.37697  8.68855  -9.0654  -53.303  -136.786  2.36217  3.48955  -9.39395  1.32801  -1.437  -6.91548  -1.66344  -0.157281  2.53491  -2.01695  0.938411  0.149281  2.45095  3.00489  1.91021  -29.6184  -3.19737  0.321835  -1.22878  1.45178  
