0.601953  -1.0695  0.583105  1.2977  -0.975197  5.13456  0.159688  -2.70976  -2.2143  1.15984  1.59176  2.86805  0.148075  0.3806  0.852027  1.19437  3.47243  4.87874  -2.14365  -1148.19  2.02987  6.5986  8.9416  1.82857  1.99614  1.46296  1.06842  1.64306  -0.713784  0.426989  
-0.384291  -3.09943  -2.50953  1.72329  -6.6407  -4.28814  -0.719457  1.71211  1.5057  0.211066  -0.408092  0.433208  -1.72059  -0.525756  -1.91728  2.15136  -11.6442  8.20239  16.5258  -1632.71  0.521156  -2.99365  -4.61892  -3.15817  -1.99234  -3.37524  -0.331067  9.86623  3.09081  1.48711  
-1.13368  -4.5311  -3.68022  0.647759  -6.3299  -14.5713  -1.65828  12.6336  2.92928  -0.436955  -2.69372  1.02428  -3.32956  -1.09289  -1.78975  0.796723  -22.0142  8.71862  19.7625  -1396.23  -2.56769  -8.07783  -20.0832  -4.45181  -5.64378  -6.01861  -1.01786  10.4874  6.63341  1.57975  
-1.57591  -4.95241  -2.81123  -1.55221  -0.389275  -23.421  -2.51255  24.6621  1.50446  -0.593498  -4.60422  2.43149  -4.64759  -1.27037  1.29883  -2.25667  -22.8581  5.69497  6.9851  -318.115  -6.45992  -8.98864  -37.2265  -1.6674  -8.17239  -6.53259  -1.08823  4.03101  8.58058  0.375202  
-1.80521  -4.18401  -1.66992  -2.86864  5.12027  -26.0637  -3.09871  25.883  -1.41578  -0.171751  -5.16614  -0.361956  -5.93748  -1.23839  4.63507  -4.41466  -13.2049  0.0536791  -8.85557  972.172  -8.68417  -9.81851  -49.7632  2.26468  -8.78825  -6.5895  -1.15498  -1.63121  7.48178  -1.57198  
-1.90087  -2.26466  -2.10268  -1.73323  5.20821  -19.7597  -3.44585  13.5287  -3.81371  0.805058  -4.51223  -7.91999  -7.27745  -1.10855  5.43798  -4.35552  0.734202  -6.95687  -15.8641  1519.28  -7.85472  -12.7573  -46.1806  4.06359  -7.66949  -6.99793  -1.38884  0.362154  3.70449  -3.11983  
-1.77322  0.326442  -4.02633  1.35304  1.20656  -7.68632  -3.66151  -0.836432  -4.44331  2.07117  -3.98013  -13.8907  -7.9392  -0.790473  3.31968  -3.15898  9.10146  -14.0216  -14.1477  767.123  -5.12775  -15.187  -20.4738  2.92027  -5.8911  -6.75992  -1.2599  9.06884  -0.405549  -3.23981  
-1.24483  2.56232  -5.3603  4.24041  -1.35092  2.72976  -3.56742  -2.66481  -3.2342  3.06329  -4.44042  -11.7525  -6.51102  -0.191924  0.264684  -2.23679  6.60421  -19.0108  -11.8999  -938.741  -2.75679  -12.9826  17.0013  0.589971  -4.02448  -4.73739  -0.407382  17.6209  -2.69258  -1.74412  
-0.326006  3.39372  -4.13615  4.98909  0.530717  6.37675  -2.74575  11.3532  -0.913645  3.2394  -4.95002  -2.76924  -2.2645  0.522702  -1.48441  -1.50778  -3.3459  -19.6757  -13.4672  -2520.24  -1.75195  -5.8533  44.2644  -0.823526  -1.26469  -1.35808  0.596381  20.4844  -3.13502  0.467371  
0.632799  2.76258  -0.696127  3.33229  3.85842  4.9412  -1.12091  30.5146  1.40368  2.59905  -3.61919  4.6897  3.39843  0.997746  -1.38774  -0.412976  -12.4784  -15.8366  -14.4733  -2923.5  -1.36269  2.13929  46.6271  -0.837784  3.37008  1.79402  0.771206  17.8644  -3.24947  1.95373  
1.14552  1.91609  2.45499  0.590732  3.51354  3.83401  0.62773  38.9633  2.58315  1.72516  0.0590503  4.35848  7.43407  1.02288  -0.773095  0.239534  -14.6571  -10.0949  -8.94905  -1926.24  -0.521801  7.1678  29.4901  -0.594869  8.6817  3.62174  0.0627415  13.2898  -3.7956  1.75481  
1.00216  2.22761  3.06258  -1.60611  -1.19065  4.95306  1.51042  27.7574  2.02653  1.16427  4.13968  -1.07546  7.55381  0.748817  -1.29278  -0.99316  -9.93544  -5.4052  1.88449  -318.636  0.809487  9.40884  10.3698  -1.25369  10.9289  4.03192  -0.330584  8.87844  -3.64439  0.0825089  
0.458822  3.60863  1.24242  -2.50484  -5.19438  4.50715  1.16966  2.57075  0.379285  0.810899  5.80049  -3.64289  4.24177  0.500684  -3.16027  -3.6433  -3.99749  -1.93182  10.2388  712.443  1.78187  11.3618  -0.327436  -2.64372  7.17007  3.09199  0.697525  4.15488  -1.16756  -1.89699  
-0.00372314  4.39335  -0.879169  -2.4133  -3.40269  -0.938995  0.265912  -19.0758  -0.77599  0.0918514  3.99266  0.497627  0.219604  0.426677  -4.844  -4.88677  -3.86433  2.48069  10.3941  574.103  1.66807  13.2977  -7.33205  -3.47305  -0.89511  0.701446  2.66855  -1.29425  3.56093  -2.95047  
-0.10678  3.06997  -1.40229  -1.95075  3.15167  -8.05067  -0.207868  -22.6438  -0.516116  -1.23331  0.447161  7.15679  -2.03955  0.398403  -4.63775  -2.54094  -10.7174  8.50995  4.32907  -210.751  0.448826  12.0578  -19.8089  -2.78609  -7.43707  -2.41982  3.82684  -6.01657  8.2356  -2.5229  
0.034629  0.00511844  -0.314901  -1.35656  7.99391  -9.2814  0.0355416  -11.8113  0.267433  -2.63862  -1.94761  10.1709  -2.36871  0.23978  -2.47321  2.01195  -16.0004  13.2171  -1.91557  -498.668  -1.33647  5.09331  -37.0715  -1.10379  -7.74412  -4.08766  3.02396  -8.30219  9.99655  -0.833684  
0.101247  -2.81673  0.955182  -0.574965  6.23214  -2.16486  0.277597  -5.48956  -0.186164  -3.36312  -1.72878  8.89283  -2.64845  -0.0244765  -0.114806  4.86829  -8.57204  12.9361  -5.35842  313.615  -2.92173  -5.11878  -47.8824  0.118342  -3.10023  -2.18906  0.964649  -8.38369  7.66665  1.43253  
-0.101277  -3.74857  1.23269  0.0941366  -0.0521982  6.48601  -0.432422  -15.381  -2.16931  -3.2908  0.0102731  7.77266  -4.57641  -0.201965  0.580337  3.56166  10.2874  8.00735  -7.80201  1568.73  -3.54479  -11.9154  -43.3017  0.256329  0.453854  2.75856  -0.685057  -7.86189  2.59665  3.42532  
-0.474  -2.97525  0.637877  -0.0888713  -4.23078  7.84838  -2.21864  -29.5003  -3.76279  -3.06997  0.923117  9.12453  -7.6378  -0.151344  -0.489471  -0.578504  22.0788  3.17436  -11.1066  1885.5  -2.75533  -10.2885  -27.5213  0.469698  -1.38849  7.24822  -1.17009  -7.18435  -2.4027  4.40591  
-0.717229  -1.95229  0.173595  -1.44708  -2.67638  1.62418  -4.09239  -25.542  -2.99089  -3.28183  -0.272157  9.61116  -9.09698  0.107761  -1.73714  -4.07292  8.82249  2.4939  -13.3999  596.14  -0.781554  -1.87892  -14.0997  2.3953  -6.76387  7.66865  -1.18212  -5.07569  -5.07997  4.11552  
-0.567311  -1.58039  0.581576  -3.02877  1.09938  -3.22595  -4.71988  -0.178376  -0.294355  -3.67823  -2.6651  5.27372  -6.42356  0.477407  -1.63774  -4.68383  -21.8063  4.68085  -11.1672  -1330.7  1.48025  6.35749  -12.7002  5.78272  -10.0766  3.52041  -1.56478  -0.650781  -5.04717  3.01296  
-0.0224294  -1.35116  1.65867  -3.21961  0.360667  1.00007  -3.55463  23.8717  1.74174  -3.44987  -4.29081  -1.69437  -0.282755  0.871995  -0.160989  -2.88928  -37.3389  4.57849  -4.27452  -1993.41  3.05535  8.73879  -21.0475  7.99336  -8.39704  -2.24349  -2.06258  4.84546  -3.57164  1.95042  
0.600987  -0.305061  2.48859  -1.46431  -7.14676  11.5916  -1.3019  24.8288  1.27048  -2.19673  -4.25982  -4.61771  5.26433  1.19043  1.49021  -0.605048  -14.6214  -0.291666  2.81257  -399.462  3.5863  6.27867  -29.4578  6.41777  -4.22303  -6.02512  -1.80923  9.14011  -2.23448  1.35293  
0.875134  1.55175  2.27083  0.910001  -16.167  18.4444  0.699039  8.94115  -0.804358  -0.364081  -3.59759  -0.920028  6.22757  1.28189  2.14082  0.711707  29.8968  -6.03549  5.00003  2383.36  3.44219  5.2848  -31.8378  1.40679  -1.59718  -6.50843  -0.779119  11.1879  -1.67305  0.761071  
0.627509  3.24197  1.03661  2.05804  -18.7163  15.2989  1.60205  1.53225  -1.9634  1.36039  -3.87648  3.62159  2.8461  1.04105  1.50075  0.782524  54.13  -6.28065  1.7102  4063.97  3.14475  10.0798  -29.6832  -3.72009  -1.01769  -5.04024  -0.121163  11.2956  -1.397  -0.584173  
0.136493  4.07769  -0.31749  1.67001  -11.5743  5.78131  1.63481  13.6754  -0.870259  2.74785  -5.21744  1.48615  -0.278938  0.541417  0.252127  0.214708  37.6619  0.589161  -2.02586  3243.17  2.75435  17.4845  -24.7932  -5.73755  0.467016  -3.6228  -0.797795  9.80697  -0.589549  -2.65954  
-0.105014  4.29046  -0.78997  1.20812  1.08426  -1.86856  1.64263  28.4015  1.33917  3.83213  -6.01899  -7.09163  1.11552  0.015095  -0.396766  -0.00451013  6.57544  9.06677  0.297053  672.653  1.85345  19.2446  -12.2742  -4.26545  4.46588  -2.74976  -2.29297  6.83314  0.963192  -4.34657  
0.126157  4.19069  -0.229686  1.9532  11.9503  -4.06494  2.13093  23.3963  2.51874  4.22496  -4.76401  -13.9921  6.31409  -0.322696  0.362252  0.938195  2.50943  12.1962  10.7807  -1611.38  0.184267  10.5487  13.7421  -1.42831  8.1274  -1.18229  -3.10368  3.69756  2.51953  -4.34429  
0.566532  3.16333  0.470451  3.35924  16.8189  -4.14618  2.84339  -0.78925  1.82807  3.31857  -1.7491  -12.6615  10.1492  -0.426767  1.96618  2.99109  31.7215  8.8816  24.4919  -2323.78  -1.70369  -4.36058  46.8931  0.56992  7.11945  2.33233  -2.45313  2.92877  2.90082  -2.38904  
0.770286  0.278106  0.275706  3.81242  16.5422  -6.43988  3.2098  -22.3274  0.465619  1.414  1.29878  -5.34915  8.30835  -0.411543  2.5692  5.00583  57.1142  4.42215  32.4887  -1938.3  -2.56292  -15.6804  67.1824  1.05612  1.2155  7.12313  -1.16578  5.5013  1.55459  0.449044  
0.592383  -3.96536  -0.83181  2.7324  13.8589  -10.3819  3.01662  -23.9455  0.267941  0.0805346  3.11858  0.830096  1.58469  -0.444519  0.651225  5.61185  44.1278  3.85776  28.7994  -1712.35  -1.4065  -17.2831  59.1258  0.552841  -4.62426  10.6599  -0.624913  8.48989  -0.546765  2.61563  
0.303858  -7.16313  -1.76772  1.26642  9.66449  -11.7474  2.51124  -9.99714  1.66886  0.659167  3.99216  3.02438  -5.41579  -0.612418  -3.12071  4.5867  3.53978  6.10167  15.7375  -1982.74  1.47692  -11.6533  30.638  -0.112045  -5.35307  10.6988  -1.10654  7.25338  -1.22003  3.18339  
0.222837  -6.92612  -1.55461  0.73617  3.05675  -8.51012  1.93576  1.97776  3.14249  2.42077  4.85162  4.82774  -9.03976  -0.830922  -6.11774  3.07174  -22.4491  5.8522  2.08651  -1801.08  4.46771  -5.92956  7.97645  -0.167569  -1.25917  7.39099  -1.41401  0.597249  0.99541  2.29655  
0.322956  -3.38657  -0.544669  0.975113  -5.46657  -3.82838  1.16957  0.459456  2.64209  2.92341  5.76338  9.60252  -9.54945  -0.850502  -6.16185  2.26137  -12.754  0.436765  -4.89736  -281.103  5.74171  -4.22731  8.69485  0.836291  2.55927  3.08527  -0.23211  -7.14697  4.87747  0.806677  
0.280136  0.74994  -0.121438  0.705618  -12.2519  -2.61007  -0.0236442  -11.3738  -0.297638  0.639855  5.74023  14.5086  -9.59388  -0.448956  -3.57588  2.08918  7.86575  -6.63418  -6.04156  1973.24  4.66759  -4.69273  22.9176  2.36622  1.93391  -0.14137  2.28085  -10.3231  6.91622  -0.409219  
-0.117397  2.94908  -1.10448  -0.692172  -13.0408  -5.90374  -1.47004  -21.4563  -3.96073  -3.06321  3.92316  13.8943  -10.8673  0.291089  -0.369399  1.5365  1.38567  -9.62067  -8.13744  3160.87  2.20231  -3.32201  25.5349  2.91661  -1.97923  -2.38761  4.35874  -7.67992  4.42072  -0.915441  
-0.682315  3.30956  -2.647  -2.35426  -7.3468  -9.34411  -2.52327  -19.9711  -6.14464  -5.10059  0.627447  6.91433  -12.4364  0.935936  1.97845  0.159025  -35.8652  -6.87221  -15.088  2119.7  -0.0614559  0.903731  5.57457  1.55357  -4.6036  -4.9773  4.21436  -2.92878  -1.61211  -0.757689  
-0.985517  3.8625  -3.03396  -3.00839  0.235535  -7.19899  -2.64224  -6.95473  -6.26667  -3.7509  -2.82083  -0.535988  -11.7216  1.03152  3.38137  -1.18045  -69.0562  -2.10833  -22.4417  -360.615  -1.26747  5.18906  -22.0658  -0.479602  -3.35515  -7.78132  1.83108  0.261081  -7.14293  -0.202209  
-0.779075  5.61151  -1.53184  -2.41366  3.59252  2.09993  -1.97598  8.18952  -5.50908  -0.210776  -4.94262  -2.48868  -6.7227  0.505815  3.96238  -1.30796  -65.899  0.233882  -22.1273  -2329.06  -1.78251  6.2331  -35.3078  -0.595326  -0.177445  -8.20911  -0.824227  2.25994  -8.86991  0.516741  
-0.239085  7.00807  0.800757  -1.4881  0.210087  14.0281  -1.21119  14.9146  -4.89845  2.91384  -4.87084  0.737188  2.29482  -0.307915  3.17092  -0.175482  -30.5317  0.00856639  -12.1215  -2687.73  -2.48309  3.60373  -30.0854  2.18241  1.04322  -3.69341  -1.51821  5.60801  -7.14489  1.24015  
0.199046  5.78198  2.25616  -1.25949  -6.8389  21.1778  -0.809596  10.9684  -3.84072  4.08796  -2.74778  3.69355  12.2698  -1.03748  0.831  0.989816  6.76237  1.26178  0.362641  -2073.16  -3.69725  0.0652759  -22.7845  5.55729  -1.16763  4.72701  0.16998  10.2776  -4.88995  1.81615  
0.229514  1.85145  2.19693  -1.99383  -11.6008  18.9441  -0.596378  3.59411  -1.12361  3.63342  0.173399  2.66869  18.6774  -1.54531  -1.56389  0.955101  22.7854  7.64659  6.01842  -1654.46  -4.84176  -0.829699  -29.2374  6.04396  -4.7578  12.1179  2.42604  12.5608  -4.26371  2.1231  
-0.0713297  -2.12064  1.45307  -3.06062  -9.93823  9.29827  -0.283301  1.0273  2.91257  2.63581  2.21349  -0.838332  18.6511  -1.79391  -1.94315  -0.318439  17.1173  18.0857  2.49327  -1457.16  -4.95597  2.39079  -46.3077  2.64192  -6.60538  13.5347  2.91973  9.14436  -4.95798  2.14258  
-0.340142  -3.38161  1.17656  -3.29374  -2.47502  -0.830809  -0.169942  4.29207  5.90506  1.82176  2.66607  -2.90141  13.446  -1.61144  -0.150441  -1.76318  0.896057  26.3137  -4.81668  -426.369  -3.50986  7.77675  -57.2601  -2.17606  -5.19918  8.57037  0.958918  1.32128  -5.39234  1.90141  
-0.261017  -1.94267  1.61633  -1.7258  6.15015  -5.41296  -0.901781  7.81456  5.59802  1.47215  2.62698  -2.0375  7.58207  -0.815231  1.6322  -2.28775  -16.9694  25.1207  -9.81926  1831.31  -0.828377  11.1176  -51.8618  -5.19209  -1.16753  1.84422  -1.95892  -6.08167  -4.56155  1.30642  
0.166176  -0.416382  2.06679  1.41969  10.8479  -4.353  -2.36886  5.75861  2.16469  1.69396  3.83884  0.0649945  4.5231  0.400263  1.48051  -1.71944  -29.0658  12.5636  -11.4791  3980.67  2.09416  9.03828  -36.9149  -5.40343  4.03604  -1.31496  -3.55814  -9.48669  -2.26453  0.19834  
0.66336  -0.958488  1.75771  4.32206  9.78886  -2.50248  -3.2352  -3.78546  -1.76478  2.33867  6.38591  1.23484  3.27515  1.40313  0.011198  -0.84784  -24.8783  -5.27223  -12.1427  4181.83  4.2104  1.68586  -27.014  -3.97863  9.03136  0.232138  -2.60277  -9.49215  1.53232  -1.28273  
0.95683  -2.76604  0.628148  4.89169  5.47562  -3.70674  -2.12032  -17.8053  -3.42664  2.91052  7.99314  1.02565  0.0617647  1.62072  -0.684888  -0.659293  0.47377  -18.3993  -12.4461  2274.14  5.07289  -7.3341  -27.1344  -1.99783  12.283  2.82615  0.415321  -8.76823  6.37979  -2.49852  
1.01749  -2.94015  -0.684045  3.01859  2.2155  -6.38177  0.70803  -27.8227  -2.12195  2.98572  6.35112  0.14384  -6.4486  1.08779  0.103644  -1.38633  33.0969  -21.0216  -10.2029  195.636  5.03822  -13.6901  -26.6062  0.627693  12.0335  2.28567  3.85833  -8.27714  10.5468  -2.73569  
1.02428  0.137598  -1.41359  1.22543  2.10269  -5.93387  3.26412  -23.2327  0.77694  2.63495  2.0536  -0.882756  -12.4915  0.405469  0.887001  -2.20507  45.9859  -15.9702  -4.06154  -73.6325  4.82278  -15.0692  -11.205  3.85474  7.14918  -1.53533  5.96897  -6.6624  11.6109  -1.88393  
1.12231  4.70535  -1.27235  2.16789  3.28739  -1.32453  3.81714  -1.88428  3.42948  2.15531  -1.55888  -1.60253  -13.0761  0.160664  0.0964761  -1.95036  26.0764  -10.5997  3.91902  1315.99  4.78181  -11.8863  19.2545  6.19157  -1.45551  -4.82866  5.80572  -3.01223  8.58348  -0.492889  
1.25809  7.12474  -0.605779  5.41819  2.32483  2.60992  2.72661  21.8815  4.84553  1.46509  -1.9571  -1.1235  -8.08356  0.438908  -1.80726  -0.320069  -6.6655  -8.72956  10.4086  2342.39  4.60811  -6.13012  46.9734  5.72676  -10.2104  -4.46015  3.85685  1.18863  3.11665  0.891253  
1.24451  5.41241  -0.0366385  7.35912  -1.81286  0.716262  1.91397  27.4153  4.77007  0.21678  -0.362218  1.05883  -3.0321  0.867373  -2.97755  1.62718  -14.8694  -7.58974  14.3637  1431.69  3.75944  -0.340639  52.3107  2.42315  -14.4616  -1.65337  1.86573  3.6222  -1.94092  2.18672  
0.960053  0.950521  0.0719129  4.98407  -6.35363  -5.38904  2.50339  10.9927  3.01368  -1.43767  -0.412454  3.59208  -2.83921  1.04327  -2.37752  2.41221  17.6437  -3.2026  17.3363  -883.785  2.13265  3.13736  34.3524  -1.33574  -11.7154  -0.329052  1.47882  3.86153  -4.92703  3.35869  
0.463291  -3.07527  -0.158301  -0.531237  -7.47408  -7.89768  3.51114  -6.76528  -0.417307  -2.66327  -3.84435  3.79879  -5.59433  0.871547  -0.74711  1.6636  65.6465  2.93211  20.5866  -2758.37  0.290386  3.24269  12.9084  -2.99755  -4.19026  -2.26072  2.55394  3.37443  -6.02619  3.80502  
-0.0638364  -4.5098  -0.421444  -4.60653  -4.11884  -1.51598  3.15553  -4.08488  -4.5403  -2.86539  -8.19423  0.592821  -4.35404  0.551708  0.522237  0.565604  86.4358  4.55863  23.2897  -3088.4  -0.955588  1.1071  7.56437  -2.33113  2.47864  -4.90153  2.97059  3.16233  -5.97381  2.71165  
-0.44997  -3.51233  -0.62479  -3.81352  1.20222  9.43952  1.17731  14.3587  -7.4154  -2.53634  -9.25517  -3.64423  4.63192  0.32657  0.654363  0.613049  63.5749  -1.36017  23.8048  -2383.04  -1.15035  -0.631827  16.0938  -1.33449  3.86305  -4.49138  0.670323  2.59281  -5.03084  0.205754  
-0.623757  -1.70922  -0.9141  0.692904  5.10014  14.3771  -0.710199  22.6183  -7.55442  -2.65753  -5.5378  -5.01104  16.5367  0.262633  -0.215176  1.88964  23.0708  -8.90634  21.7091  -1780.73  -0.545362  -0.0167554  17.4002  -1.70051  0.455455  -0.534124  -3.93291  1.14099  -3.46962  -2.22531  
-0.626296  -0.637148  -1.34664  4.39998  6.24071  7.12098  -0.771888  7.32853  -5.35056  -3.30307  0.246802  -2.08438  22.1391  0.230066  -1.42399  2.73869  3.11099  -7.64043  17.9457  -1692.15  0.00807528  2.45624  -3.2024  -2.93526  -3.28842  3.76043  -7.89768  0.226071  -2.24101  -2.91159  
-0.551489  -0.834478  -1.69034  3.83003  5.63163  -7.55413  0.759084  -14.0997  -2.56887  -3.33116  4.05608  2.87989  17.153  0.0844507  -2.08087  1.33386  11.4223  6.18853  13.4397  -1623.41  -0.368442  4.33903  -35.507  -3.1704  -3.78093  5.19963  -8.42973  1.94806  -2.19522  -1.59789  
-0.455604  -1.63077  -1.55258  -0.456471  4.78211  -18.504  2.0049  -15.8308  -0.354823  -1.78451  4.34146  6.67209  6.20706  -0.144289  -1.46143  -2.36697  18.7197  23.2079  7.8813  -999.159  -1.79142  3.34852  -54.717  -1.52323  -1.49682  3.74056  -5.61051  6.04012  -2.76903  0.406124  
-0.296699  -1.66017  -0.662027  -4.78756  4.12981  -18.6705  1.60343  3.16053  1.65701  0.773749  2.80849  8.33252  -2.49926  -0.258128  0.382662  -6.18854  -4.58657  27.7026  -0.240598  162.716  -3.25872  -0.753286  -48.2117  0.872298  0.658318  1.77903  -2.23102  9.27421  -2.42142  1.6841  
0.0136956  0.0449979  0.918952  -5.7702  3.23013  -10.4749  0.123815  19.102  3.91626  2.78752  2.0134  8.71796  -5.27742  -0.117627  2.48017  -7.42961  -50.7677  12.8396  -12.3466  1345.9  -3.3662  -5.869  -27.3786  2.05669  1.26538  1.21879  -0.86957  8.7037  -0.718943  2.01982  
0.457859  2.84683  2.66754  -2.93009  1.83957  -1.82179  -0.799051  15.2298  5.26659  3.44267  2.82932  8.25435  -4.92204  0.157572  3.85496  -5.22744  -81.1992  -10.6625  -27.2675  1958.46  -1.72731  -8.80645  -12.5895  1.14681  1.71719  1.96285  -1.41301  5.00732  0.708703  2.12752  
0.838185  4.74715  3.72721  1.33154  0.392473  1.97211  -0.454017  1.13068  3.92388  3.39771  4.25626  6.06923  -5.54175  0.285001  4.45482  -1.35132  -68.6163  -22.8761  -39.2454  1616.23  0.358325  -7.54381  -10.3933  -1.02834  3.5224  2.67706  -1.58874  1.73668  -0.00807955  2.4066  
0.927757  4.29477  3.45292  3.96394  -0.488885  2.0104  0.250147  -4.48676  0.163065  3.67084  4.98415  1.74419  -7.62328  0.140077  4.82706  1.49076  -25.3582  -13.5068  -39.8751  324.755  0.994215  -3.21928  -9.31121  -2.71847  5.82162  2.07512  0.252328  1.49747  -2.3686  2.39139  
0.730275  2.28208  2.08435  3.62133  -0.664437  2.90139  0.130706  -0.0792574  -2.99028  4.23194  4.62493  -3.76997  -8.72568  -0.0673598  5.05375  2.28668  13.6179  7.43775  -24.7673  -1329.59  -0.373376  0.139141  2.87999  -2.53147  6.40101  -0.239104  3.32009  3.54375  -3.62899  1.42169  
0.515217  1.00746  0.710055  1.36113  -0.533356  7.10455  -0.656858  0.700518  -2.69925  4.04287  3.62862  -9.16479  -7.44493  -0.0130586  4.50262  2.49445  28.4844  19.1657  0.463602  -2315.24  -2.29459  -0.775153  22.591  -0.274564  4.709  -3.11592  5.3675  4.9993  -1.90436  -0.503371  
0.513519  1.75113  0.268853  -0.789555  -0.649756  12.1929  -0.789322  -6.54788  0.48669  2.27364  2.62678  -13.9555  -4.85432  0.353505  2.72858  4.01395  28.5336  10.661  22.4398  -1827.96  -2.76066  -4.55128  33.5915  2.84293  2.72427  -3.99941  5.07898  3.53409  1.43723  -2.69737  
0.601489  3.2516  0.597028  -1.77157  -1.38444  13.1955  0.452266  -8.26153  3.3188  -0.852426  2.0632  -17.5331  -2.09231  0.698317  0.197345  6.48825  30.8665  -9.53238  30.6233  -45.0032  -1.19302  -5.50617  25.3168  4.79141  2.23574  -0.984938  3.08268  -1.21927  3.15254  -4.37089  
0.398843  3.09081  0.718149  -2.101  -2.8553  7.518  2.02826  6.231  3.50963  -4.22265  2.16074  -17.9784  1.42228  0.628276  -2.10084  7.24404  35.3639  -24.241  26.136  1924.73  1.14186  0.298633  5.60681  4.07472  2.38946  4.43202  0.753386  -7.81923  1.82369  -5.02596  
-0.265094  0.367609  0.111982  -2.58374  -4.80836  -1.80287  2.16988  24.804  1.89849  -6.45919  2.84344  -13.7431  6.4127  0.0861225  -3.49348  4.26199  26.8696  -25.9276  19.1938  2985.42  2.55646  9.83143  -6.46824  0.953464  0.797081  7.66163  -1.35239  -13.6328  -0.56949  -4.49092  
-1.05372  -3.12033  -0.67754  -2.93439  -6.45219  -7.9748  0.494847  24.137  0.761041  -6.41103  3.68045  -6.63249  11.1171  -0.604414  -3.79354  -1.0167  -1.72842  -21.5002  17.6684  2964.53  2.51729  15.3303  -0.411856  -2.80383  -3.19364  5.50812  -3.4631  -15.8294  -1.16682  -2.97099  
-1.37984  -4.47118  -0.843346  -2.02913  -6.65841  -6.3443  -1.30914  -0.343368  0.879723  -3.76496  4.15216  -1.27518  12.1629  -1.05999  -3.07614  -4.51148  -36.2835  -20.0567  19.5137  2540.9  1.79715  12.6279  13.721  -5.5062  -7.20042  0.117771  -5.29454  -12.9938  0.32383  -1.14183  
-0.963599  -2.30365  -0.380189  0.348412  -4.80377  0.775817  -1.18555  -25.9875  1.02409  0.341929  4.11277  -0.181466  8.36241  -1.13992  -1.7132  -3.44141  -54.0386  -20.3875  17.1341  2337.85  1.40047  5.62171  14.6618  -6.7386  -8.35515  -3.02769  -5.51041  -6.241  1.5404  0.180101  
-0.0830368  1.96942  0.0315418  2.66186  -1.56306  5.79313  1.02967  -28.3573  -0.0670353  3.6221  3.81134  -0.477711  2.43273  -0.943185  -0.50245  0.7829  -45.6513  -13.6884  7.78561  2229.9  1.59234  1.11061  -7.56767  -6.70477  -6.27502  -1.39692  -2.97209  1.70151  0.773045  0.754827  
0.714188  5.3122  0.0664115  2.92529  1.36385  3.32632  3.36501  -9.27025  -2.09176  4.31377  3.29315  2.79986  -1.62012  -0.623469  -0.226576  3.95687  -22.6502  2.99495  -2.69726  1580.54  1.91564  0.36018  -38.4934  -4.89969  -3.05156  1.58795  1.58175  8.77149  -0.793677  1.12463  
1.0761  5.63321  0.166151  0.905797  2.63957  -3.78907  3.75603  6.45125  -3.587  2.80296  1.93631  9.88922  -2.46569  -0.300738  -0.883142  3.32229  -2.74822  20.5764  -7.07184  98.7886  1.87802  -1.79848  -50.1274  -0.270298  -0.71868  0.939215  5.5895  14.5538  -0.841728  1.81625  
1.01846  3.51918  0.795927  -1.42655  2.41472  -6.9508  2.07256  0.561185  -3.40329  1.21924  -1.04014  15.0917  -1.77385  -0.110545  -1.73838  0.15248  8.38266  27.1301  -5.57216  -1572.95  1.48985  -8.98586  -26.5746  6.74286  0.513587  -3.4832  6.71738  19.034  0.754846  2.47699  
0.75462  1.41644  1.68696  -1.88336  1.85444  -0.836493  -0.0599442  -18.6688  -1.44261  1.1162  -5.44006  13.1549  -1.35767  -0.164287  -2.37952  -1.85113  19.3768  21.0742  -5.69719  -2168.38  1.19699  -16.7301  20.249  13.056  1.10532  -6.83202  4.85806  21.1452  1.60319  2.26735  
0.468666  1.01678  2.14497  -0.305646  1.57553  10.5141  -1.19326  -27.5459  1.5292  1.79941  -9.62581  6.15453  -1.1931  -0.396453  -3.20161  -0.346331  38.3082  12.3947  -13.4075  -807.048  1.35515  -16.4121  59.6643  14.841  0.528575  -5.58678  1.9841  19.2837  -0.0290105  1.20349  
0.222471  1.48522  1.89354  1.45518  0.959216  17.3366  -1.3774  -13.2564  4.18275  1.32167  -11.5191  1.88674  -0.683661  -0.552263  -4.48479  3.60002  58.687  10.6777  -26.1731  2144.08  1.79895  -5.6206  68.3218  11.0094  -2.1829  -1.94676  0.0971253  12.8551  -2.74459  0.50223  
-0.0465452  0.639203  1.2593  1.68096  -0.593065  13.5911  -1.51253  14.521  5.03622  -1.01783  -10.2035  5.26488  -0.603725  -0.488529  -5.23103  6.83127  64.3182  14.4105  -35.5317  5180.04  1.90935  7.66514  49.3515  4.36305  -6.40255  -0.608976  -0.486367  2.67618  -3.62556  1.0414  
-0.479712  -2.23168  0.559354  0.461705  -2.112  2.51321  -1.89331  35.7808  3.15488  -3.71925  -6.5515  12.6525  -2.40345  -0.433127  -3.74659  6.97336  48.2038  14.3166  -35.6784  6730.23  1.16239  12.6421  26.8581  -1.0162  -9.32945  -2.48764  -0.840481  -9.73583  -1.88003  1.80002  
-1.1516  -5.09578  -0.303725  -0.737993  -1.66495  -6.78877  -1.93636  38.1429  -1.01711  -4.72511  -2.28218  15.5526  -5.62056  -0.777537  0.316402  4.09311  22.8296  5.9981  -28.3981  6254.29  -0.343669  6.36751  21.554  -3.41644  -8.42544  -3.82727  -1.71014  -22.1967  0.20635  0.703466  
-1.88578  -5.16907  -1.51094  -0.866451  1.15203  -7.46605  -1.32604  22.8699  -5.58191  -3.59415  1.39248  9.72875  -7.29185  -1.52792  4.90628  0.175943  6.59059  -4.04389  -19.8427  4297.83  -1.91833  -4.24395  30.9203  -4.2322  -3.90589  -1.67183  -2.46689  -31.1149  0.221287  -2.65919  
-2.27382  -1.95356  -2.82535  -0.155055  3.9337  -0.397908  -0.850441  -0.926748  -8.13408  -1.66912  4.16389  -0.58166  -4.93886  -2.10338  7.11011  -2.65629  1.27733  -6.5573  -13.5269  1614.01  -2.8376  -10.5916  33.973  -5.47792  1.48249  1.93869  -1.9135  -32.3359  -1.41714  -5.82695  
-1.998  2.05399  -3.67732  0.604355  3.55501  7.11508  -1.62666  -23.032  -7.17264  -0.3227  5.98957  -7.27008  0.209199  -1.83635  5.79957  -3.67857  -9.95461  -1.44522  -7.38277  -1494.96  -2.86485  -10.4288  15.637  -7.21822  4.90285  2.68137  0.0044439  -24.4457  -2.19444  -5.72602  
-1.1559  3.83795  -3.67286  1.17465  -0.526542  7.72268  -3.57686  -34.6389  -3.12549  0.425135  6.57288  -6.49781  3.82226  -0.673897  2.66154  -3.74737  -38.3655  2.09751  2.50424  -4810.34  -2.22921  -7.44238  -15.4793  -7.77518  5.40268  -0.247592  1.66978  -11.0706  -0.781721  -2.03252  
-0.184095  2.79672  -2.87499  1.97354  -5.66381  0.540586  -5.11619  -30.6622  1.77893  1.44093  5.71813  -1.6368  2.82365  0.738943  0.622644  -4.10712  -69.7133  -2.49492  15.938  -7465.06  -1.25932  -4.7863  -36.1199  -5.9651  3.63653  -2.89555  1.23446  1.35947  1.37383  2.37812  
0.563113  1.05319  -1.61318  3.21781  -8.83927  -7.61446  -4.63028  -13.7438  4.95175  3.06793  3.98897  1.03395  -1.23031  1.67945  1.22782  -4.80877  -77.5337  -10.3899  26.8521  -8150  -0.208088  -1.80599  -34.0804  -2.50113  0.877544  -1.40346  -1.38729  8.59334  1.89385  4.50612  
1.08358  0.875799  -0.205535  4.39748  -9.27982  -8.08603  -2.08635  5.54611  5.35774  4.52778  2.56028  -1.54843  -3.49645  1.93147  3.43082  -4.46272  -55.5006  -10.9484  28.1751  -6359.74  0.610694  2.8157  -20.6538  0.927969  -1.50188  3.34058  -4.14172  11.2003  0.1383  4.15383  
1.53647  2.12899  1.08206  4.5725  -7.90589  0.742925  0.983887  16.1528  4.14506  4.77557  2.17708  -7.37766  -0.779673  1.75649  4.89576  -1.84331  -27.4094  -0.913513  19.062  -3164.93  0.795517  6.95099  -14.9012  3.38686  -2.2155  6.8238  -4.64662  12.1544  -2.41875  3.34119  
1.88637  2.46627  1.96978  3.07447  -5.08365  10.3191  2.98854  15.574  3.09928  3.65548  2.39901  -12.5503  5.16607  1.48005  4.36941  2.25425  -19.8888  11.0582  7.19831  -365.747  0.205649  6.52797  -20.1073  5.1907  -0.608325  6.07368  -2.45783  13.0136  -3.9796  3.27306  
1.88602  0.260187  2.20874  -0.149591  -0.456439  9.11378  3.5102  9.66343  2.59258  2.1067  2.11405  -15.0779  9.29194  1.28466  2.87563  5.28343  -32.1082  13.4093  2.80774  1139.9  -0.681885  1.00671  -21.7185  6.75447  2.64914  2.56202  0.488105  12.9379  -3.91835  2.88253  
1.44269  -3.06389  1.71963  -4.35643  4.95017  -5.54087  3.18954  2.94578  1.62326  1.29691  0.872742  -15.3872  8.11101  1.28888  2.52975  5.46046  -40.2911  3.38226  9.06064  1885.46  -1.00923  -4.54552  -8.735  7.5622  6.0863  0.0249878  1.74876  10.7059  -2.6589  0.70502  
0.856163  -4.22847  0.708712  -8.0628  8.02138  -23.2464  2.81898  -7.28917  -0.317494  1.62016  -0.363366  -14.0061  2.82724  1.53886  4.13311  3.6959  -29.1215  -11.4092  18.5337  2735.9  -0.348727  -4.22754  9.8949  6.54363  8.53058  0.347465  0.709256  6.36377  -0.850336  -2.54164  
0.575392  -1.83021  -0.358473  -9.50083  6.38593  -29.1225  2.78004  -24.1026  -2.09682  2.41431  -0.00796455  -10.432  -2.45751  1.83876  6.09704  2.4815  -8.1705  -21.2578  20.384  3674.85  0.727485  2.176  14.6533  3.59435  9.46494  2.0219  -0.931718  0.782598  1.03531  -4.21562  
0.722001  1.80104  -0.958985  -7.79317  1.59086  -16.9586  3.07903  -39.9955  -2.3386  2.5808  2.43897  -4.47938  -4.93053  1.76849  6.03634  2.90637  4.26633  -22.4001  11.6636  3962.14  1.09448  8.72524  -0.833555  0.243588  8.39447  2.17318  -0.942854  -5.2978  2.60985  -2.73702  
0.9435  3.11283  -0.867904  -3.87828  -1.94821  5.74413  3.45848  -39.6926  -1.31389  1.49642  5.41787  1.65458  -5.16182  1.07986  3.20496  3.48324  5.34184  -17.7391  0.630499  3247.09  0.22252  9.52463  -21.411  -1.48211  4.47659  -0.495086  1.28324  -11.0299  3.47064  0.33841  
0.766895  1.34902  -0.384685  -0.00523564  -1.65675  24.6773  3.40621  -17.2473  -0.549795  -0.517811  6.28739  4.46121  -5.16095  0.023039  -0.905003  2.25724  8.08603  -12.0091  -2.14274  2063.8  -1.20892  4.51527  -27.0775  -1.09571  -2.26626  -4.60086  4.30673  -15.0407  3.26862  1.79437  
0.0444159  -0.857569  -0.102458  2.09751  0.411212  29.6464  2.41844  13.0853  -0.764356  -2.54751  3.63776  2.48008  -5.43848  -0.865956  -4.36747  -0.646057  21.3287  -7.24565  4.80588  1168.93  -2.02625  -1.45508  -13.7079  -0.26202  -9.61956  -7.46903  6.08543  -16.1392  1.83464  0.10422  
-0.964605  -0.980241  -0.313709  2.52244  0.203823  20.1354  0.579538  28.3596  -0.970697  -3.86089  -1.20158  -1.59376  -4.7114  -1.32832  -6.54409  -3.25379  38.1312  -2.10866  12.1927  730.457  -1.90867  -4.39639  4.63162  -1.01471  -13.8706  -7.55103  5.60852  -14.3413  -0.631074  -3.22674  
-1.85804  0.430069  -0.695576  2.55128  -3.44775  3.67312  -1.2536  19.9891  -0.0604391  -4.32932  -5.09082  -3.14446  -2.0145  -1.55783  -7.79354  -4.23725  45.8261  5.45744  9.28305  356.565  -1.77003  -4.7196  11.8457  -3.32339  -12.5308  -5.67567  3.2479  -10.5224  -3.40778  -5.65627  
-2.36305  1.0745  -0.677215  2.99341  -7.52324  -9.81704  -2.14273  1.22321  1.51365  -4.16066  -5.7499  -0.256394  1.81545  -1.80119  -8.09907  -4.21249  41.7018  14.5299  -6.0351  -306.321  -2.61347  -5.20402  5.46669  -4.9314  -6.7633  -4.03482  0.0603786  -5.25674  -5.51588  -6.26041  
-2.3747  0.372108  -0.0756314  3.39063  -8.3574  -13.8555  -2.02016  -8.9957  2.45629  -3.44589  -3.66672  4.40415  5.23738  -1.93134  -6.87349  -4.29493  33.7181  20.5818  -25.7899  -1283.13  -4.12169  -6.82663  -3.38924  -3.88612  -0.648178  -3.94062  -2.86301  1.18334  -6.38176  -5.85249  
-1.88403  0.0757947  0.775377  2.88313  -5.60707  -9.24115  -1.70903  -5.66636  2.53473  -2.13117  -1.38729  6.52171  7.65518  -1.60209  -4.20692  -4.35952  28.938  20.0769  -38.6491  -2413.55  -4.70759  -7.83023  -1.95512  -0.964593  2.10479  -4.59864  -4.60513  7.48137  -6.08482  -4.94017  
-0.986688  1.29462  1.50008  1.29831  -2.16373  -2.98976  -1.88947  1.7337  2.6749  -0.393628  -0.974229  4.68556  9.43105  -0.758249  -1.5067  -3.59746  26.6929  15.6016  -38.1475  -3436.51  -3.15356  -6.30818  12.9421  1.10861  1.03067  -4.21186  -4.66847  10.8929  -4.67288  -2.75379  
0.0401456  2.39409  2.06358  -0.866604  -0.691796  -2.01241  -2.23601  4.59351  3.07345  1.21218  -2.22063  1.31985  10.5896  0.162568  -0.274455  -2.38565  23.4187  14.1565  -26.474  -3889.7  -0.072664  -2.752  32.7989  0.890531  -0.997283  -2.14771  -3.37118  9.35156  -1.61571  1.15756  
0.787874  1.0406  2.57168  -3.21018  -1.03196  -6.37664  -1.85409  4.13944  2.30945  2.13424  -3.22866  -0.647019  10.4754  0.605762  -0.559434  -2.36784  18.8391  18.1894  -11.958  -3260.83  2.48836  0.389169  43.6072  -0.0829286  -0.659166  0.406323  -1.87351  3.92212  3.38088  5.20342  
0.964416  -2.35178  2.87348  -5.53502  -1.22322  -9.30757  -0.519621  4.56553  -0.653812  2.24209  -2.50358  -1.07894  8.95551  0.387657  -1.13459  -4.17428  14.3795  20.1265  -2.27705  -1520.88  3.00555  0.995621  35.1481  0.569721  2.72858  1.94031  -1.36876  -1.69195  8.93043  6.85102  
0.637897  -4.6956  2.63207  -7.12755  -0.398959  -4.74575  0.883106  4.01165  -4.15513  1.71843  -0.331973  -2.0155  6.98131  -0.207382  -1.0689  -5.90812  9.20673  9.71501  1.56602  632.831  1.92424  -1.05028  8.59311  2.75921  6.4704  2.35795  -2.11242  -4.55593  12.149  5.57014  
0.195964  -3.94088  1.81924  -6.65116  0.118634  5.42996  1.31118  -2.25112  -4.90021  0.628854  1.70676  -4.28902  5.38942  -0.70893  -0.575229  -4.85237  1.59016  -12.6446  4.71856  2334.61  1.03269  -4.01329  -22.0337  3.69653  6.82429  2.79916  -3.26409  -5.2471  11.0689  3.66609  
0.0135491  -1.46587  0.903709  -3.42087  -1.10973  12.8567  0.746497  -12.0105  -1.66498  -1.14978  2.30127  -6.16839  3.40093  -0.77249  -0.358216  -0.632073  -6.65019  -33.0818  11.3004  3296.26  1.46014  -5.68649  -37.6353  1.39063  2.38602  4.00009  -3.63564  -6.70734  6.67053  3.4856  
0.131832  -0.124788  0.378861  1.18801  -3.07079  11.3723  0.140791  -15.9401  2.8643  -3.47784  1.42267  -5.34737  -0.627824  -0.334083  -0.673366  4.05689  -10.9756  -37.1733  18.5758  3730.48  2.4527  -5.1053  -27.483  -2.47959  -4.61892  5.38069  -2.56037  -10.5771  1.9235  4.46064  
0.280696  -0.784215  0.199365  4.32616  -2.61479  3.38091  0.221616  -8.52093  4.87737  -5.58224  0.117863  -1.95137  -6.737  0.36777  -1.26714  6.19294  -11.9075  -24.4018  20.0166  3564.5  2.19311  -3.54788  1.07229  -3.99056  -9.99509  5.87772  -0.264349  -14.7946  -1.18707  3.96283  
0.196003  -1.89391  -0.119014  4.17308  2.10702  -3.09348  0.689893  4.76875  3.54128  -6.43723  -0.384274  1.50615  -12.1676  0.884442  -1.92419  5.36598  -17.8998  -7.74401  14.0871  2201.85  -0.238439  -3.42754  26.2986  -1.37025  -10.9268  5.13702  2.23962  -15.1043  -3.07844  1.01512  
-0.0879729  -2.08329  -0.796994  1.95608  8.86759  -2.96967  0.775565  13.3287  1.54716  -5.58201  0.51334  2.79991  -13.2654  0.840782  -2.48534  3.6136  -34.9894  0.303857  7.21846  -527.702  -3.76772  -5.38682  28.676  2.80403  -7.76287  3.43074  3.68956  -9.04436  -4.88926  -2.06566  
-0.273898  -1.74924  -1.36722  0.918612  12.832  1.2002  0.339896  12.1736  1.46961  -3.50328  2.43194  2.31899  -8.58554  0.257428  -2.45409  2.7673  -53.914  -1.20436  6.30475  -3412.4  -6.10193  -6.53417  8.08139  4.15032  -3.13978  0.959023  3.52115  1.25558  -6.25177  -2.41327  
-0.106333  -1.65656  -1.12284  3.10247  11.1954  2.80501  0.0282521  4.60299  2.61822  -1.15771  4.18541  2.08705  -0.17237  -0.40329  -1.42623  2.72074  -54.0038  -4.40869  10.3517  -4468.59  -5.59326  -2.76355  -15.6313  1.05774  0.336758  -2.02248  2.56969  10.3788  -5.66003  -0.276234  
0.357489  -1.20968  0.0203287  7.10241  5.99661  -1.53152  0.343045  -3.48019  2.24854  0.836554  4.41072  2.91197  7.88953  -0.629105  -0.0117024  2.29968  -26.0611  -2.78906  12.4103  -2927.24  -2.50392  6.35273  -20.8924  -3.77263  1.91736  -4.46617  2.42051  13.9798  -2.83326  1.17669  
0.764295  0.640095  1.26142  9.34487  1.90223  -8.81923  0.898151  -8.3885  -0.689925  2.49684  2.45651  3.11119  11.9929  -0.34519  0.401407  1.06168  10.6911  3.75128  9.29771  -376.017  1.28082  15.6715  -4.70609  -6.29725  2.66788  -4.83183  3.54524  12.3365  0.242404  -0.296648  
0.731789  3.11629  1.62384  7.49994  1.27113  -13.0798  0.889794  -8.67214  -4.1082  4.06241  -1.08425  0.59478  10.5051  -0.00617728  -0.686051  -0.31931  22.6319  11.9123  5.64547  589.37  3.68627  18.4896  15.136  -5.19091  4.13972  -2.71204  4.24567  9.44399  1.15555  -3.34033  
0.150001  3.71386  0.892151  2.53811  1.8457  -11.0106  0.141331  -4.62333  -5.36717  5.38726  -4.64187  -3.95966  4.16704  -0.138188  -1.73903  -1.17346  -3.24169  19.36  6.9449  -960.233  3.85972  12.5659  18.5927  -2.65396  6.70762  0.186982  2.18336  8.55578  -0.422241  -4.68748  
-0.706433  1.3156  -0.159634  -2.54881  -0.475136  -4.54958  -0.585283  0.460779  -4.31657  5.7764  -6.59172  -6.71506  -4.28115  -0.790399  -0.462972  -1.63076  -42.4421  24.72  11.4294  -3201.38  2.53906  1.6141  2.72221  -1.51489  8.94153  1.48261  -2.73813  8.8261  -2.53217  -2.93177  
-1.32432  -1.70974  -0.531929  -5.61407  -6.88759  1.49073  -0.433721  1.64261  -2.81678  4.52492  -6.13952  -4.00698  -10.9804  -1.43569  3.49378  -2.0692  -56.8664  25.7163  11.898  -3466.62  1.22116  -8.45417  -17.8901  -2.135  8.91773  0.765889  -7.50126  6.74582  -3.12507  0.17421  
-1.30418  -1.75861  0.0152776  -6.70548  -13.838  3.70038  0.592111  -2.4973  -1.90828  1.75554  -3.61874  3.75268  -12.9242  -1.46593  7.50015  -2.26167  -33.724  20.2244  4.73068  -1141.43  0.855812  -13.454  -27.9177  -2.52409  6.32736  0.195017  -8.56631  0.511786  -1.99639  1.99294  
-0.681861  1.63341  0.76136  -7.00311  -15.9562  2.61764  1.63375  -7.18805  -0.838087  -1.30689  -0.15412  11.582  -9.91337  -0.802384  8.11477  -1.53731  4.48064  8.93252  -5.59223  1753.02  1.19735  -11.4067  -25.3342  -1.00135  3.15335  1.75926  -5.26891  -7.74304  -0.543828  1.73991  
0.063435  4.74762  0.785131  -7.17668  -10.996  1.66804  1.88641  -6.40478  0.902322  -3.10628  2.91614  13.7421  -4.69383  -0.0275315  4.38404  0.232144  28.1877  -4.74393  -11.455  2926.92  1.34951  -2.09886  -18.7626  1.93239  1.68727  4.34827  -0.258852  -14.0462  -0.00456331  0.717611  
0.395094  3.65919  -0.128687  -7.02254  -2.23415  3.67788  1.33644  -0.208483  1.90129  -3.05325  4.70306  8.41129  -0.554748  0.137979  -1.25337  2.23131  31.0516  -18.0392  -9.7238  2298.8  0.87954  11.4441  -14.4209  4.36977  1.74117  4.60699  3.33541  -15.9707  -0.247664  0.499057  
0.199572  -1.24693  -1.31872  -6.09153  4.07615  7.86223  0.605295  5.2119  0.529  -2.10551  5.19044  -0.783414  1.59327  -0.460811  -5.21761  3.47142  27.7663  -30.2379  -3.88685  1641.43  0.278701  22.151  -9.94053  5.03009  0.765638  1.05478  4.68922  -13.4905  -0.225723  1.4629  
-0.129765  -5.61085  -1.90628  -4.13191  4.27208  10.0602  0.207483  5.55869  -2.18342  -1.88507  5.08194  -7.58654  3.51584  -1.24445  -5.68934  3.75302  29.297  -39.2703  0.0330052  2046.2  0.267216  23.1161  -0.738229  4.06624  -2.72756  -3.44165  5.06666  -7.68961  0.706013  2.8707  
-0.126371  -5.871  -1.55334  -1.09422  0.686115  6.52359  0.0616385  3.9054  -2.90677  -3.12003  4.9462  -7.74505  6.98113  -1.46689  -3.36168  3.60141  30.7744  -38.8689  -1.40697  2538.6  0.839898  14.3383  11.4356  2.33706  -6.34881  -4.45494  5.56076  -0.122429  2.15765  3.70778  
0.241062  -2.88736  -0.670348  2.57999  -0.814745  -1.92458  -0.282032  5.80979  0.139309  -4.91463  4.4575  -2.16312  10.8557  -0.94653  -0.0252721  3.36422  25.7828  -22.6947  -6.76386  1528.6  1.28042  3.58658  19.3713  0.656538  -5.66782  -1.30723  5.81005  6.32929  3.28961  3.30395  
0.551029  -0.487306  0.0435695  5.58376  2.85313  -9.67902  -1.01474  10.1635  4.48838  -5.6103  2.67616  4.27848  11.5755  -0.184584  2.89963  2.78995  21.4492  6.8534  -10.8692  -977.767  1.08035  -1.40689  18.8925  -0.208911  0.564806  1.5586  4.83724  7.8745  3.74315  1.64851  
0.420732  -0.89566  0.249882  6.38607  8.59745  -10.8842  -1.75451  9.46966  5.81848  -4.23675  -0.718164  6.6671  6.81068  0.209024  4.60139  1.66508  28.0112  35.5888  -8.85251  -3356.62  0.530617  -0.927192  13.1369  0.248678  7.92626  -0.595668  2.43845  2.89286  3.71495  -0.533673  
-0.0541332  -2.55806  0.286317  4.84715  10.745  -4.7156  -1.84897  1.02389  2.83457  -1.2021  -4.66262  4.31168  -1.36128  0.113253  4.64187  0.441433  37.929  46.9479  -0.819999  -4406.51  0.230333  -1.43692  7.60287  1.4446  9.90101  -6.9184  -0.595068  -5.53639  3.24304  -2.2047  
-0.390555  -2.55127  0.869394  2.91124  7.71904  4.06124  -1.01174  -5.80635  -1.18644  2.17769  -7.45109  0.944391  -7.4902  -0.0848465  3.35847  -0.196178  28.9094  36.3481  7.0038  -4533.35  0.215234  -6.18309  3.37042  1.56598  4.4519  -11.1084  -3.21271  -11.5209  2.00443  -2.86333  
-0.215653  -0.311647  2.32441  2.87445  3.68755  9.76127  0.35272  0.760433  -2.06062  4.54084  -8.15397  0.447784  -7.38423  0.047721  2.2502  -0.300295  -6.59137  15.3888  7.23979  -4548.51  -0.0570625  -10.5967  -2.11692  -0.67873  -3.68745  -7.9323  -4.67447  -11.6385  0.107703  -2.93561  
0.353397  1.74695  3.99521  4.79656  2.98737  10.5281  1.44062  17.3611  0.636837  5.04084  -7.08535  2.06478  -2.02634  0.586148  2.85811  -0.679104  -42.7099  0.774419  -1.36123  -4023.47  -0.869587  -8.7304  -9.10274  -4.00153  -7.39958  0.987587  -4.71575  -7.92679  -1.38374  -3.14096  
0.791192  1.2213  4.54138  5.96764  4.28745  8.44684  1.66907  22.9696  3.28235  3.58499  -4.97767  0.768871  3.2187  1.20043  4.85602  -1.75352  -43.577  -0.933242  -12.3276  -1822.06  -1.73096  -1.94476  -13.3314  -5.08178  -3.64222  8.72144  -3.70281  -5.12427  -1.37105  -3.55923  
0.591453  -1.38933  3.09833  3.56475  2.21924  6.00508  0.990059  -0.133036  2.42492  0.934896  -2.24083  -6.78107  3.51699  1.37889  5.63638  -2.74762  -7.07619  2.72921  -17.9258  1811.04  -1.91773  2.24973  -11.5689  -1.94879  4.10787  10.0909  -2.56627  -5.46954  -0.247315  -3.62523  
-0.320654  -3.30462  0.226935  -2.28394  -5.23088  3.60404  -0.256858  -43.1138  -1.41616  -1.55477  0.647094  -17.1884  -1.05021  0.759043  2.62885  -2.51283  25.8307  0.316525  -16.6844  4650.77  -1.32721  0.0123133  -6.7422  3.40313  9.37667  6.34832  -2.02332  -6.8514  0.228226  -2.97133  
-1.46497  -2.70419  -2.45306  -8.20021  -12.8837  0.2594  -1.63331  -73.4752  -4.3449  -2.7757  2.55587  -22.4424  -5.76181  -0.514014  -3.65293  -1.01737  13.7068  -10.873  -13.2616  4560.31  -0.486752  -3.39572  -4.14309  6.47332  8.04048  2.67443  -1.65178  -5.73784  -0.925821  -1.86849  
-2.09553  -0.642376  -3.65649  -10.4781  -13.2817  -4.29011  -2.67044  -64.742  -3.17799  -2.69945  2.32522  -17.772  -6.03613  -1.7169  -9.4477  0.570961  -37.0597  -22.8745  -11.2009  1804.88  0.191188  -0.217112  -3.16247  4.61533  1.09916  2.17876  -0.305373  -1.06218  -2.37658  -0.672852  
-1.79461  0.412591  -3.4608  -8.25769  -4.93965  -8.55272  -2.89658  -22.2398  1.28442  -2.25681  0.176408  -6.8192  -1.9512  -2.0995  -11.1055  1.43427  -76.1375  -26.1144  -7.96045  -1263.05  0.810952  9.31658  2.88123  -0.343062  -6.65613  3.39045  2.13325  5.0383  -1.93379  0.750154  
-0.930023  -0.477401  -2.84139  -4.03609  5.67591  -9.93023  -2.09935  22.1639  5.04756  -2.22544  -1.99703  1.87771  1.91563  -1.75876  -8.48089  2.07597  -63.9814  -18.7338  1.34733  -2668.52  1.49707  16.1  15.8435  -4.08029  -10.2903  3.1484  3.84446  9.47534  0.592407  2.55388  
-0.428654  -1.91118  -2.36912  -1.28546  10.3636  -6.35983  -0.663021  39.8881  4.82153  -2.37903  -2.24073  3.15007  1.2979  -1.75616  -4.62384  3.16579  -14.37  -7.44628  16.2734  -2416.76  1.85208  12.4618  25.5627  -4.08042  -7.86562  0.645457  2.77271  10.5565  2.76231  4.06765  
-0.872184  -2.16128  -1.72946  -1.44946  6.51083  1.46754  0.589862  28.4008  1.16768  -1.92974  -0.447198  -0.488597  -3.47109  -2.91416  -2.14214  3.84146  24.134  -0.259142  29.0738  -1708.15  1.27881  1.37704  18.9441  -1.74849  -1.43723  -2.02497  -0.703004  8.44552  2.21329  4.13826  
-1.75535  -1.30827  -0.500688  -3.06182  -1.72583  8.97156  1.09145  6.34362  -2.15672  -0.73519  1.68452  -2.76351  -8.04029  -4.4243  -0.564168  2.27666  23.4664  0.771058  31.4089  -1210.08  -0.14787  -6.43679  -3.08486  -0.455261  4.586  -2.68402  -3.5547  4.28085  -0.545206  2.60007  
-1.81132  -0.757567  1.02725  -3.42896  -8.02378  10.0938  1.03509  -8.12937  -1.96724  0.310865  2.51944  -0.331873  -8.70614  -4.13819  2.27402  -1.60292  1.42613  0.448129  22.0295  -621.056  -1.44991  -4.19968  -23.4184  -1.84659  6.53703  -1.39691  -3.13206  -0.817818  -2.60578  0.899274  
-0.28629  -0.997005  2.10586  -1.33998  -8.73387  2.99231  1.05024  -10.6986  1.25406  0.316406  2.12798  5.03623  -5.75761  -0.802704  6.77643  -4.81723  -7.87597  4.6642  7.19681  361.962  -1.62809  3.8351  -26.9375  -4.33021  3.94605  0.132705  -0.0563762  -6.39367  -1.75496  0.704555  
2.13143  -0.655309  2.44336  1.87956  -4.35653  -6.52138  1.40284  -6.58391  4.10938  -0.450888  1.98276  9.8753  -2.19813  4.06476  10.3103  -3.99257  3.18713  13.8352  -5.71016  1264.53  -0.694516  7.74315  -17.1207  -4.88129  -0.392207  0.746195  2.60845  -12.575  1.42583  1.97815  
3.79868  1.74508  2.45029  3.76852  1.77535  -9.20548  1.73549  -0.313378  3.85018  -0.832363  3.28053  12.5351  0.130533  7.05186  9.79266  0.543864  13.2569  21.8515  -13.4609  1228.89  0.361068  3.37454  -8.7644  -2.14755  -2.79675  0.823718  2.94194  -19.026  4.5253  2.94663  
3.61361  5.54025  2.54219  3.20922  5.68834  -1.63649  1.63094  7.08944  0.96461  -0.258179  5.60869  13.0417  2.17567  5.96984  5.00496  4.35256  5.74418  21.6792  -16.2449  -18.5818  0.633177  -3.25119  -5.97382  2.32705  -1.56401  1.25693  2.07853  -23.7052  5.71626  2.14634  
1.97854  8.16217  2.47354  1.4912  5.15853  9.40511  1.15634  13.5549  -1.68974  0.554517  7.11516  10.8386  5.4963  1.98949  -1.12233  3.37899  -10.1421  11.9804  -14.3476  -1728.25  0.209458  -3.53609  3.34213  5.50616  1.97901  2.05735  2.2341  -23.3701  4.94236  0.103562  
0.284469  7.67158  1.65424  0.895672  1.42899  13.2763  0.643386  13.3978  -2.01405  0.596795  5.8692  5.05092  9.39266  -1.49426  -5.32787  -1.47807  -16.1802  -1.66971  -7.87887  -2584.46  -0.0479564  3.0341  27.6941  5.38799  4.98946  2.32253  3.5603  -16.3697  3.26916  -1.36137  
-0.436163  4.58766  0.00264815  2.31196  -1.45804  6.44391  0.128222  2.38337  -0.538128  -0.0684757  1.40092  -3.1114  11.0407  -2.03496  -6.56821  -5.20966  -11.2013  -11.7999  0.635033  -1645.59  0.479788  7.9419  54.83  2.3266  5.83213  1.32682  3.87889  -5.1081  1.71831  -1.30734  
-0.261687  0.91974  -1.78731  4.32725  -0.107541  -3.96195  -0.585319  -14.6515  0.735637  -0.424329  -4.60256  -9.70743  8.51291  -0.0416548  -5.72852  -4.32885  -8.57755  -14.8757  5.96678  867.728  1.52146  3.98633  64.1237  -1.62924  5.41257  -0.707088  1.53356  5.02048  0.652789  -0.720875  
0.0462963  -2.14879  -2.85926  4.63898  4.93486  -7.69421  -1.31567  -23.8324  0.632445  0.0454196  -9.12965  -10.9928  2.95419  2.21206  -3.7214  -0.818979  -11.2322  -12.4422  4.31892  3529.33  2.22908  -5.36279  54.1051  -4.38577  6.07693  -2.92712  -2.32411  9.77149  -0.172436  -1.31521  
-0.0388205  -4.88147  -2.9196  2.26729  9.64831  -1.49022  -1.41043  -13.975  -0.338325  0.635014  -9.84537  -6.83934  -2.35953  2.96519  -0.700716  0.333514  -4.58036  -8.22397  -2.70541  4667.63  2.02439  -9.35405  45.8558  -5.07023  9.00459  -4.49023  -4.79694  9.18673  -1.11676  -3.53309  
-0.396435  -7.38102  -2.27978  -1.39372  10.466  8.64585  -0.584059  10.1028  -1.01136  0.439491  -6.84868  -0.711799  -4.92125  2.21732  2.74221  -2.75147  19.4675  -4.83127  -9.21728  3711.91  1.09714  -2.87415  53.6533  -4.1477  12.4548  -4.81466  -4.28961  6.48227  -2.08515  -5.92501  
-0.5761  -8.3651  -1.36954  -3.73054  7.40605  13.8016  0.437881  27.9354  -0.951851  -0.348613  -2.52674  3.53478  -4.58087  1.07718  4.81  -6.32883  42.7939  -2.95575  -10.0348  1642.11  0.163091  6.68444  61.7535  -2.70781  12.805  -3.47619  -1.96161  4.60949  -2.34456  -6.37329  
-0.300251  -6.28972  -0.386905  -3.0087  3.04614  9.56381  0.555427  20.8952  -0.542962  -0.72874  0.583837  4.45562  -2.74468  0.454538  3.75276  -5.24772  37.3479  -2.12167  -4.16735  -72.2185  -0.193979  7.70396  41.6434  -1.58293  7.56038  -0.34743  -0.0725338  4.3487  -1.14835  -3.84782  
0.330439  -1.55043  0.643037  0.175609  -0.880464  -1.57605  -0.392724  -8.95238  -0.156079  -0.331299  2.01886  3.11775  -0.579636  0.404381  -0.0425882  0.928485  0.766422  -1.74536  5.77254  -968.445  0.000172874  -1.69405  -9.68575  -0.896214  -2.07938  4.0017  0.602986  5.01587  1.3098  0.817944  
