0.69544  -5.56865  2.2783  -0.519274  1.725  -3.71912  -5.77166  -5.67383  3.69228  3.10304  4.54415  4.70341  1.39516  9.98244  -0.858133  -0.741134  1.14094  -1.80227  0.982896  -33.4675  36.9095  189.764  -13.0166  6.00434  4.2162  11.4332  -2.23548  10.3119  -0.370568  1.41814  
2.33893  2.26335  4.44962  4.29176  24.5362  2.7464  -6.56774  0.312354  4.56886  6.46991  2.54872  5.0056  5.48923  5.9457  3.58971  1.15631  3.4922  1.80784  1.98102  -6.41362  -7.47172  383.001  4.13999  -0.483858  3.42179  -1.30397  4.83685  10.3295  2.01203  2.39551  
3.59765  7.84008  5.73924  6.79206  29.923  8.25401  -3.7454  5.14182  4.34078  8.84078  1.19621  5.66639  7.74855  1.9158  6.11704  2.52161  6.3887  4.85224  3.07753  5.72045  -52.2785  333.976  17.7539  -6.71193  2.39123  -10.4024  7.81159  8.10776  3.7101  2.96959  
4.31497  9.91037  6.24635  6.47031  15.8138  10.8854  1.81908  7.74095  3.24989  9.48962  1.06563  6.43371  7.8198  -1.50168  6.21213  3.19589  8.35256  6.6632  4.09846  0.429748  -76.4203  55.8314  24.5261  -10.6933  1.61697  -12.6049  5.83263  3.88331  4.38002  3.4142  
4.52838  8.93206  6.50181  4.67781  -4.46327  9.21518  5.70223  7.90908  2.49608  8.4224  2.19305  6.74512  6.75226  -3.53835  4.85348  3.36179  7.21375  6.85443  4.65008  -12.0004  -54.3486  -205.145  23.0721  -10.1709  1.90068  -7.41673  1.61035  0.0459665  4.11333  4.19642  
4.25402  6.78246  6.2644  3.0892  -15.9481  4.5275  4.95872  6.44376  2.69744  6.53281  3.69028  6.47316  5.67328  -3.94381  3.35221  3.18165  3.19253  5.75025  4.45733  -19.2216  7.0991  -220.787  15.7143  -5.32159  3.26409  1.28674  -1.22428  -1.36669  3.30886  4.92019  
3.42729  5.38134  4.57309  2.23614  -14.624  0.435583  1.09726  4.11593  3.28941  4.96184  4.2825  6.08878  4.88288  -2.95155  2.2535  2.59179  -0.839542  4.19125  3.6385  -17.0553  63.7158  8.89392  7.74819  1.05205  4.63626  7.32555  -1.02574  -0.467666  2.45269  4.36963  
2.15584  5.16902  1.30349  1.55883  -7.27386  -0.326411  -1.90413  1.09584  3.42228  4.20963  3.51543  5.97337  4.16159  -0.806311  1.31623  1.52187  -2.49346  2.83297  2.66087  -10.0285  74.7848  289.544  3.83169  6.32266  4.89993  6.80255  1.05076  1.2438  1.8993  2.04003  
0.929558  4.79449  -1.92  0.50398  -1.79551  1.71371  -1.76256  -1.9514  2.98507  3.88699  2.30355  5.86287  3.4894  2.05768  0.238607  0.198595  -2.30558  1.75131  2.00305  -4.22072  43.5075  435.784  4.44272  9.90454  4.1207  0.991974  2.66827  2.73807  1.67058  -0.656947  
0.364122  2.6109  -2.99251  -0.662131  0.173916  3.92874  0.62427  -3.16062  2.44194  3.3584  2.05324  5.21276  3.10814  4.53883  -0.841891  -0.930668  -2.33814  0.774722  1.81449  -1.51613  8.77915  420.798  6.1215  12.0367  3.44725  -5.22956  2.40471  4.22216  1.47055  -1.41975  
0.597106  -1.47469  -1.4915  -1.18847  2.05821  4.58159  2.9899  -1.3776  2.03401  2.40399  3.18361  3.95397  2.96195  5.63642  -1.49664  -1.62845  -3.18284  -0.0364125  1.8397  -0.424068  -0.0914316  341.399  5.36452  12.0099  3.7363  -7.27867  0.672863  6.19826  1.018  0.418003  
1.03251  -5.51243  0.910271  -0.703204  6.42709  3.90088  3.95458  1.52781  1.66773  1.29102  4.65865  2.66868  2.47944  6.25746  -1.45191  -2.09804  -3.58762  -0.445355  1.69848  0.0227957  8.7665  279.828  1.8793  9.02263  4.54841  -3.74394  -0.899166  8.33028  0.41885  2.76412  
0.886993  -7.09152  2.29709  0.339168  11.7885  2.54961  3.437  2.10377  1.46103  0.402598  5.0421  1.94511  1.16886  9.28027  -0.836084  -2.62283  -2.95413  -0.450742  1.29337  -0.868444  8.59652  222.978  -2.21158  4.51356  4.73427  2.41138  -0.666735  9.52079  0.109181  2.74034  
0.0431272  -5.54687  2.42174  1.06968  14.2612  0.354035  1.99228  -0.137365  1.81122  -0.0205903  3.9642  1.79709  -0.655642  16.3648  -0.00101323  -3.04293  -2.65301  -0.366549  0.936643  -3.19613  -9.03189  116.159  -5.7211  1.94136  3.87387  5.76959  1.88237  8.98556  0.314168  -0.214931  
-0.763741  -2.7468  2.52589  0.982269  11.1893  -2.80652  0.444072  -1.23169  2.6773  0.0081018  2.48134  1.83235  -1.9455  24.5963  0.788052  -2.79786  -3.85562  -0.415856  1.01698  -5.17939  -25.0281  -34.7372  -9.70132  3.28541  2.76905  2.97675  5.51113  7.11403  0.68332  -3.63433  
-0.712129  -1.53613  3.55289  0.378275  3.41732  -5.72239  -0.226289  2.59335  3.23349  0.136462  1.97358  1.88955  -1.81113  27.4815  1.41452  -1.61492  -4.97344  -0.452608  1.5164  -5.37535  -18.3317  -146.288  -14.9668  6.50301  2.44011  -3.48625  7.716  5.24186  0.710119  -4.56808  
0.221875  -3.07473  5.04816  0.0599446  -4.76175  -6.73162  0.2747  9.57979  2.73458  -0.144055  2.71613  2.24125  -0.408501  20.6169  1.80919  -0.0197236  -2.84835  -0.219369  1.94665  -5.40735  8.61707  -153.936  -19.4164  7.51825  2.93294  -5.78605  6.37427  4.5642  0.469382  -2.54151  
1.25505  -5.70617  5.84253  0.525984  -7.95129  -5.88906  0.590922  13.6045  1.64015  -0.923246  3.59479  3.0744  1.07567  6.31044  1.8608  1.0471  3.12026  0.224377  1.83049  -8.72094  34.0369  -96.8947  -19.2311  4.66366  3.37763  2.70604  1.57003  5.00425  0.619555  0.326567  
1.6235  -6.6542  5.42372  1.43244  -3.72983  -5.09843  -1.49625  10.7864  1.31953  -1.49702  3.31586  3.91389  1.44301  -7.90952  1.44162  1.16107  9.15592  0.509783  1.22483  -15.9458  41.2961  -63.3585  -13.166  0.463976  3.08681  19.8173  -4.08976  5.25327  1.51662  1.78715  
1.27961  -4.93665  4.31273  1.9178  4.54302  -5.31045  -6.49503  3.44306  2.43114  -1.05775  1.8784  3.8827  0.504284  -15.4256  0.578085  0.795159  10.4505  0.380812  0.65976  -22.5912  33.043  -44.7929  -4.79826  -1.14882  2.26079  34.9424  -7.38277  4.2218  2.51731  1.51584  
0.768566  -2.34079  3.2688  1.52108  9.93356  -4.45618  -11.3651  -3.07272  3.91976  0.0382401  0.689037  2.67194  -0.889837  -15.0098  -0.385516  0.699701  6.14198  -0.025785  0.558345  -22.8679  22.025  96.4982  0.37754  1.13117  1.57543  38.0853  -7.08251  2.61704  2.58599  0.762392  
0.572  -1.26301  2.49636  0.700794  8.98351  0.42729  -11.3195  -5.94135  4.07925  0.0859003  1.04115  1.15415  -1.77677  -9.95305  -0.900874  1.05169  0.124761  -0.372184  0.814024  -15.8417  14.057  462.541  0.0602747  4.92175  1.38774  28.0772  -4.59435  2.49676  1.5692  0.602162  
0.714451  -1.97207  1.78726  0.304645  6.5026  8.74875  -4.18958  -6.20589  2.48106  -2.20674  2.58894  0.676128  -1.92338  -4.15126  -0.614776  1.4097  -2.94386  -0.487545  1.00522  -6.81802  4.2776  934.279  -3.02207  6.74754  1.55525  11.9009  -2.11706  4.67294  0.480497  0.999828  
0.934328  -2.51362  1.15902  0.597128  11.1509  15.35  6.78673  -5.67735  0.434766  -5.75468  3.5919  1.59688  -1.71924  0.300075  0.281368  1.45324  -1.89383  -0.441961  0.92874  -2.16646  -11.8824  1210.35  -4.41541  5.22047  1.81006  -3.048  -0.486981  6.7891  0.290557  1.34795  
1.03878  -1.3525  0.988298  1.02336  24.3657  15.0497  15.1913  -4.63086  -0.532745  -7.41251  2.76246  2.67026  -1.44169  2.61432  1.1518  1.4747  0.718883  -0.331099  0.774016  -3.18769  -28.7855  1079.9  -2.52728  1.88527  2.04908  -13.4483  0.874049  5.01936  0.750492  1.33476  
1.01491  0.452088  1.51347  1.0286  34.968  7.99516  16.8039  -2.82223  -0.293162  -4.82725  0.657046  2.25041  -0.96042  2.41459  1.4189  1.94445  1.76719  -0.145185  0.78947  -5.84284  -33.9399  642.068  0.225702  -0.475865  2.24046  -17.8112  2.42199  -1.67097  0.875773  1.08811  
0.91672  0.318602  2.36632  0.85  27.6628  -0.390568  13.0603  -1.03977  0.0681688  1.02641  -0.935051  0.185494  -0.181825  0.0926501  1.00993  2.76218  0.316335  0.145309  0.940462  -6.08239  -20.6192  213.485  0.649131  -0.310621  2.28691  -13.5902  3.6491  -9.52084  0.430257  0.800075  
0.788586  -2.77988  2.91402  1.22528  -0.908843  -4.86867  8.96037  -0.546283  -0.251168  6.4426  -0.871809  -1.82038  0.530166  -2.4905  0.343047  3.22248  -2.23972  0.468777  1.00465  -4.23357  4.37259  29.525  -1.42141  1.6904  2.11065  0.531468  3.95725  -12.9211  0.31486  0.540133  
0.686651  -6.77971  2.95242  2.32516  -35.5251  -5.00952  7.66526  -1.4932  -0.872719  8.19867  0.318225  -2.00304  0.707378  -2.88645  -0.11089  2.78573  -3.87874  0.692066  0.913887  -3.60368  25.9237  59.6275  -3.04445  3.5829  1.71647  20.4811  3.75661  -9.57589  1.18911  0.373236  
0.682579  -8.24869  2.84768  3.35954  -54.0156  -4.15071  7.69169  -2.66201  -0.882018  6.25505  1.24638  -0.485792  0.438052  -0.268865  -0.173136  1.71585  -3.56536  0.773568  0.853613  -5.98874  33.1451  108.948  -1.78716  4.11577  1.06414  37.2927  3.84093  -2.3099  2.26994  0.40765  
0.780592  -5.65843  2.80977  3.42176  -46.5995  -4.7543  5.56265  -2.73394  0.0290651  3.32582  1.11228  0.888433  0.338067  3.57152  0.0751393  0.801633  -1.89296  0.792251  0.983167  -9.82341  27.161  52.5457  1.14668  3.73683  0.0824435  43.3088  4.01199  3.97686  2.18376  0.644662  
0.868712  -0.750761  2.29528  2.55333  -23.444  -6.01254  0.597269  -1.40196  1.36214  1.99  0.220758  0.774861  0.765735  5.80619  0.499556  0.513844  -0.568207  0.801626  1.17302  -12.4356  17.3195  -61.1602  1.99846  3.79063  -0.976794  38.2295  3.01422  6.51028  0.923276  0.896078  
0.809361  2.96691  0.573309  1.65218  -3.16382  -5.79179  -3.9371  0.619058  2.51888  2.32908  -0.675239  -0.152006  1.32395  5.21039  0.993577  0.622905  -0.935049  0.719607  1.11883  -12.6016  10.9182  -110.519  -1.17681  5.00716  -1.3747  28.2173  0.297721  5.84087  0.163341  0.937082  
0.579312  2.96095  -1.99083  1.37972  4.4797  -3.65511  -4.50863  2.29832  3.30095  2.36823  -1.15532  -0.155247  1.34458  3.06998  1.39964  0.617083  -2.47904  0.416833  0.712277  -10.05  7.16648  -49.5352  -5.92488  6.87292  -0.471269  19.7912  -2.7801  3.92274  1.10812  0.702326  
0.295174  -0.752173  -3.6934  1.41119  3.86475  -1.20023  -1.34667  2.86089  3.67176  0.567098  -1.25646  1.33102  0.676207  1.61568  1.45661  0.309179  -2.94129  -0.0714708  0.224226  -3.86912  0.761358  55.9352  -7.91926  8.26607  1.3752  14.5538  -4.11305  2.10387  2.48786  0.309602  
0.0938654  -5.82544  -3.06765  0.940645  3.96485  0.0214901  2.06974  1.93725  3.3984  -2.32256  -1.15493  3.02961  -0.25411  1.81094  0.968066  -0.0878575  -0.560192  -0.499783  0.0616389  6.33786  -9.79374  113.183  -5.9755  8.45881  2.81543  9.10812  -3.05264  0.865481  1.62988  -0.0602346  
0.00714871  -9.07585  -0.6825  -0.248749  7.23032  -0.0336907  3.12909  -0.55911  2.2967  -4.00039  -0.962457  3.42257  -1.0931  2.97308  0.0998526  -0.340751  3.65224  -0.628091  0.342499  17.2744  -18.5897  89.2916  -3.52543  7.55492  2.76157  -0.27344  -1.07442  0.389901  -2.25486  -0.286057  
-0.0309021  -8.58451  1.16556  -1.44166  9.17221  -0.519871  2.71536  -4.346  0.728218  -3.05087  -0.74114  2.47966  -1.88288  4.1165  -0.599885  -0.44574  6.37536  -0.468874  0.751226  22.1651  -17.6271  21.0536  -4.63332  6.22632  1.56619  -12.6927  -0.0613414  0.581211  -6.47618  -0.340723  
-0.069295  -5.43012  0.879727  -1.76321  6.25136  -0.922941  3.30974  -8.30091  -0.528775  -0.390288  -0.505632  1.3526  -2.60029  5.10624  -0.620828  -0.458467  5.13708  -0.266914  0.855074  16.4986  -5.31397  -34.9738  -9.23761  5.24693  0.669721  -21.2657  -0.383469  0.794718  -7.17262  -0.289071  
-0.0632437  -3.21578  -0.680958  -1.12913  0.723603  -1.13392  5.38974  -10.3814  -1.01569  1.78891  -0.191562  0.722725  -2.7782  6.21447  -0.011933  -0.291367  0.889494  -0.218311  0.561915  3.69944  11.2144  -49.0589  -13.2076  4.98938  0.988959  -17.3005  -0.964881  0.227548  -3.22713  -0.22854  
0.0706606  -4.70878  -1.27812  -0.321227  -2.748  -0.795688  6.77071  -8.95633  -0.999355  2.2781  0.296618  0.123426  -1.97046  7.1347  0.542522  0.158591  -2.92766  -0.262198  0.223384  -6.97487  22.4422  -36.7839  -13.0832  5.11478  1.93212  1.34394  -0.89401  -1.19129  2.5835  -0.199833  
0.331691  -8.08396  0.0118883  -0.0648377  -2.71156  0.657742  5.51776  -4.80749  -1.00326  1.70812  0.94571  -0.994556  -0.548925  7.03377  0.331002  0.756664  -3.76755  -0.184713  0.250393  -8.69179  24.2945  -39.4409  -9.69649  4.91577  2.16717  25.4867  -0.579764  -2.4071  6.31677  -0.167521  
0.600552  -7.25997  1.77762  -0.210229  -1.44074  3.00592  2.486  -1.15833  -1.09234  1.23732  1.52836  -2.15975  0.39339  5.78119  -0.572538  1.19836  -2.05473  0.114548  0.64501  -2.97504  19.3544  -88.0172  -6.70309  4.2077  1.15218  40.0781  -1.32271  -2.04621  6.39385  -0.0994758  
0.737476  2.39298  2.0263  -0.00576003  -0.92324  4.60761  0.335223  -0.647825  -0.822008  0.945354  1.64531  -2.39362  0.142236  4.55297  -1.2328  1.36951  -0.0997592  0.505893  0.980642  2.81964  11.8477  -165.955  -6.32489  3.5873  -0.4047  36.3377  -4.02108  0.186652  4.36799  -0.0336102  
0.70507  18.0191  0.452548  0.871393  -0.577929  3.41363  0.725797  -2.17548  0.113587  0.0358217  0.999661  -1.59124  -0.842435  4.85818  -0.742028  1.47784  0.45084  0.762  0.877304  3.0896  3.76516  -202.775  -7.4149  3.58655  -1.47936  19.2026  -8.09843  2.83956  2.69495  -0.0369864  
0.585829  29.9151  -1.47467  1.837  0.799554  -0.916061  3.17151  -1.84351  1.39999  -1.56402  -0.199525  -0.799339  -1.47549  7.03193  0.759606  1.7367  -0.210831  0.751277  0.4482  -1.33916  -3.51869  -123.928  -7.55342  3.8057  -1.7491  1.70363  -11.3331  3.70914  2.28968  -0.119176  
0.487354  29.6001  -2.44363  2.13815  2.48248  -5.75964  6.42756  2.29421  2.35144  -2.59942  -1.12662  -0.976603  -1.28488  9.87588  2.12639  2.06079  -0.948299  0.514697  0.179062  -4.64489  -6.25107  67.0633  -5.92889  3.64339  -1.52115  -7.94362  -10.8175  1.82107  2.10188  -0.229628  
0.435113  17.5026  -2.63985  1.83742  2.34223  -6.93518  9.64886  7.27963  2.56128  -1.94957  -0.97148  -1.89525  -0.820742  11.6904  2.35168  2.17955  -1.06245  0.20642  0.360813  -1.40118  -0.392775  259.98  -3.6553  3.66384  -1.02766  -12.5657  -4.97613  -1.40796  0.525024  -0.331404  
0.351956  2.21178  -3.0638  1.6726  -0.803997  -2.22055  12.0421  8.09603  2.1786  -0.398545  0.0745664  -2.5077  -0.737849  11.5006  1.53513  1.96771  -0.637482  -0.00963313  0.73681  8.57363  12.3194  315.698  -1.99429  5.22935  -0.210552  -19.601  4.6358  -3.43936  -3.0122  -0.427058  
0.140818  -7.78619  -4.01248  1.92437  -6.15102  6.03895  12.3746  3.29504  1.58478  -0.194433  0.696383  -2.17081  -0.89066  9.45341  0.607406  1.48989  -0.0145889  -0.0457611  0.799063  19.5756  22.4196  197.327  -1.13104  8.17758  0.837157  -30.4596  13.5473  -3.23442  -7.40985  -0.50264  
-0.201  -10.9284  -4.73279  1.94576  -11.4528  12.1903  10.0849  -3.42473  0.994384  -2.57812  -0.220761  -1.18886  -0.632671  6.54375  0.210628  0.769822  0.536374  0.046083  0.388528  25.5203  19.9881  23.6386  -0.710064  9.64553  1.70599  -37.822  17.2983  -2.38579  -10.4226  -0.495985  
-0.53304  -11.2665  -4.39865  1.09888  -13.6185  11.8355  6.59932  -7.40697  0.451497  -6.0891  -2.10162  -0.302526  0.140576  4.03963  0.139009  -0.239072  0.720073  0.0951991  -0.101376  27.7059  5.11089  -36.0271  -0.837044  6.63578  2.13409  -33.1078  14.7325  -3.1593  -10.0221  -0.380347  
-0.655817  -12.3113  -3.00409  -0.148911  -9.70618  5.62268  4.53975  -7.52309  0.0690782  -7.78843  -3.07758  -0.0228088  0.748419  2.7632  -0.0815097  -1.36054  0.207827  -0.0431479  -0.169029  35.0399  -10.1392  70.686  -1.96933  -0.0742434  2.3705  -15.7518  8.53409  -5.57274  -5.85427  -0.244821  
-0.501303  -13.6755  -1.26524  -0.708109  0.597466  -1.50846  5.02505  -5.81191  0.00620844  -6.27092  -2.27391  -0.46033  0.622593  2.59116  -0.424167  -2.15055  -0.971729  -0.342353  0.221345  51.5562  -12.1647  222.623  -4.00199  -5.82108  2.75571  6.30973  2.51128  -7.19544  0.257865  -0.226269  
-0.262525  -13.2409  -0.020304  -0.324954  12.6969  -4.79315  6.22572  -3.95274  0.198193  -3.25034  -1.287  -1.41052  0.0347602  2.73937  -0.475544  -2.40343  -2.15442  -0.619968  0.576956  62.6003  0.994653  257.143  -5.98075  -6.70474  2.99731  24.3738  -1.47057  -6.1096  5.42141  -0.356468  
-0.267905  -10.4956  0.159016  0.132905  19.1949  -3.4015  5.22276  -1.88339  0.294601  -1.91977  -2.56727  -2.39347  -0.414561  2.68411  -0.147809  -2.5228  -2.43001  -0.72849  0.389788  40.349  17.632  146.666  -6.94021  -3.57208  2.30417  35.3726  -3.81251  -3.41805  7.67121  -0.526328  
-0.64772  -6.72219  -0.836968  0.256452  16.4428  -0.223179  1.34457  0.244706  0.0319773  -3.7543  -6.20086  -2.88015  -0.774249  2.709  0.127901  -3.01611  -1.45012  -0.708965  -0.332822  -27.9675  24.0518  23.3842  -6.88041  -0.288467  0.463003  41.0008  -5.34736  -1.99877  7.09769  -0.62668  
-1.1107  -3.00666  -2.41937  1.1644  9.15646  1.3858  -2.67651  0.891162  -0.451752  -7.01905  -9.05438  -2.7886  -1.63054  3.27408  0.0188231  -3.57466  0.219292  -0.705977  -1.04703  -116.281  17.8675  24.2716  -6.80504  1.25277  -1.52632  42.214  -6.0268  -2.87543  5.2378  -0.659738  
-1.14253  0.328766  -3.40245  4.03471  6.4708  0.359757  -3.1198  -0.739453  -0.801989  -8.42717  -7.8241  -2.67517  -2.94844  4.118  -0.209297  -3.09269  1.6233  -0.753411  -1.15967  -172.044  8.98409  135.008  -7.57246  2.85917  -2.29533  37.172  -5.66995  -3.80189  3.57031  -0.672292  
-0.517525  2.55832  -2.90354  7.61425  12.1351  -1.92348  1.17128  -2.62171  -0.884405  -6.30277  -2.7428  -3.12604  -3.61736  4.42148  -0.103301  -0.992329  2.26855  -0.703778  -0.550785  -159.546  7.57941  206.456  -8.83195  6.21623  -1.6168  25.2381  -4.90099  -2.00962  2.59033  -0.621867  
0.402798  2.26283  -1.38393  8.41085  19.4296  -3.35039  7.3377  -1.95658  -0.855123  -2.04518  2.45468  -3.99617  -2.7058  4.02839  0.249186  1.67312  2.3654  -0.4042  0.324591  -90.984  12.3402  117.012  -9.20814  9.05699  -0.712923  11.2744  -4.47757  2.20389  2.04505  -0.389526  
0.954972  -0.877931  -0.553204  4.29147  17.1841  -2.69774  10.5477  0.692154  -0.776011  1.43188  4.35152  -4.5138  -0.991988  3.75109  0.311264  2.93542  2.27739  0.0876082  0.817274  -11.4789  12.0534  -100.803  -7.58293  7.09467  -0.865389  3.35844  -3.98659  5.53199  1.59472  0.0544087  
0.790512  -4.66352  -1.77432  -2.54623  1.0627  -0.289622  7.79496  1.40822  -0.388668  2.62257  3.02134  -4.21669  -0.527189  4.19791  -0.0415766  1.88859  1.90664  0.515395  0.615458  43.6022  -0.869001  -306.68  -4.24529  -0.246996  -1.92464  4.84629  -2.16686  5.33741  1.13271  0.535155  
0.180245  -5.90975  -4.51131  -7.17329  -21.6853  2.24496  0.499222  -1.92057  0.503846  2.53287  1.16835  -3.4899  -2.31802  4.60671  -0.174385  -0.306925  0.849944  0.664283  -0.020416  72.2231  -19.6969  -398.877  -0.733592  -8.01789  -2.55782  9.86634  1.11012  2.58547  0.710701  0.759469  
-0.302997  -3.52278  -6.61438  -6.70026  -38.5182  3.04592  -6.39779  -5.89321  1.47927  2.9538  0.741359  -2.95513  -4.8394  3.72814  0.53207  -1.58923  -0.878494  0.561352  -0.509698  90.3389  -27.9125  -396.308  1.33753  -10.5927  -1.92146  8.25782  3.9726  0.597439  0.398066  0.518408  
-0.351483  0.473461  -6.3783  -2.93254  -41.8778  1.47595  -8.38123  -5.12078  1.68427  4.05112  1.17822  -2.61783  -5.40133  1.83016  1.7305  -0.98548  -2.4943  0.416848  -0.466761  104.468  -15.3231  -376.69  1.29213  -7.50296  -0.711233  -4.27385  4.30503  1.22894  0.263511  -0.175618  
-0.132857  3.00675  -4.24941  -0.00144608  -33.473  -1.12034  -5.01258  0.927981  0.730438  4.21534  0.919828  -1.95821  -3.03243  1.05745  2.34952  0.734835  -3.04279  0.379808  -0.00827754  107.194  10.7952  -355.512  -0.549643  -3.03746  -0.283582  -21.2759  2.31824  2.96726  0.347192  -1.10864  
0.00228233  2.63536  -2.29791  0.108488  -20.4188  -2.55261  0.195577  6.68331  -0.722356  2.2529  -0.245328  -0.884343  0.411616  3.1181  1.83353  2.14888  -2.31288  0.389536  0.413808  94.4577  31.4214  -238.337  -3.34827  -0.770336  -0.940937  -30.2169  0.634339  3.00552  0.605154  -1.98736  
-0.0914534  0.24795  -1.99455  -0.991239  -8.78363  -2.01944  3.64838  6.80924  -1.5532  -0.925044  -0.999522  -0.108194  2.19908  6.91842  0.833544  2.52152  -1.01443  0.290268  0.449438  76.0634  32.9395  95.6812  -6.2042  -0.175572  -1.50259  -21.7049  1.57677  0.537251  0.939697  -2.57468  
-0.30323  -2.14195  -2.81254  -0.877618  -0.264183  -1.01693  4.9705  2.21377  -1.33806  -3.29489  -0.368913  -0.383345  1.37515  9.1549  0.44683  2.01351  -0.024327  0.0457009  0.105373  64.5887  18.416  650.207  -8.42593  0.899806  -0.727029  3.72248  4.68128  -2.5888  1.27571  -2.77246  
-0.49716  -2.88281  -3.1356  0.479611  6.73022  -1.59472  6.22038  -1.7105  -0.70241  -3.9971  0.933243  -1.49529  -0.661832  7.56938  0.94789  1.02748  0.397265  -0.230539  -0.372178  60.0086  2.49378  1242.4  -9.78787  2.23634  1.1179  34.9341  7.20918  -4.26468  1.5461  -2.60867  
-0.661982  -1.63213  -2.29678  0.897643  13.999  -3.69855  8.28648  -1.66735  -0.443259  -3.89622  1.30115  -2.39987  -1.94413  3.25735  1.52386  -0.163182  0.567391  -0.44029  -0.763833  51.918  -3.56554  1582.7  -10.5722  1.6526  2.39907  55.5533  6.96855  -4.24209  1.62594  -2.17496  
-0.809781  0.294499  -1.27816  -0.982753  21.0962  -4.75036  9.09489  0.769201  -0.499137  -3.78289  0.0544739  -2.33502  -1.80556  -0.483124  1.22885  -1.21153  0.711412  -0.62001  -0.986701  35.7839  -1.03969  1468.4  -11.2608  -1.23538  1.84167  54.3766  4.31667  -3.49205  1.42097  -1.55357  
-0.842846  0.619794  -1.31194  -3.82928  25.1009  -2.30584  6.00148  2.65203  -0.0597676  -3.06232  -1.8884  -1.63025  -1.04767  -1.30871  -0.00514105  -1.61082  0.627987  -0.834766  -1.026  20.7898  0.810558  937.3  -12.0671  -3.80068  -0.115688  35.5911  1.48804  -2.33979  1.05451  -0.798068  
-0.63452  -2.0401  -2.20443  -5.07547  22.7649  3.01175  -0.441231  3.57594  1.31437  -0.955244  -3.05538  -1.25442  -0.701123  0.366064  -1.37246  -1.15251  0.10037  -1.00263  -0.893446  19.2906  -3.81584  248.763  -12.9822  -3.69393  -1.82486  17.9769  0.320959  -0.248036  0.86713  0.0231566  
-0.221042  -6.62933  -2.55065  -3.82953  13.832  7.68706  -5.95486  4.88968  2.89392  1.46506  -2.84101  -1.73848  -0.974276  2.41467  -1.99454  -0.287346  -0.569985  -0.930035  -0.672487  31.9276  -11.6331  -308.545  -14.1749  -1.74985  -2.08952  18.721  0.927148  2.57505  1.10944  0.785762  
0.177082  -10.2003  -1.60821  -1.64038  2.62342  8.50874  -6.30541  6.57116  3.30452  1.64814  -1.83562  -2.68267  -1.2696  3.24137  -1.60848  0.279495  -0.775922  -0.560071  -0.498267  46.3091  -15.0335  -600.365  -15.911  -0.0771073  -1.14642  35.2865  2.28591  4.53186  1.60724  1.32155  
0.368582  -10.3561  -0.448034  -0.494713  -4.28168  5.52075  -1.47781  6.99391  1.88024  -1.52534  -0.999564  -3.35244  -0.921945  2.8909  -0.631072  0.402245  -0.341211  -0.105615  -0.415332  49.5539  -10.1898  -667.091  -17.5737  1.70068  -0.102344  45.349  3.60359  4.36761  1.84081  1.48338  
0.372496  -7.22801  -0.752139  -0.606481  -3.14892  1.80187  4.14002  5.68613  -0.529858  -5.77988  -0.755931  -3.54968  0.187876  2.39209  0.256294  0.622155  0.238582  0.149642  -0.31472  39.98  0.447679  -601.511  -16.8484  6.29349  0.28612  29.5875  4.62685  2.95626  1.41258  1.21502  
0.33524  -3.07962  -2.61671  -0.615163  3.42804  0.531852  5.72086  4.36536  -2.21226  -7.32425  -0.874268  -3.72181  1.59034  2.51359  0.616636  1.35809  0.430803  0.148858  -0.111862  27.1913  11.9677  -448.671  -11.0133  14.0331  0.0796164  -5.30071  5.02307  2.32564  0.448184  0.600816  
0.312976  -0.308304  -4.11569  0.362922  8.25873  2.18544  2.00984  4.47864  -2.09914  -4.75457  -0.992823  -4.23274  2.60962  3.20761  0.580114  2.24777  0.304839  0.0899306  0.0415027  22.6852  20.7379  -226.876  0.377855  20.1383  -0.355563  -30.255  4.14211  2.84218  -0.473525  -0.140904  
0.211959  0.125735  -3.39181  1.55334  5.63591  4.24157  -4.24688  4.80609  -0.676559  -0.609  -1.03762  -4.71579  2.81371  3.86996  0.710766  2.5722  0.193874  0.156253  -0.13644  30.0477  24.0897  0.892517  13.9984  18.5516  -0.91717  -23.5729  2.01035  2.25894  -0.817839  -0.748869  
-0.0392608  -1.10323  -0.841334  1.60208  -3.41069  3.46008  -9.20105  2.66684  0.56884  1.25602  -1.12445  -4.39624  2.24011  3.95115  1.4019  2.20198  -0.067604  0.306439  -0.660774  41.8516  19.3318  132.048  24.545  8.55539  -1.67571  4.94861  0.275582  -1.70067  -0.553761  -1.05596  
-0.331637  -2.4187  1.24372  0.414447  -11.7295  -1.08723  -10.8764  -3.05225  0.577983  -0.459542  -1.21374  -3.04895  1.33197  3.32007  2.35634  1.73942  -1.03121  0.37114  -1.10506  45.6233  6.18503  117.562  28.4689  -3.79941  -2.43715  22.7122  1.15546  -8.18032  -0.142554  -1.05627  
-0.457125  -2.34907  1.16043  -0.645067  -12.3191  -6.73354  -9.81862  -10.7114  -0.437549  -3.32056  -1.07379  -1.48635  0.702577  2.1997  2.8513  1.64766  -2.61302  0.287185  -0.98646  34.458  -9.74403  22.8306  26.1441  -11.2331  -2.68429  6.58821  4.93857  -13.4331  -0.0101934  -0.860662  
-0.350409  -0.665277  -0.521352  -0.426473  -4.60277  -9.20419  -7.81429  -17.2643  -1.45996  -3.81582  -0.591337  -0.863376  0.836514  0.833787  2.55926  1.59782  -3.66475  0.160241  -0.35751  13.0328  -18.8092  -32.8894  20.8116  -11.7446  -2.08586  -34.9035  8.97565  -14.3442  -0.0856645  -0.613183  
-0.194937  1.06575  -1.89134  0.605634  5.39005  -6.58706  -6.48875  -19.8006  -1.78114  -0.964894  0.0355642  -1.4897  1.76505  -0.727135  1.91968  0.974882  -3.18469  0.104903  0.136411  -6.95466  -14.9465  5.19943  15.8933  -9.21777  -0.956978  -71.7449  10.1043  -11.2572  0.0419833  -0.45009  
-0.249737  0.579853  -1.83983  0.979503  11.0476  -1.56567  -6.5245  -16.4493  -1.49869  2.70185  0.476177  -2.50978  2.84056  -2.43569  1.55465  -0.197928  -1.7547  0.0908465  -0.0946016  -17.6051  -1.30674  79.7942  13.2052  -8.42398  -0.0884184  -81.5751  8.16896  -7.0689  0.557809  -0.46869  
-0.564649  -2.70446  -0.814577  -0.0437166  11.0387  0.950116  -7.21407  -7.54667  -1.03254  3.76095  0.576591  -2.81791  2.97778  -3.96538  1.53763  -1.23214  -1.05905  -0.0193314  -0.910058  -20.3918  12.7654  89.6829  12.621  -10.1962  -0.0646219  -67.1377  6.37951  -4.03194  1.19139  -0.65427  
-0.888293  -6.56679  0.207453  -1.69034  8.94063  -1.03562  -6.48612  3.20634  -0.488875  1.46197  0.414567  -2.21691  1.47471  -4.79236  1.54209  -1.6209  -1.64427  -0.312557  -1.54481  -21.0398  19.9941  -2.83917  12.4675  -11.4566  -0.739229  -48.0571  7.72562  -1.94669  1.62943  -0.844335  
-0.879203  -7.7462  0.844541  -2.61141  7.54791  -4.15131  -2.30374  9.96601  0.278844  -1.42949  0.0688498  -1.47974  -1.12786  -4.67337  1.62808  -1.45866  -1.76064  -0.719601  -1.4224  -20.9271  19.4482  -133.894  10.4938  -9.13604  -1.37582  -39.3206  11.4773  0.556486  1.95248  -0.868363  
-0.449643  -5.08883  1.20044  -2.30083  5.33163  -3.01482  4.95241  8.9475  1.13507  -1.54185  -0.506699  -1.41865  -3.19275  -3.99129  2.35194  -0.904059  0.717901  -1.0556  -0.780581  -16.1151  13.6595  -203.258  5.58554  -3.57272  -1.30458  -39.8214  13.7971  3.68193  2.3951  -0.804311  
0.0772331  -0.474638  1.18364  -1.39159  -0.40062  3.91166  11.6621  1.86746  1.57536  1.44767  -1.35467  -2.06409  -3.3066  -3.50441  3.84634  0.181214  5.2734  -1.17468  -0.397327  -4.53439  4.7916  -167.011  -0.778797  1.76509  -0.516933  -38.6936  11.641  5.84567  2.76031  -1.02109  
0.192391  3.26135  0.531173  -0.81719  -8.16839  12.3312  13.7184  -5.31436  1.30939  4.31113  -2.32528  -2.76879  -1.59729  -3.51881  5.19881  1.6098  8.43688  -1.08045  -0.737723  8.92048  -4.72465  -72.0633  -5.21993  3.65841  0.334605  -29.4714  5.47848  5.4403  2.51228  -1.83451  
-0.337788  4.88872  -0.570454  -0.933054  -12.4223  16.107  10.6403  -7.39148  0.697555  3.70807  -3.08499  -2.86645  0.363636  -3.51823  5.23822  2.25521  7.11093  -0.897767  -1.48875  16.6745  -10.2025  -1.4008  -5.45064  2.24973  0.504434  -16.8219  -1.65635  2.91824  1.7369  -3.05852  
-1.18897  5.07147  -1.38813  -1.46813  -9.58825  12.8124  6.11792  -3.6962  0.305131  -0.123274  -3.32689  -2.16869  1.03902  -2.69918  3.89317  0.914242  1.94512  -0.726479  -1.95245  16.7063  -7.44333  11.113  -2.64188  0.737145  -0.207218  -11.2816  -6.86373  0.707152  1.60726  -3.96228  
-1.71083  4.8434  -1.34914  -1.9488  -2.4599  5.05723  3.86239  2.53571  0.115025  -3.50668  -2.98225  -0.996888  0.308212  -1.0441  2.23307  -2.01728  -3.15988  -0.543373  -1.78429  14.0424  1.80762  9.7621  -0.256556  1.91152  -1.32582  -18.4198  -8.68838  0.763324  3.17971  -3.7962  
-1.51155  4.4855  -0.558165  -2.00566  2.77826  -2.59515  3.43712  7.58544  -0.512899  -3.10756  -2.3002  -0.0216503  -0.590511  0.454551  0.969149  -4.37203  -4.84764  -0.294204  -1.23324  14.2386  10.0609  54.5732  -0.474398  4.86682  -2.19058  -33.2999  -6.69276  2.4355  5.61758  -2.4374  
-0.825812  3.84717  0.561446  -1.38536  3.40643  -6.98173  1.46555  9.62319  -1.95788  0.769301  -1.75714  0.0252074  -0.379941  0.680538  -0.595119  -4.30871  -3.22234  -0.0538545  -0.715827  17.3337  11.7207  138.211  -2.39464  5.83039  -2.53885  -44.5603  -1.22067  3.08196  6.29642  -0.528941  
-0.268484  2.94472  1.76596  -0.0795095  2.49282  -7.17545  -3.30692  8.48766  -3.6627  4.70471  -1.75951  -1.20298  1.03035  -0.481261  -3.55692  -2.3592  -0.967347  -0.0258498  -0.329209  19.1813  8.98473  186.181  -4.06945  2.42155  -2.607  -44.3914  5.99394  0.9698  3.34486  1.02632  
-0.217625  1.86417  2.72136  1.43886  4.35613  -3.88375  -7.64534  4.67122  -4.55556  5.55884  -2.24482  -3.25538  2.49557  -2.20672  -7.46165  -0.824045  -0.144583  -0.301454  0.112416  17.1135  7.79552  145.716  -5.20375  -3.11181  -2.6665  -35.1087  11.7191  -2.78747  -2.00577  1.7311  
-0.484709  0.353962  2.5339  2.35262  9.42397  0.715081  -7.73151  -0.811857  -4.08741  3.02743  -2.56804  -4.95125  2.70347  -3.8307  -10.0184  -1.18396  -0.434419  -0.664134  0.668444  12.6668  8.86632  54.6424  -6.91679  -5.77612  -2.60618  -25.9107  12.9676  -5.49628  -6.16894  1.74861  
-0.597929  -1.82555  0.362352  2.13605  14.317  3.35719  -4.46473  -6.15624  -2.65951  -0.839472  -2.03821  -5.10422  1.32536  -5.64541  -9.14248  -2.62337  -0.277091  -0.76318  1.08534  9.45367  6.32826  -1.12077  -9.15484  -3.07152  -2.06205  -23.1299  9.35538  -5.83571  -6.53802  1.59848  
-0.340127  -4.13843  -3.15875  1.03318  15.638  1.73859  -3.21157  -9.49795  -1.09883  -3.84545  -0.806856  -3.40402  -0.736041  -8.21279  -5.08577  -3.26436  0.939257  -0.506127  1.06198  9.7352  -3.53976  12.3663  -9.9262  2.13936  -0.909959  -24.9515  3.66896  -5.05299  -3.81183  1.64699  
0.0654405  -5.22852  -5.66571  -0.204115  12.1727  -3.1044  -7.66754  -10.2671  -0.0143819  -5.1036  -0.0865285  -0.739203  -2.16875  -11.0623  -0.272848  -2.33473  2.24531  -0.18322  0.583512  12.8131  -14.8628  47.4284  -7.83131  4.63076  0.434599  -25.6871  -0.188011  -5.05811  -0.775352  1.85307  
0.264075  -3.9683  -4.97632  -1.05931  4.14993  -7.2465  -15.0983  -9.45346  0.336749  -4.97156  -1.05817  1.41547  -2.38388  -12.4305  2.82978  -0.688776  2.38464  -0.114306  -0.107309  15.1302  -16.6582  36.4008  -4.24131  2.24068  1.24989  -23.1354  -0.332891  -5.78885  0.721356  1.94182  
0.167737  -0.537429  -1.40668  -1.58072  -7.22982  -7.57212  -18.7776  -8.20379  -0.0310977  -4.30456  -3.3692  2.07281  -1.89221  -10.6998  3.51308  0.539474  1.22379  -0.245572  -0.781613  12.1317  -4.80221  -35.6507  -1.57203  -2.20876  1.07592  -19.837  1.49655  -5.1461  1.07567  1.75802  
-0.000651963  3.54671  2.21958  -2.03752  -18.6683  -4.87413  -14.8819  -6.40763  -0.673407  -3.83652  -5.01925  1.44241  -1.62736  -6.08634  2.76019  1.13345  -0.174962  -0.234796  -1.33368  2.01993  12.5582  -133.978  0.253609  -4.47437  0.100068  -17.5772  1.43304  -1.67616  1.45376  1.41802  
0.0030792  6.46082  3.15334  -2.44946  -25.1816  -2.66031  -6.05362  -3.04168  -0.732831  -3.8063  -4.14253  0.600868  -1.92917  -0.880801  1.91858  1.54802  -0.657454  0.0752043  -1.63943  -11.0725  22.4749  -216.759  3.93103  -3.39101  -0.935638  -14.2381  -2.76177  3.1367  1.83367  1.13846  
0.186248  7.06192  1.22247  -2.59432  -23.6193  -2.97066  1.85508  2.09302  0.282067  -3.84443  -0.995155  0.352835  -2.28386  2.16728  1.64161  1.99727  -0.00448345  0.412814  -1.51938  -19.0484  19.1391  -250.08  10.6156  -1.35563  -1.26815  -7.65251  -8.78632  5.81288  1.14324  0.987139  
0.355795  5.24663  -1.25931  -2.37052  -15.5101  -4.21917  5.43343  7.45628  1.56736  -3.41143  2.09051  0.432883  -2.03553  1.74976  1.80638  2.24111  0.961629  0.396868  -0.978178  -17.046  7.68896  -209.335  16.9908  -0.895884  -0.720211  -0.120362  -11.0098  4.23223  -0.93123  0.869363  
0.352091  1.70739  -1.85534  -1.95238  -4.98361  -3.54985  5.60655  10.9478  1.43012  -2.53528  2.93801  -0.103162  -1.18922  -1.20431  1.93679  2.12382  1.12024  0.00495707  -0.380365  -8.62309  -2.68602  -109.556  18.0161  -1.94256  0.107721  3.45344  -5.77881  -0.0778229  -3.02236  0.736527  
0.199859  -2.35937  -0.117938  -1.49777  5.94703  -0.553957  4.90096  11.7118  -0.811  -2.03693  1.49311  -1.61489  -0.353562  -4.36209  1.57231  1.87597  0.0935984  -0.417414  -0.180864  -2.36764  -7.67341  -27.6464  12.584  -2.74178  0.288225  2.41248  4.10764  -3.31843  -3.43148  0.700285  
0.0370628  -5.44156  2.37674  -0.832319  17.9731  2.28636  4.15697  10.523  -3.60044  -2.73534  -0.529006  -3.18065  0.0626433  -5.52165  0.511435  1.76856  -1.27462  -0.596812  -0.438012  -2.61855  -10.2052  -42.6687  4.94475  -2.52276  -0.592273  1.67057  10.8989  -3.13248  -2.15641  0.8518  
-0.0687975  -5.98181  3.62564  0.444913  29.871  2.67092  2.62857  8.46911  -4.48692  -4.46316  -1.68268  -3.40577  0.361579  -4.11751  -1.01554  1.70936  -1.54743  -0.654022  -0.743071  -5.38492  -15.2861  -123.617  0.169915  -2.08364  -1.98735  5.15564  8.98692  -0.859833  -1.06343  1.02673  
-0.200261  -3.07973  2.77862  2.41007  35.6858  1.04273  0.306387  5.78332  -2.90326  -6.1195  -2.06539  -1.95677  1.11633  -1.53126  -2.38334  1.37369  -0.146185  -0.886692  -0.724263  -4.8159  -23.2873  -118.18  -0.782877  -1.95459  -2.86565  10.0094  0.454185  0.1873  -1.90462  0.897636  
-0.477684  2.43243  0.565854  4.37149  29.0902  -0.424247  -0.956561  2.22777  -0.953054  -6.80476  -2.60094  -0.0780929  2.30343  0.00068312  -2.95923  0.644573  1.75103  -1.30669  -0.520218  -2.14731  -28.1051  87.4502  -0.630341  -1.10427  -2.74843  10.0296  -7.00653  -1.41412  -4.40419  0.371548  
-0.877937  7.70654  -1.4463  5.04369  10.57  -0.561551  0.413433  -1.65211  -0.951383  -6.56912  -3.60674  0.579559  3.11575  -0.708551  -2.63601  -0.226856  2.1582  -1.54388  -0.589117  -4.73983  -22.235  399.211  -1.51747  1.49312  -2.19833  3.15588  -7.7376  -3.43823  -6.56001  -0.196043  
-1.19873  9.55179  -2.13263  3.52409  -11.466  -0.138624  3.1062  -4.37815  -2.54259  -5.91575  -4.51249  -0.421171  2.7563  -2.92312  -1.98166  -0.893744  0.415753  -1.24224  -1.08253  -15.664  -4.72129  564.594  -2.84116  4.64822  -2.10527  -6.88695  -3.02991  -2.56084  -6.72867  -0.310914  
-1.22765  7.28308  -1.66629  0.310501  -27.5956  -0.288821  3.16816  -4.91776  -3.03123  -4.91086  -4.72878  -1.91219  1.35933  -4.86197  -1.68565  -1.23994  -1.75799  -0.494875  -1.59039  -27.2947  15.7234  415.051  -3.20251  5.36366  -2.54892  -15.9025  1.65896  1.69286  -5.12245  0.120865  
-0.944383  3.79229  -1.22174  -2.65347  -34.3026  -0.906298  -2.27285  -3.85548  -0.743338  -3.30337  -4.24955  -2.3273  -0.0643001  -5.49452  -1.75632  -1.40322  -1.82483  0.210049  -1.60739  -28.4346  26.7578  22.4902  -2.8402  2.15833  -2.62456  -22.5284  3.11413  6.19335  -3.16456  0.655664  
-0.537133  2.79452  -1.66148  -3.38482  -33.3941  -1.0448  -11.6888  -2.75123  2.6547  -1.44028  -3.25074  -1.18351  -0.623205  -5.22903  -1.41349  -1.53336  0.767035  0.465972  -1.13085  -17.2327  22.8984  -409.026  -3.01911  -2.78778  -1.58684  -25.1883  2.88007  7.5162  -1.74384  0.775508  
-0.218558  4.67943  -2.54728  -1.63966  -26.7483  -0.329778  -19.7015  -2.26824  3.82161  -0.35209  -1.59613  0.528293  -0.443832  -5.10449  0.022018  -1.55345  3.71752  0.30051  -0.637561  -3.97302  9.8391  -754.01  -3.77681  -5.55031  0.0683841  -19.9197  3.81227  5.29743  -0.576424  0.427569  
-0.0504001  5.8873  -2.65273  0.761751  -14.4498  0.619376  -21.1304  -1.45889  1.49051  -0.547653  0.79769  1.32603  -0.488206  -5.54308  2.04889  -1.2296  4.17715  0.0650201  -0.481345  0.0426261  -2.54588  -1006.9  -3.54642  -4.64651  0.997065  -5.56592  5.93601  1.88835  0.776712  0.0341724  
0.0367284  3.28057  -1.46239  1.65563  1.73172  1.05355  -14.7091  0.645747  -2.10421  -1.18937  3.29787  0.634181  -1.48626  -6.11941  3.00371  -0.529452  1.76012  0.0125583  -0.480047  -5.76472  -10.5465  -1154.98  -1.0495  -2.35373  0.468263  10.664  6.70955  -0.680133  1.87576  -0.0118618  
0.0933613  -1.3313  0.163372  0.549034  15.8867  0.865883  -3.60561  3.02113  -3.68285  -1.05675  4.77552  -0.655558  -3.07364  -6.1257  1.52511  0.150274  -1.13622  0.0478591  -0.197992  -12.6758  -18.0431  -1119.81  3.26524  -1.67852  -0.829833  17.6013  4.739  -2.42274  1.83188  0.228987  
0.0812693  -2.45865  0.913074  -1.20212  21.6401  0.473328  6.80193  3.16646  -2.30136  -0.271311  4.66277  -1.0419  -4.02129  -5.12581  -1.88735  0.297947  -2.0236  -0.121126  0.447295  -13.9883  -27.6843  -870.12  7.83274  -2.61852  -1.63786  12.4585  1.96508  -4.1723  0.637588  0.36058  
-0.0381377  2.78646  0.396567  -2.14083  18.3029  0.390912  11.999  0.180738  0.126174  -0.315164  3.5361  0.0204796  -3.377  -3.08637  -4.99397  -0.0994608  -0.821369  -0.619948  1.00551  -11.8026  -34.0144  -527.676  11.215  -2.39674  -1.52992  5.61489  1.84842  -5.77329  -0.549694  0.134803  
-0.204819  10.7594  -0.638694  -2.17864  11.4786  1.07659  10.7096  -3.4004  1.28062  -2.11272  2.41607  1.33779  -1.41271  -0.533354  -5.75241  -0.401322  0.563471  -1.22281  0.960382  -11.8437  -28.4963  -274.633  12.414  0.966261  -1.10575  8.82625  5.65622  -6.30565  -0.783816  -0.261757  
-0.307411  14.7007  -1.25142  -2.16295  7.0912  2.82558  5.62341  -4.10621  0.716013  -4.56185  1.67438  1.00914  0.51493  1.37003  -4.11325  0.00621146  0.716938  -1.55459  0.294505  -14.9854  -10.8425  -168.499  10.7584  5.85134  -0.915243  20.1078  10.829  -5.54135  -0.63284  -0.422789  
-0.320247  11.7547  -1.09985  -2.34893  5.69301  5.38407  1.41256  -1.93175  -0.390979  -5.63838  0.946309  -1.50447  1.15172  1.24775  -1.80158  0.902354  0.09025  -1.45796  -0.492958  -16.8221  7.97319  -130.728  6.44849  8.30107  -0.715758  24.8661  13.1931  -4.19666  -1.56217  -0.165422  
-0.335775  5.49738  -0.350006  -1.90829  3.42349  7.75019  0.934004  -0.750817  -1.02838  -4.76571  0.0665987  -4.44472  0.514932  -1.34096  -0.427782  1.36349  -0.125211  -1.11498  -0.91622  -14.5658  15.6369  -119.237  1.21821  5.74508  -0.0709426  13.591  11.3725  -2.76091  -3.94257  0.276854  
-0.437589  1.52228  0.710466  -0.101174  -2.37998  8.63229  2.73121  -3.27221  -1.25195  -3.50413  -0.403588  -5.16617  -0.11604  -5.20924  -0.0561703  0.844998  0.243434  -0.797286  -0.978362  -11.1674  9.81868  -217.321  -2.29035  -0.546437  0.661586  -4.97588  9.17839  -0.966097  -6.17484  0.490853  
-0.575992  1.77736  1.65582  2.42558  -10.1758  7.12408  2.88127  -6.53668  -1.47229  -3.6137  0.154592  -2.69137  0.456539  -8.13883  0.310681  -0.0661308  0.277877  -0.542414  -1.07228  -11.0549  -2.21058  -476.94  -2.55216  -6.30909  0.541476  -13.7099  12.1989  1.11703  -6.16365  0.276555  
-0.610065  3.85741  1.84143  3.96344  -16.6339  2.9692  -0.129282  -4.62811  -1.55578  -4.90539  1.44602  1.19035  1.96609  -8.47343  1.19931  -0.27352  -0.520907  -0.142608  -1.44559  -14.4631  -13.1167  -744.038  -0.535531  -7.59561  -0.687981  -9.02935  20.6377  2.29429  -3.55976  -0.185583  
-0.476358  4.86013  0.853608  3.35856  -20.3059  -3.22699  -3.19237  3.54786  -1.12879  -5.45945  2.41706  3.49637  2.82431  -6.41087  2.0221  0.453044  -1.37832  0.550021  -1.85787  -17.7443  -21.5141  -772.671  1.13247  -4.10474  -1.98018  -6.46798  26.1051  1.43749  -0.204717  -0.524547  
-0.282264  4.39304  -0.88746  1.12977  -21.5375  -9.51665  -2.16038  11.0997  -0.413795  -3.84673  2.45171  2.81112  1.82142  -3.89645  1.93885  1.04019  -1.23071  1.37274  -1.84091  -18.2917  -28.8617  -539.708  0.597592  0.168837  -2.01904  -20.4956  18.394  -0.771086  1.70543  -0.516479  
-0.213232  3.8229  -2.34819  -1.12484  -19.5192  -12.651  2.68571  9.91525  -0.223687  -0.709006  2.02122  0.474058  -0.432442  -3.05297  0.87734  0.284761  -0.1743  1.95155  -1.26934  -16.781  -34.495  -335.078  -1.58412  0.362829  -0.695171  -42.7523  -3.02303  -2.21183  1.59816  -0.252376  
-0.35114  3.83954  -2.93492  -2.19418  -11.8191  -10.0013  6.33944  0.244594  -0.989665  1.95499  1.88828  -0.912797  -2.0908  -4.33797  -0.504549  -1.68502  0.56939  2.02602  -0.567603  -14.7849  -36.412  -423.906  -3.15412  -3.87203  0.788281  -47.0603  -25.7625  -1.71504  0.614734  -0.00575698  
-0.597768  3.79047  -3.1307  -2.09916  1.87671  -2.43649  4.7424  -8.38431  -2.13283  2.69545  1.88819  -0.036955  -2.10713  -6.01259  -1.62428  -3.41496  0.138496  1.63439  -0.278278  -12.2876  -34.566  -664.216  -2.49225  -6.48717  1.22986  -18.7231  -35.2738  -0.433232  0.073137  0.0311966  
-0.772261  2.97239  -3.8012  -1.64085  16.5617  5.14029  -0.297023  -6.83778  -2.72805  1.7372  0.954453  2.00595  -1.33234  -5.97705  -2.38152  -3.62957  -0.918695  1.00504  -0.479364  -8.64709  -29.7454  -589.899  -0.219731  -0.0780963  0.51821  25.5787  -28.9192  -0.317635  0.251751  -0.106409  
-0.777078  1.81849  -4.9507  -1.56104  24.5009  7.32061  -3.17451  3.95998  -2.56745  0.471443  -1.42938  3.00774  -1.30328  -4.27686  -2.8027  -2.49988  -1.3334  0.330504  -0.739995  -4.77985  -20.003  55.1059  1.63948  15.901  -0.686748  52.4618  -17.5233  -1.63585  0.628475  -0.249031  
-0.673734  1.46474  -5.50302  -2.17202  21.8932  2.87952  -1.21555  14.201  -2.22196  0.143142  -4.08553  1.86633  -2.25179  -3.44365  -2.68155  -1.29004  -0.62863  -0.333471  -0.663215  -2.82472  -2.94392  926.702  2.1019  32.5675  -1.92143  44.7474  -12.7355  -2.77551  0.797997  -0.291519  
-0.604663  2.43471  -4.40743  -3.42167  12.4011  -4.32216  2.22099  15.4755  -2.14881  0.823815  -4.84301  -0.425832  -2.81156  -5.62744  -1.88471  -0.94788  0.421804  -0.971367  -0.349619  -3.94925  16.4915  1332.73  2.44565  38.4301  -3.16606  15.8814  -15.2754  -2.41976  0.791909  -0.270646  
-0.649593  3.84782  -1.77408  -4.8421  3.58962  -9.26032  1.83891  8.51347  -2.10237  1.47644  -2.56325  -1.88109  -1.7496  -9.86903  -0.837137  -1.27141  0.809985  -1.50249  -0.231497  -7.72114  24.7992  905.531  4.60538  29.1999  -4.26906  -7.78069  -17.2197  -1.20391  0.608585  -0.251959  
-0.750838  4.09686  1.23803  -5.40307  -0.0550455  -10.2291  -3.24254  0.431727  -1.60429  1.10514  1.53882  -1.43944  0.51212  -13.2908  -0.300827  -1.41634  0.458304  -1.77662  -0.508177  -13.45  12.002  -17.5878  8.41412  10.5111  -4.63074  -13.2179  -13.5783  -0.791074  -0.111059  -0.193553  
-0.79248  2.46791  3.4603  -4.02288  -0.311946  -9.16987  -8.60393  -3.91152  -0.70686  -0.0122611  4.72208  0.217482  2.38226  -15.0872  -0.580109  -0.965196  0.154125  -1.68722  -0.907604  -20.5668  -14.8651  -728.269  11.0777  -8.33743  -3.81188  -6.45349  -7.95178  -1.70541  -1.64388  -0.003819  
-0.747749  0.275516  4.50546  -0.773038  -1.74112  -8.21625  -9.9107  -5.92818  0.0172056  -0.341962  4.99276  1.60312  2.78728  -17.6349  -1.15778  -0.32602  0.489319  -1.2895  -1.03572  -27.2865  -34.9433  -820.66  9.60781  -21.9748  -2.21382  1.99999  -6.41384  -2.70118  -3.57551  0.246592  
-0.720304  0.153793  4.62593  2.49282  -5.74948  -7.06236  -7.95137  -8.95773  0.144796  1.23116  2.7129  1.93839  1.95459  -22.2187  -1.32077  -0.176854  1.17455  -0.797757  -0.827758  -30.2409  -32.8077  -493.714  3.56677  -30.4091  -0.804592  8.89395  -9.44466  -2.37216  -4.94929  0.273335  
-0.798467  3.66376  4.12581  3.35927  -8.53094  -4.11667  -7.2527  -12.3436  -0.216783  3.84383  0.098283  1.60388  0.674304  -24.6417  -1.00096  -0.70309  1.48817  -0.441805  -0.531945  -27.1385  -13.0964  -221.921  -4.70199  -35.3817  -0.164447  15.1882  -12.3672  -0.876528  -5.08303  -0.120816  
-0.886702  9.33811  3.10965  1.12559  -5.39405  0.536542  -10.2557  -11.9294  -0.741934  5.26061  -0.925314  1.33866  -0.571273  -17.8437  -0.803981  -1.43285  1.1562  -0.262536  -0.335812  -19.6475  6.12014  -235.296  -11.9939  -37.0144  -0.0583976  18.4921  -12.2488  0.133319  -4.11158  -0.674891  
-0.76633  13.228  1.70481  -2.27455  3.17401  4.41366  -14.1162  -6.11347  -1.27969  4.43117  -0.486612  1.34265  -1.52848  -0.337691  -1.25076  -1.73547  0.562805  -0.0739688  -0.188457  -12.5695  12.4455  -384.728  -15.8115  -34.0481  -0.00701191  14.3663  -11.0894  -0.896031  -2.71194  -0.773278  
-0.383343  11.8025  0.32865  -3.99342  10.6193  5.10165  -14.0196  0.890803  -1.81583  2.88954  -0.46915  1.31088  -1.79797  19.2709  -2.23053  -1.40304  0.184135  0.297374  -0.0292562  -9.91238  8.34202  -438.83  -14.735  -26.0545  -0.00993626  3.60508  -11.7  -3.96908  -1.44427  -0.0997539  
-0.0251261  4.62255  -0.380511  -2.96736  10.4661  2.86068  -8.82381  3.29566  -2.18852  2.9344  -2.39136  1.09474  -1.19679  28.3725  -3.28099  -0.778603  0.0329063  0.721144  -0.00517688  -12.1714  2.21733  -357.374  -8.67173  -14.6705  -0.43406  -7.50018  -13.1153  -7.50883  -0.493927  0.839083  
-0.0978867  -5.34303  0.00781637  -0.732099  3.29013  0.278614  -2.38304  0.479137  -2.15802  4.59098  -5.56722  1.00063  -0.383625  21.7673  -4.09627  -0.387597  -0.201832  0.804601  -0.297729  -17.3687  -3.8616  -230.927  0.670474  -3.23066  -1.30543  -14.5019  -11.901  -9.44279  0.0580335  1.03275  
-0.682159  -13.7122  1.2785  0.338128  -3.92179  -0.559447  0.673123  -2.33877  -1.80416  5.39868  -7.42312  1.38272  -0.476366  6.13572  -4.53132  -0.458045  -0.643769  0.30949  -0.799527  -23.0988  -13.7393  -62.8903  10.3099  4.82081  -2.06724  -18.1407  -7.11645  -8.53881  0.03765  -0.0378414  
-1.37327  -17.2286  2.55885  -0.664709  -5.84809  -0.12754  -0.489956  -0.41766  -1.55789  3.76097  -5.84049  2.18548  -1.72104  -6.72893  -4.30458  -0.761464  -1.07863  -0.506353  -1.15137  -27.0086  -26.8153  241.487  17.7204  7.68732  -2.18252  -19.1641  -2.06383  -5.12081  -0.60022  -1.76691  
-1.6473  -15.265  2.93011  -2.66387  -4.90568  -0.445959  -2.87384  4.98202  -1.73885  1.60615  -1.23097  3.03348  -2.88208  -10.3618  -3.15586  -0.894235  -1.30705  -1.08404  -1.15403  -26.5952  -34.1301  658.114  22.0921  5.88611  -1.74336  -13.7089  -0.761544  -0.731358  -1.5121  -2.91756  
-1.38608  -9.80506  2.28008  -3.90909  -7.57658  -2.31692  -3.44568  8.49673  -2.19973  2.53031  3.7714  3.71811  -2.4222  -7.3241  -1.41813  -0.716573  -1.45809  -1.14712  -1.01857  -20.7208  -27.8116  939.499  23.7159  0.917475  -1.2657  2.25234  -3.62603  3.0796  -2.15968  -2.79417  
-0.9889  -4.06433  1.51576  -3.48131  -15.1482  -4.05108  -2.01854  7.31472  -2.50819  7.35243  6.52179  4.37287  -0.249591  -4.01395  -0.181705  -0.498688  -1.84241  -1.002  -1.1111  -11.7663  -11.6842  816.306  22.4592  -6.57052  -0.984423  24.4473  -7.37368  5.76868  -2.34063  -1.86336  
-0.932152  -0.551807  1.73305  -1.70619  -21.0847  -3.30873  -0.553326  4.03864  -2.41584  12.7781  6.27674  5.09793  2.0706  -3.85904  -0.457349  -0.606022  -2.51594  -1.16428  -1.51063  -4.86164  1.23421  297.248  17.8691  -16.1292  -0.643982  40.6583  -8.70908  7.63005  -2.36649  -1.15598  
-1.25374  0.40763  3.00416  0.309954  -18.9139  -0.0486273  -0.510466  2.67666  -2.03464  14.9645  4.18883  5.55549  2.92882  -5.45528  -2.00919  -1.05222  -3.09337  -1.69364  -1.9149  -3.72646  2.0851  -292.694  11.0349  -24.6714  -0.0625608  42.167  -7.38391  8.69229  -2.6125  -1.15929  
-1.51352  0.448179  4.118  1.4185  -10.3557  2.85668  -1.56967  3.56829  -1.58451  13.5388  1.87674  5.09566  2.17731  -5.67374  -3.26811  -1.42828  -3.0328  -2.0256  -1.95188  -7.48024  -5.57811  -576.62  5.37297  -25.7912  0.381904  31.9051  -5.84194  8.09118  -3.04354  -1.40111  
-1.25968  1.44415  3.75916  1.05065  -2.8232  2.35311  -2.55313  3.86487  -1.16857  11.0744  0.197239  3.35342  0.834115  -2.98056  -2.71751  -1.31065  -2.07672  -1.54124  -1.49996  -12.3648  -11.9037  -402.14  4.16195  -14.4252  0.0986544  19.5999  -6.45017  4.93885  -3.31294  -1.1159  
-0.511953  3.72463  1.94557  -0.428384  0.408438  -1.49998  -3.00049  2.1883  -0.775722  9.32326  -0.92314  0.671148  -0.365174  1.81272  -0.443176  -0.718584  -0.483399  -0.293451  -0.729837  -16.245  -13.0267  89.8664  7.08529  6.95432  -0.924572  10.3701  -9.21423  -0.249958  -3.28943  -0.178142  
