0.290997  -1.78307  -29.5299  4.75446  -5.97113  -2.09258  -0.694845  1.03701  -0.180429  7.44932  -2.92672  -1.57367  8.78787  2.03061  6.97348  2.48118  -1.50626  1.50284  -0.814834  1.29455  -3.14765  -1.40457  -1.01656  2.59375  -5.93637  0.258367  2.35802  -4.21115  -1.83158  3.92602  
-0.653351  0.549207  213.535  -23.7628  -6.18461  -2.00718  -3.09603  7.0603  -3.06882  -143.168  -2.26243  4.02694  -0.685518  1.18357  -9.66141  0.359514  -7.76653  -13.6541  -1.34167  -0.180408  0.167351  -1.53569  -1.49923  3.0869  -4.85017  -2.31107  2.12505  4.1598  6.70201  -0.57324  
-0.949448  3.28197  418.212  -35.9587  -2.3588  -0.804335  -3.18426  6.89962  -5.16786  -238.622  1.08029  8.14936  -10.9118  0.506404  -15.0418  -3.15464  -9.85703  -17.9471  -0.824517  -0.962654  5.74672  -1.30558  -1.38919  1.60806  -2.63931  -3.94174  1.06354  17.712  9.81016  4.44033  
-0.479514  5.70413  493.567  -32.2428  4.51635  1.52743  -0.90119  1.63692  -5.30998  -259.097  6.59598  9.39227  -19.5873  0.225976  -8.93614  -6.77785  -7.07934  -10.7136  0.391551  -0.87806  13.2104  -0.32812  -0.786028  -1.55223  0.693137  -4.24926  -0.895218  32.1411  6.20025  21.9088  
0.244214  6.51319  376.072  -25.8856  8.35088  3.78637  1.62627  -2.02991  -3.06858  -222.95  10.735  7.26422  -22.2989  0.333148  -2.28539  -7.73376  -2.48434  -0.89202  0.843853  -0.386864  19.1398  1.3868  -0.316973  -3.96415  3.34376  -3.61704  -2.67527  36.5398  -0.577354  42.8773  
0.521847  5.14625  152.627  -24.6482  3.60578  4.50826  2.31307  -0.168257  -0.15174  -160.318  10.2365  2.9337  -16.7815  0.351223  -5.60707  -5.18471  0.0781724  2.71385  -0.395  -0.157521  19.4074  3.10487  -0.360026  -3.3976  2.39646  -2.8603  -2.67942  25.6551  -5.17909  49.3092  
0.0973098  2.20515  29.9766  -22.4439  -7.82556  3.1944  1.1081  3.85946  0.426965  -91.3086  5.32075  -1.38505  -5.9553  -0.263383  -17.4034  -1.32678  -0.790285  -0.836932  -2.55089  -0.447614  12.6162  3.86452  -0.619822  0.0461768  -4.10543  -2.52702  -0.400317  7.05109  -4.70228  29.0117  
-0.604537  -1.12585  127.315  -10.8179  -16.3913  0.748244  -0.212719  4.28693  -2.64208  -27.8663  -0.45945  -3.94144  3.71952  -1.36969  -25.2073  1.21295  -3.3526  -6.05956  -3.79072  -0.886103  1.76543  3.32924  -0.536619  4.05554  -14.9657  -2.44005  2.59452  -5.43759  -0.844274  -9.04475  
-0.907399  -3.5211  332.111  6.35891  -13.9309  -1.24193  0.00497767  0.598501  -7.06236  15.3749  -3.4975  -4.25281  7.39523  -2.07111  -18.7671  2.05584  -4.85062  -7.98174  -3.03187  -0.918705  -7.56776  1.91933  0.0366056  6.14705  -25.5647  -1.96459  3.84036  -4.80756  1.71812  -38.1933  
-0.586834  -3.84181  407.776  15.1254  -3.71421  -1.75948  1.70124  -2.07507  -8.85119  26.2506  -3.22598  -2.75705  5.60884  -1.6124  -1.54889  2.41906  -4.07612  -6.34973  -1.02775  -0.478679  -11.2102  0.130521  0.720687  5.52857  -30.4065  -0.766061  2.51805  3.3688  -0.298989  -38.394  
-0.0906055  -2.08537  250.767  8.03474  0.993964  -1.04664  3.22712  -0.221465  -6.35123  9.08147  -2.02189  -0.369054  3.05554  -0.205245  11.8026  2.62599  -2.06186  -4.18227  0.417408  -0.097852  -9.08901  -1.89634  1.10012  3.26059  -26.7037  0.735952  0.521331  7.96706  -5.3263  -16.7072  
0.00356725  -0.129702  -1.68385  -6.29905  -8.4375  -0.162569  2.82918  3.06059  -1.9173  -13.9666  -2.30099  1.61943  3.6918  1.28903  10.0664  1.65346  -0.649398  -4.05066  0.297343  -0.255168  -4.36557  -4.00193  1.09369  1.05222  -16.1086  1.72328  0.503861  3.63629  -7.9875  0.783642  
-0.299973  -0.31532  -133.042  -12.9665  -23.4098  0.0844776  0.145126  2.24004  0.660726  -22.5021  -4.0225  2.04116  7.13615  2.38712  -3.45847  -0.70278  -0.627465  -6.04459  -0.605121  -0.687543  -0.183291  -5.57026  0.758552  0.0622012  -3.52953  1.79533  2.90298  -5.00677  -4.50372  -2.18972  
-0.392204  -2.52272  -80.8053  -7.54774  -24.6501  -0.276168  -3.35174  -2.8115  0.0543635  -15.2577  -5.10527  0.89235  9.87664  3.331  -14.7096  -2.5559  -1.19589  -8.26201  -0.645123  -0.555655  2.52734  -5.71911  -0.0448687  0.476343  5.88002  1.3396  5.41065  -9.3173  2.70086  -15.9408  
0.194247  -3.51762  23.4328  0.124554  -4.31594  -0.76187  -5.26616  -6.0884  -1.71161  -4.55173  -3.96596  -0.577418  9.60433  4.32084  -12.7127  -1.86924  -1.03611  -8.53988  0.819679  0.594188  4.31963  -3.90746  -1.4545  1.67224  9.52773  1.0583  5.5861  -5.64791  6.78687  -19.6253  
1.13409  -0.592477  26.0948  -1.09141  21.8151  -1.11909  -4.15209  -3.1448  -1.9282  1.31066  -1.19612  -1.36474  7.62045  4.76677  0.740491  0.800207  0.252872  -6.11658  2.65147  2.12951  5.19869  -0.369275  -3.0362  2.60823  8.19094  1.15664  3.50004  1.36001  3.80144  -7.18958  
1.55971  4.59545  -81.2071  -10.3299  29.36  -1.45716  -1.12937  2.88554  -0.153081  3.9751  1.24176  -1.96149  6.7206  3.78149  13.8518  2.67412  1.77311  -2.14025  3.08896  2.78579  4.19489  3.66881  -3.73323  2.46964  4.75522  1.07956  1.3792  3.55612  -2.4484  7.66838  
0.98595  7.34009  -176.98  -16.4572  12.6721  -1.77563  0.543464  4.93088  1.68658  4.19897  2.06689  -3.29841  7.42635  1.41701  15.5668  2.06173  2.25173  1.3041  1.58013  1.91205  0.98174  6.06097  -2.7561  1.39012  2.00768  0.160657  0.928097  -2.56701  -4.36342  11.0179  
-0.131929  5.39654  -157.155  -12.0755  -8.53268  -1.71115  -1.56656  0.666324  1.64662  -2.9959  1.67205  -4.67004  7.4418  -0.970538  4.80506  0.331241  1.20587  2.85717  -0.714836  0.207746  -2.86922  4.75745  -0.592577  0.520778  0.950407  -1.45847  1.69663  -12.0039  0.37601  4.98234  
-0.842401  1.69647  -31.1815  -2.02515  -13.1425  -1.01447  -5.92921  -4.84358  -0.260492  -16.9309  1.41358  -4.09607  5.02354  -1.86295  -8.7445  -0.074941  -0.791686  2.49363  -2.19306  -0.883128  -4.89628  -0.250586  1.17622  0.97561  0.927936  -2.66461  2.16987  -15.6292  5.40003  0.781542  
-0.639008  0.454864  113.757  3.47478  -4.25813  -0.148704  -7.50496  -5.50801  -2.32522  -23.0103  2.37572  -1.29677  1.64166  -0.98932  -12.874  1.07639  -2.75195  0.679574  -2.29896  -0.537303  -3.90373  -5.97674  1.33325  2.50037  1.08344  -2.29494  1.76354  -9.23513  2.93171  1.46136  
0.125459  1.51784  204.465  1.84442  -3.72174  0.00108156  -2.50988  -1.23308  -2.86183  -7.29365  4.70596  0.946421  0.381864  0.559527  -3.61413  1.57027  -3.98135  -2.47513  -1.61751  0.716607  -0.783132  -8.56885  0.228614  3.48444  1.38681  -0.32894  1.13352  1.7262  -6.41201  -0.302671  
0.715199  0.526063  217.699  0.393695  -21.9765  -0.80459  6.87728  2.81087  -1.53955  22.3893  7.47108  -0.140198  2.17956  1.50989  10.7172  -0.0876608  -4.19662  -6.61484  -0.807673  1.61191  2.64653  -7.0347  -0.671556  2.60326  2.18759  1.89413  0.81386  7.3195  -13.5661  -7.89335  
0.740923  -5.12728  155.668  5.05575  -41.8397  -1.60349  13.4512  2.73081  0.642607  42.1016  8.81919  -3.35745  4.81015  1.43287  16.8759  -2.36629  -3.3061  -9.86173  0.0650144  1.37702  5.18138  -4.29728  -0.447516  0.334894  3.01227  2.76568  0.393078  3.49739  -11.4601  -12.9024  
0.373522  -12.0414  32.4907  10.4175  -37.4658  -1.13577  11.6618  -0.201362  2.30101  43.2771  6.87274  -4.45668  5.74845  0.656994  9.45949  -2.35527  -1.42937  -9.31475  1.05006  0.329425  6.57296  -3.69538  0.331961  -1.49671  2.33068  1.78323  -0.619316  -3.62021  -3.30174  -6.32181  
-0.00498443  -13.9481  -105.189  5.48817  -5.39897  0.631228  3.3264  -2.27348  2.66056  45.5826  1.41081  -1.61573  4.84077  -0.366782  -3.54642  0.661262  0.869288  -3.64737  1.69308  -0.605315  6.80549  -4.91973  0.43787  -1.68431  -0.875299  -0.136935  -1.63366  -4.91051  1.65817  6.88516  
-0.167825  -8.60969  -179.332  -11.3169  30.5861  2.22481  -4.12372  -2.08461  1.90891  64.8907  -5.08665  1.75593  3.47636  -1.26636  -9.12017  4.14424  2.67496  4.72921  1.41374  -0.759757  5.57869  -4.54928  -0.457175  -0.781857  -5.38526  -1.67388  -1.42291  1.13299  -0.609792  11.7443  
-0.0849587  -0.192652  -144.805  -27.1591  45.1763  2.13001  -5.33149  -1.39135  0.768067  77.2425  -8.81409  1.30817  2.14908  -1.50628  -2.42303  4.98876  3.23934  10.7297  0.420483  -0.103593  2.59165  -0.775663  -1.38966  -0.125222  -8.23504  -2.30444  0.224236  6.70253  -4.8961  1.9367  
0.193003  5.25061  -48.9122  -27.8882  35.5087  0.418227  -2.15347  -2.03409  -0.285311  39.0793  -7.90477  -1.96514  0.232926  -0.571513  9.41751  2.68136  2.45761  10.6005  -0.261627  0.976078  -1.7877  3.78454  -1.29977  -0.0848978  -7.63334  -2.39391  1.85905  4.29569  -4.51287  -10.9743  
0.550493  5.56345  1.22033  -14.0067  17.6114  -1.34603  -0.535587  -3.40125  -1.38179  -49.3356  -4.3708  -2.22444  -2.09866  1.32325  16.1627  -0.560313  0.915432  5.24282  0.0730049  1.9837  -6.23061  5.00637  -0.240401  0.225103  -5.29354  -2.28586  1.8875  -3.75431  0.104396  -9.99223  
0.773728  3.18926  -41.8703  0.0564598  5.5391  -1.79016  -3.08297  -3.42113  -2.80886  -123.287  -2.22118  3.82793  -3.24989  2.99884  14.7369  -2.31573  -0.45259  -0.648848  0.870448  2.42169  -8.99035  2.25567  0.826809  1.56988  -4.87634  -1.7149  0.606597  -7.2383  3.13771  7.98852  
0.648139  1.07473  -105.525  2.53903  0.540874  -1.06112  -6.19178  -1.34554  -4.30622  -115.918  -3.28668  11.8729  -2.20435  3.21645  9.93  -2.06595  -0.882581  -3.12662  0.845814  1.89017  -9.13965  -0.935328  1.22426  3.4274  -7.44918  -0.347973  0.12877  0.138003  2.05567  28.1048  
0.152722  -0.412027  -84.038  -3.57674  -2.16393  -0.376269  -4.91344  1.21381  -4.99922  -36.9653  -5.27495  14.1848  -0.312764  1.89154  6.82014  -0.976996  -0.326756  -2.68136  -0.548305  0.389155  -7.40861  -1.26536  1.18419  4.497  -9.25182  1.37516  1.9277  12.876  0.58203  32.2587  
-0.481578  -2.2737  17.3923  -6.61918  -4.34006  -0.514818  0.731954  2.09066  -4.16288  34.8448  -4.41833  8.3472  0.0883332  0.177614  5.51568  -0.350368  0.295376  -3.17562  -2.40002  -1.44647  -5.54016  0.638332  1.23814  4.07458  -5.42045  2.41206  4.79026  18.8321  2.08612  16.3774  
-0.923448  -3.80897  74.0578  -1.22151  -5.28682  -1.04527  5.71536  0.925426  -2.04612  42.2745  0.0208551  -0.187011  -1.21005  -0.720516  3.56771  -0.585726  -0.30822  -6.93793  -3.19369  -2.60436  -4.40398  1.69309  1.36536  2.59644  3.64556  2.3208  5.76992  11.78  3.60211  -6.58745  
-0.947505  -2.47923  -3.97745  6.67028  -5.79579  -0.992601  5.93346  -0.623224  0.253044  12.224  4.51542  -4.53969  -1.60696  -0.643194  0.69186  -1.19975  -2.40867  -11.4643  -2.31429  -2.40921  -2.89693  0.662588  1.02916  0.979047  10.7782  1.9096  3.30679  -2.58571  -0.229685  -19.3166  
-0.53901  2.77266  -142.015  8.53801  -6.72686  -0.0340932  2.60593  -1.02314  1.78699  10.9977  4.90716  -3.73256  1.30689  -0.279534  -0.906077  -1.38659  -4.39657  -11.6692  -0.63988  -1.06467  0.710955  -0.496818  -0.0218014  -0.154178  8.65898  2.24731  -0.909446  -12.9875  -8.44221  -15.4686  
0.110572  9.01835  -174.892  2.912  -5.58064  1.12041  0.0437055  -0.68611  2.56247  51.9412  0.971483  -2.18287  6.36816  -0.117877  0.104912  -0.683346  -3.89413  -5.60591  0.334272  0.527844  6.05635  0.38764  -1.30386  -0.547909  -1.90744  3.10215  -3.58714  -13.2356  -12.7741  -3.56636  
0.669223  11.5845  -42.278  -5.29131  0.432766  1.39544  0.127058  -1.06663  3.19116  77.227  -3.21994  -3.16436  9.18772  0.0806724  2.62749  0.531403  -0.303921  2.74832  -0.085385  1.51189  9.83199  2.69482  -2.07208  -0.106197  -12.0023  2.91824  -3.26269  -5.92589  -6.86397  3.08538  
0.816344  9.1126  140.031  -11.2952  7.84576  0.306402  0.587023  -2.20288  3.67003  37.1437  -3.54551  -5.01402  6.14637  0.755288  4.50963  1.21585  3.90685  6.97311  -1.15716  1.64369  8.47657  3.85598  -2.04627  0.95936  -13.594  0.690758  -1.72105  2.72363  5.72622  -0.073268  
0.466977  5.48529  218.863  -13.3204  8.07859  -1.58654  -1.21646  -2.17531  2.85249  -38.4094  0.0717651  -4.3535  -1.9193  1.8112  4.00186  0.674505  5.05801  4.40669  -1.42885  1.21619  1.9461  2.66608  -1.51938  1.89119  -7.57307  -2.41935  -1.81135  9.04533  14.7746  -5.73552  
-0.118418  5.24386  170.65  -10.4146  -2.41985  -2.97464  -4.37426  0.365793  -0.349445  -70.6308  4.0681  -1.06489  -9.77569  2.62391  0.0581115  -0.55055  1.79232  -1.51883  -0.156431  0.583543  -5.63962  0.66198  -0.881431  1.80539  -1.55641  -3.93134  -4.11249  12.2023  13.7949  -4.58269  
-0.505131  7.23837  92.7592  -1.88491  -15.6081  -2.66088  -5.48709  3.8097  -5.13737  -25.8938  5.27153  1.58215  -11.6974  2.70033  -6.83455  -1.0767  -3.39301  -5.02925  1.90876  -0.106198  -9.4974  0.134003  -0.250386  0.58333  -0.543983  -2.62706  -6.1961  11.0992  5.50741  3.73852  
-0.411341  4.43596  64.6229  9.85362  -18.7945  -0.469772  -3.01499  4.82081  -8.66112  46.3424  3.8252  1.29366  -6.00255  2.13911  -13.0343  -0.145374  -6.39374  -3.69003  3.19323  -0.727518  -8.22558  1.50631  0.389038  -0.812633  -2.13854  0.0874006  -5.28499  4.4671  -2.41219  11.1734  
0.123289  -8.20033  78.3025  18.5082  -7.91475  2.44405  0.823955  2.19335  -8.27558  76.3441  2.13707  -0.535768  3.53084  1.4469  -12.675  1.50539  -5.19868  -0.207888  2.85603  -0.929998  -4.22282  3.13716  0.910576  -1.16417  -1.5471  1.70562  -1.34527  -5.26083  -4.92133  11.5494  
0.841408  -26.0036  101.705  18.9358  8.07734  4.30499  2.86861  -1.63857  -4.12275  53.8345  1.7793  -1.05096  10.6781  1.01698  -2.82225  2.42613  -1.34056  1.16861  1.637  -0.326622  -0.498115  3.31711  1.10522  -0.172526  1.27558  1.27543  2.7771  -11.2769  -2.64228  6.73584  
1.43603  -36.4882  139.846  12.5519  16.5983  3.99709  2.59917  -3.48882  0.79637  27.0741  2.11835  0.276686  11.8238  0.844358  11.726  1.94213  1.96122  -0.671849  1.015  0.947773  2.20186  1.97639  0.961929  1.28153  2.10176  0.148834  4.27978  -8.54854  0.527364  2.00598  
1.61372  -30.1639  198.834  6.17099  13.7905  1.82809  1.92413  -2.96189  3.36685  32.7636  1.70509  1.21016  8.48857  0.694924  20.8382  0.593133  2.70042  -2.86476  1.53437  2.01318  4.90448  0.482576  0.686877  2.02021  -0.804765  0.165983  3.17142  -0.474734  1.16323  -1.21333  
1.16556  -9.86354  232.453  5.03749  6.71313  -0.828758  1.96557  -2.06135  2.98738  52.0237  0.115411  -0.0996699  4.99554  0.446554  17.9201  -0.66894  1.36414  -1.94448  2.19182  1.85816  7.79199  0.153716  0.372691  1.58053  -3.70891  1.57566  1.93037  3.41142  -1.40936  -4.7084  
0.164573  11.3455  182.305  7.44242  4.36749  -2.57612  1.50079  -1.8224  1.41166  42.6273  -1.93805  -2.67226  3.78062  0.230102  6.33963  -1.26203  -0.0422356  2.28254  1.63851  0.334257  9.19908  1.05511  -0.160729  0.334983  -2.66738  2.93986  2.52999  -2.30692  -4.61881  -7.60935  
-0.925654  21.4405  64.8308  6.29833  7.79954  -2.79185  -0.849926  -1.05192  0.313082  -3.18332  -3.70597  -3.75504  3.43812  0.219727  -3.62848  -0.970325  0.0681442  6.23393  -0.198647  -1.55179  7.69003  1.98717  -1.07947  -1.11951  0.575109  2.85584  4.16676  -12.4679  -4.45669  -6.1901  
-1.53147  18.5639  -33.1048  -3.9171  9.66404  -1.7943  -3.87583  1.18553  -0.407904  -49.9479  -4.846  -1.92317  1.44417  0.319267  -4.39139  0.180844  1.52431  5.8354  -1.96497  -2.52272  4.49547  1.6091  -2.13786  -2.38079  0.762139  1.40267  4.16106  -17.0181  0.712771  -0.788515  
-1.47017  10.0973  -55.8864  -20.3509  3.38933  -0.544764  -4.56103  3.43055  -1.6857  -64.3982  -4.90432  1.51771  -2.05826  0.179661  2.61207  1.57426  2.61016  0.357552  -2.36189  -2.23056  2.82713  -0.155072  -2.71912  -3.07159  -3.44767  -0.110539  0.967578  -12.1835  7.63172  1.7111  
-1.10227  4.34431  -41.0523  -31.6018  -8.25183  -0.0654543  -1.7581  3.47162  -3.28623  -51.1388  -3.20511  4.03105  -4.11008  -0.340923  9.40201  1.90833  1.75525  -6.74644  -1.51315  -1.4473  4.23813  -1.75753  -2.37097  -2.71997  -7.24912  -0.606917  -3.98234  -3.79993  10.3828  -3.81668  
-0.871421  3.90115  -55.7702  -26.8271  -15.4615  -0.685632  1.89924  1.28522  -3.49396  -40.6009  0.10087  4.31558  -2.68676  -0.822594  9.10604  0.345295  -0.576654  -10.777  -0.697302  -1.01101  6.21035  -1.36728  -1.24996  -1.20535  -5.8048  -0.285822  -7.48776  0.71483  6.11224  -11.8746  
-0.751461  5.77503  -103.931  -8.62404  -13.4824  -1.62515  2.59536  -1.14079  -1.06813  -51.227  3.21043  3.12973  0.432953  -0.651867  1.29931  -1.99289  -1.83465  -9.7272  -0.89617  -0.781914  4.3216  1.16507  -0.0252424  0.783143  -0.233821  -0.268817  -7.41126  0.854414  -1.89149  -10.6661  
-0.30904  5.99552  -129.782  4.29286  -10.2637  -1.57993  -0.356478  -2.68981  2.89743  -72.7405  3.76659  2.08564  1.47708  0.158357  -8.44942  -2.42288  0.114951  -5.52028  -1.84546  0.09704  -2.76569  3.81422  0.640949  2.13018  4.48216  -1.26951  -4.18878  1.52863  -7.36656  3.36013  
0.651122  3.47106  -104.676  -6.27553  -18.0119  -0.0685947  -3.61422  -4.05407  5.66946  -79.4173  1.21918  1.98417  -0.893996  0.755484  -13.5431  0.614934  4.16595  -1.52925  -2.48144  1.905  -11.0023  4.29217  0.542005  2.35031  6.02552  -2.63901  0.0573468  4.80134  -6.98154  18.9598  
1.65562  0.396652  -72.735  -34.6032  -36.1682  1.81289  -3.49885  -5.46469  5.55989  -52.4015  -2.22904  2.25013  -3.99762  0.381957  -11.5895  5.26233  6.23426  0.72567  -2.07023  3.62159  -14.4347  2.47534  0.0157491  1.97438  6.30523  -2.84715  3.38887  6.54665  -2.71341  21.2367  
1.93546  -0.192976  -94.342  -48.8914  -46.4316  2.29263  -0.0913484  -5.41841  3.4707  6.96939  -3.524  1.82176  -4.55099  -0.514171  -6.33595  7.32574  3.12775  2.16225  -0.790324  3.79421  -11.1293  0.556185  -0.298727  1.68475  6.71765  -1.11287  5.01737  2.56352  1.06288  8.29394  
1.22516  2.69922  -163.527  -21.315  -29.3457  0.731697  2.90623  -3.10854  1.54649  76.3437  -1.62888  0.489271  -2.82087  -0.53126  -3.84991  4.23091  -3.84794  3.72913  0.57244  2.10937  -5.03759  0.602661  0.0892734  1.35535  5.00005  1.46699  5.10506  -4.61579  1.84818  -6.28791  
0.0752379  6.76414  -198.481  37.4027  13.4878  -1.61952  2.2478  -0.667728  0.587553  124.886  1.72617  -0.626721  -2.02473  1.0015  -5.93458  -2.11394  -9.64031  4.62502  1.29582  -0.157118  -1.54275  2.3577  1.06885  0.429715  -1.02195  2.71136  4.24459  -7.92547  0.323421  -7.88585  
-0.66314  8.10063  -121.724  80.3727  56.8949  -2.8344  -1.42026  -0.697057  -0.478926  136.914  4.00662  -0.211367  -3.50496  2.83233  -7.55958  -6.78141  -10.1469  3.70044  1.18561  -1.36215  -1.55744  3.87772  1.88239  -0.856058  -8.25545  1.54298  3.09678  -4.1777  -1.43672  4.24922  
-0.598612  4.72672  53.6571  68.7969  73.8714  -2.16238  -4.34056  -2.00962  -2.39807  126.186  4.04795  1.5746  -3.87201  2.78348  -2.36038  -6.3965  -5.88457  2.02891  0.618641  -1.01455  -0.964645  4.03541  1.72353  -1.30758  -10.1965  -0.730793  1.97089  2.23536  -2.09037  17.1487  
-0.0335065  -1.24514  219.461  13.0026  59.1314  -0.555832  -3.54439  -0.555834  -3.73767  117.707  2.26863  2.79664  1.57376  0.193146  9.26746  -2.25238  -0.861136  2.38474  0.204861  0.023157  3.84401  3.61769  0.550407  -0.19693  -4.64417  -1.59624  0.534853  5.07763  -1.63514  17.575  
0.458986  -5.21847  263.375  -36.4256  30.1263  0.527146  0.414584  4.40511  -2.33514  112.716  -0.355168  1.57205  12.578  -2.94458  19.2581  1.25755  1.65169  5.56739  0.263013  0.656152  10.7448  3.77568  -0.733985  1.59019  2.61824  0.0982705  -1.68713  3.66286  -0.75961  3.95782  
0.57692  -4.1742  175.481  -39.7562  7.08985  0.525527  4.4261  7.7406  1.4773  83.4664  -2.67124  -1.72366  22.4622  -3.692  20.5108  1.23398  1.71183  8.25065  0.558628  0.579076  13.2907  4.09804  -1.10948  2.45351  3.85092  2.88619  -4.17877  2.61646  -0.0182436  -13.697  
0.441179  0.656078  59.9063  -5.826  -4.60217  -0.0272193  6.06647  4.48948  4.33101  14.5939  -3.2052  -4.47968  23.9017  -1.16833  14.6434  -0.962051  1.44692  6.23458  0.623561  0.209363  7.50306  3.04847  -0.464384  1.99774  -1.68078  4.10853  -5.14206  4.98331  0.55644  -23.4936  
0.334896  4.87319  18.9569  23.4564  -12.6885  -0.313032  5.6154  -2.96075  3.30037  -59.334  -1.07757  -4.39544  16.1108  2.36946  8.8969  -1.61051  2.14858  0.0260004  0.354872  -0.0483267  -3.55342  0.271135  0.349143  1.36427  -6.85996  2.53028  -3.06928  8.08018  1.28138  -21.1718  
0.375413  4.77207  40.073  20.3567  -23.3462  0.0361581  5.01396  -7.0312  -0.588128  -78.3805  2.30271  -1.87178  5.55244  3.6249  6.09839  0.986721  3.09896  -4.49459  0.169838  -0.177992  -12.5241  -2.33302  0.516369  1.41664  -4.94734  -0.55619  1.24639  7.2385  2.28408  -12.0492  
0.424423  0.285253  24.914  -3.51424  -32.5353  0.813942  5.28177  -4.46114  -3.3908  -24.104  3.52879  0.56846  -0.470388  1.47218  1.57912  4.57082  2.94082  -2.24931  0.451346  -0.294522  -14.7428  -2.50175  0.0914521  1.32237  3.10651  -2.70431  4.80939  1.89189  3.08124  -5.0846  
0.254109  -5.42421  -70.2208  -17.8337  -31.9063  1.43252  5.28433  -0.399825  -2.7672  53.5518  0.525512  1.1269  -0.293004  -1.99092  -8.53116  5.50236  1.44047  4.83579  0.952713  -0.348586  -11.8237  -0.428993  -0.327951  -0.310726  10.4273  -2.65157  5.12773  -4.03363  2.95795  -4.83345  
-0.219433  -8.74618  -169.652  -9.8119  -19.9857  1.2095  3.07459  -1.26708  -0.399367  86.7577  -4.52532  0.486411  1.95186  -3.53904  -19.3548  2.85322  -0.316387  9.19807  0.967455  -0.24561  -8.50836  0.980619  -0.592633  -3.16623  11.8084  -1.27141  2.71655  -7.26713  1.88576  -8.24832  
-0.850588  -8.30023  -176.568  5.67196  -5.08692  -0.113045  -1.63068  -6.08471  0.471935  58.5564  -6.85416  0.437989  1.65049  -1.88555  -22.0478  -0.686701  -1.24005  5.70756  0.116673  -0.113322  -7.03723  -0.898842  -1.3047  -5.06216  7.88454  -0.351739  0.441318  -8.44406  0.737199  -9.43223  
-1.37022  -5.44716  -100.403  8.45269  2.55682  -1.81555  -6.42974  -8.07335  -0.920753  6.89887  -4.24519  1.37178  -1.91243  1.25761  -15.9524  -1.97587  -1.29595  -2.63069  -1.18414  -0.243862  -5.42588  -5.12867  -2.97826  -4.41195  2.54105  -0.633081  0.281297  -9.43301  0.487268  -7.24449  
-1.56846  -2.63581  -39.5841  -3.10986  0.156809  -2.41536  -7.8675  -3.97387  -2.25934  -29.336  0.369672  1.8314  -5.91497  2.99555  -11.0386  -0.868498  -1.18901  -7.87029  -2.12071  -0.748792  -0.919037  -7.39598  -5.12189  -2.21805  -1.67302  -1.17178  1.2242  -9.63459  1.38923  -6.64128  
-1.39312  -1.18547  -49.7357  -13.3761  -6.13341  -0.969037  -4.45692  1.79383  -1.23494  -47.0883  2.30914  0.739709  -7.51118  2.00333  -15.4934  0.077378  -1.26524  -5.69538  -2.20828  -1.37064  5.98776  -4.05079  -6.4227  -0.930262  -4.75612  -0.618981  0.766586  -7.08634  3.07203  -11.7384  
-0.939739  -0.3009  -81.2576  -9.57123  -8.03415  1.6231  1.58507  3.38466  1.75565  -56.988  0.496771  -0.80808  -6.20208  -0.452797  -23.9915  -0.998359  -1.11536  0.18546  -1.5614  -1.68512  11.5947  3.77594  -5.84278  -1.51864  -7.31235  1.07439  -1.8791  -2.53191  4.94325  -19.0308  
-0.410967  1.81667  -62.1426  4.84846  -2.97952  3.01413  5.66673  0.967526  4.14884  -51.0946  -1.81471  -0.598706  -3.39599  -2.02977  -22.4597  -2.94873  -0.370278  2.50914  -0.609361  -1.47392  12.6281  10.3034  -3.4057  -2.47608  -9.0895  2.43403  -4.74  0.256044  5.9353  -20.2837  
-0.0670317  5.64535  2.64766  16.5481  4.47441  1.60636  4.38132  -0.676594  3.6827  -16.2751  -1.61132  2.02186  -0.691692  -1.6835  -5.00359  -3.0264  0.519937  -1.31075  0.204184  -0.914439  9.19422  9.98273  0.0284125  -1.90287  -9.37911  2.00863  -5.3748  -0.673137  4.40352  -12.6252  
-0.0852619  9.25224  45.5109  17.9871  8.16386  -1.54135  -1.55679  0.611227  0.231884  26.5313  0.149481  5.26962  1.23494  -0.510709  17.7313  -0.154812  0.791929  -6.38119  0.52429  -0.447729  4.11489  2.80514  3.43853  0.0581195  -7.70964  -0.000599631  -3.62945  -2.30677  -0.496187  -3.23536  
-0.35404  9.97849  26.3712  13.8334  6.8503  -3.34895  -7.58374  1.98937  -4.1541  26.88  0.371677  6.90199  2.61214  -0.327369  28.9137  3.76132  0.625306  -5.89533  0.288268  -0.431151  -0.0506647  -5.25485  5.94234  1.46807  -3.9098  -1.81687  -1.59673  -0.286949  -6.82796  -1.61074  
-0.436976  7.52305  -28.4452  13.0989  5.43807  -1.62009  -8.75618  0.809665  -6.44338  -36.0732  -1.59433  6.44443  3.95756  -1.59142  22.6587  5.72427  1.15621  1.17754  0.0303875  -0.809419  -2.74013  -7.54162  6.81235  1.06301  1.58136  -1.80921  -1.01365  5.03288  -10.1866  -7.97148  
0.0849018  4.87091  -61.9174  17.8936  9.47113  2.62483  -3.76593  -0.943221  -4.54721  -113.097  -2.94703  5.00485  5.3309  -2.94082  8.57723  4.44529  2.72642  8.95355  0.662917  -1.08473  -4.47886  -2.83578  5.76986  -0.221801  6.90351  -0.014827  -1.33493  8.1907  -7.39685  -11.9714  
1.1231  5.27291  -27.7079  21.3024  17.9856  5.88594  3.76305  0.35297  0.776789  -126.554  -1.27983  3.26932  5.97703  -2.8169  -0.00213594  1.25026  3.62614  11.0361  2.4783  -0.706278  -5.13262  3.77305  3.48539  -0.429762  9.17428  2.08769  -0.604688  4.80637  -0.202843  -4.02368  
2.01303  8.15654  89.5898  15.9008  22.3763  5.44235  8.02921  4.06006  5.87115  -53.5507  2.04334  0.714802  4.78109  -1.3408  0.477482  -1.38694  1.67552  7.10879  4.33679  0.410773  -3.79442  6.09376  1.46752  1.08587  6.7849  3.06886  2.12728  -3.42619  5.59477  13.1171  
2.08548  8.87303  251.397  2.81643  14.0624  1.88634  5.84416  5.19282  7.02066  46.125  3.58657  -2.86451  1.40947  -0.240752  3.03775  -2.00884  -2.59004  2.22202  4.3631  1.73922  -0.322265  2.73153  0.967728  2.93059  1.24051  2.63192  5.63073  -10.8735  5.51259  25.7604  
1.34419  3.45947  354.024  -8.24996  -5.7867  -1.57137  -0.536606  0.627551  3.98081  93.274  2.33352  -5.93856  -2.95513  -0.872049  0.399583  -1.17771  -5.31185  0.317209  1.86706  2.55257  3.63372  -2.17115  1.83715  3.24932  -3.87199  1.42365  7.57894  -14.0684  0.817776  22.713  
0.471314  -6.48593  290.269  -8.30556  -24.7324  -2.22414  -5.26524  -6.56318  0.236803  71.1792  0.98811  -6.50082  -6.1336  -2.58459  -6.03344  -0.700037  -3.08732  0.125682  -1.55521  2.48236  5.51799  -3.66106  2.63717  1.71371  -5.83837  0.22416  6.45018  -14.0309  -2.91393  6.75291  
0.0890974  -14.651  66.3522  1.78438  -28.7997  -0.265491  -4.09565  -10.2455  -0.724685  33.9481  2.28265  -4.69807  -6.52889  -3.42624  -7.72372  -1.84  2.66773  -1.98007  -3.29474  1.68385  3.75283  -0.889633  2.05406  -0.236265  -4.21729  -0.502236  2.52012  -13.0643  -1.66087  -7.58738  
0.102564  -16.0388  -167.631  11.3979  -14.8212  1.74035  1.76081  -7.83938  0.95181  39.6591  5.06728  -3.01304  -4.3695  -2.37782  1.53989  -4.01322  6.30118  -6.2783  -2.30527  0.566775  -1.24784  2.64896  0.219148  -0.958419  0.0687063  -0.546049  -2.55691  -11.147  3.12708  -7.88129  
-0.111945  -11.5323  -245.707  9.68894  6.57106  1.46557  6.83927  -2.49412  2.10464  90.3556  5.30318  -3.1137  -1.54245  -0.522374  18.1052  -5.23006  3.6176  -8.51519  -0.18973  -0.495277  -7.43479  3.2171  -1.45872  -0.196308  5.53546  0.0696015  -6.80127  -6.70088  6.529  4.16907  
-0.88553  -5.91915  -140.944  -4.10989  20.4666  -1.15674  6.59951  1.04219  0.482496  140.755  0.997154  -3.37763  -0.211905  0.256565  30.333  -4.00952  -3.35673  -4.7508  0.494834  -1.19846  -12.0307  0.617094  -1.76027  0.863243  9.6915  0.912314  -8.91221  0.190567  5.30636  14.2973  
-1.77016  -2.43707  23.5319  -19.3893  20.2667  -4.11915  1.53057  1.4096  -2.73958  153.249  -4.86771  -0.891664  -1.21976  -0.516087  28.6377  -0.854363  -8.1828  3.68879  -1.15374  -1.27605  -12.5461  -2.06099  -0.874337  0.897441  9.36107  1.26621  -8.79517  6.60106  0.736282  9.62157  
-1.94277  -0.417901  105.264  -23.0088  11.3366  -5.10505  -3.84433  0.932022  -4.43087  128.741  -7.04579  4.14741  -3.49461  -1.42899  15.2931  2.42  -6.52881  11.08  -3.67447  -0.659645  -8.1449  -1.88489  -0.101115  -0.267106  3.44952  0.762197  -7.27784  9.24808  -2.89266  -8.37784  
-1.04303  2.16123  55.5598  -10.74  3.5576  -3.16747  -5.70275  2.00706  -2.80247  89.9961  -3.49345  7.50497  -4.79713  -0.93662  3.76175  4.748  -0.388075  12.937  -4.94914  0.307567  -0.825669  1.04384  -0.382282  -1.59859  -4.7068  -0.0671858  -5.10407  7.5167  -1.92711  -24.6383  
0.459647  5.52357  -77.6148  9.04564  1.27471  0.707217  -4.23321  4.61456  1.13618  52.2696  2.47397  5.62249  -3.47849  0.807927  5.90296  6.67139  4.36536  10.088  -4.15723  0.99105  5.27353  4.02024  -1.22805  -1.8762  -9.28918  -0.141073  -2.22897  4.14086  3.82626  -25.1201  
1.66611  8.25111  -208.797  22.5402  0.675591  4.14883  -2.26441  7.38918  4.91438  19.3351  5.56436  0.36821  0.125241  2.24506  18.3374  8.73988  4.00182  6.95998  -1.98496  0.927868  6.8975  4.58927  -1.25519  -0.776473  -7.13453  1.03912  1.64307  2.65897  10.5217  -10.8869  
1.93845  9.17794  -261.206  22.2131  -3.91367  4.80898  -1.45931  9.55564  6.74547  -5.45148  3.6694  -2.39625  3.73572  2.31037  23.21  9.71717  0.10882  6.51002  0.528317  0.186321  4.38039  2.74595  0.179485  0.880783  -0.695999  2.60442  5.86691  4.00719  12.3828  2.91293  
1.26702  7.93428  -205.166  12.4352  -12.1203  2.05607  -0.822088  10.6048  6.43288  -19.7909  -0.567948  0.647741  4.70799  1.52087  5.85335  7.49561  -2.81186  7.27363  2.7404  -0.732931  0.98067  0.422835  2.04158  1.83123  4.69074  2.89909  8.64603  5.33358  6.07313  2.62598  
0.159034  4.42806  -91.0285  4.16573  -16.786  -2.15467  1.04244  8.97017  4.87913  -34.2876  -2.93618  6.35449  2.14939  1.0048  -27.2748  1.99646  -2.04362  5.48018  4.16918  -1.30802  -0.630568  -0.778604  2.51556  1.36019  6.15353  1.04812  8.38334  2.80655  -5.69661  -9.77452  
-0.739217  -0.397664  -22.0116  3.6323  -11.2253  -4.43904  3.24601  3.0729  3.03123  -65.8816  -1.89012  8.51635  -2.19571  0.920975  -50.956  -3.71668  1.25912  -0.419225  4.28047  -1.3275  -0.687601  -1.08296  0.91289  -0.192556  5.36106  -2.01377  5.19007  -3.64696  -15.3815  -18.7646  
-1.03053  -3.4992  -51.0247  6.47047  2.99011  -2.79772  3.21313  -5.56333  1.34701  -111.28  0.433211  4.62966  -5.14215  0.385771  -44.5347  -6.15139  3.9697  -7.72339  2.99378  -0.937274  -0.856255  -1.7284  -1.46149  -1.75637  5.62016  -4.20699  0.860585  -8.80831  -16.7683  -11.6022  
-0.780881  -1.60522  -112.29  3.53531  15.8916  1.35947  -0.12257  -11.6406  0.0721774  -135.972  0.910343  -1.65428  -4.62859  -1.07937  -13.2701  -4.89644  4.15546  -11.9495  1.12412  -0.474704  -1.34499  -3.02612  -2.55918  -2.39066  7.58264  -4.14942  -2.51995  -6.78779  -10.4513  8.34096  
-0.402874  4.37189  -94.5865  -8.0352  17.3371  4.33384  -4.57275  -10.4721  -0.304686  -107.213  -1.369  -4.7125  -1.50676  -2.61449  15.5438  -2.55514  2.38952  -11.0799  -0.197492  -0.223355  -0.604888  -3.69252  -1.66588  -1.93287  8.44043  -2.37941  -3.76861  2.19796  -2.70455  25.2242  
-0.245875  8.18543  12.877  -20.6239  6.20625  3.67281  -6.66103  -3.14954  0.676111  -38.9987  -4.47488  -2.57718  1.0684  -2.89144  18.8098  -1.29662  0.621885  -6.99636  -0.606301  -0.187236  2.03466  -2.28036  -0.0430328  -0.947888  5.2528  -0.688365  -2.87138  10.5239  0.957657  27.0966  
-0.256734  3.94572  100.078  -23.8424  -7.96556  0.529521  -4.99849  3.89239  2.42842  9.51074  -5.65698  1.81025  0.247174  -1.68116  -1.15436  -0.627969  0.291761  -3.11074  -0.662632  -0.074084  4.64178  0.9631  0.571182  -0.126277  -1.25112  -0.22209  -0.850678  10.0829  0.428189  17.2664  
-0.0868476  -6.62495  79.607  -15.3009  -12.7666  -1.71566  -1.23157  5.26669  3.00219  -7.25314  -3.73939  4.20453  -4.02948  -0.140698  -21.7191  0.863251  1.39345  -1.25336  -0.852787  0.397231  4.45839  3.98172  -0.0838931  0.259938  -6.21361  -0.419816  0.553184  0.699121  -0.667087  8.76523  
0.441186  -14.6074  6.52574  -2.63925  -3.82857  -1.08907  2.09174  1.85539  0.702357  -68.6798  0.160756  3.07723  -8.87424  0.460283  -23.287  2.65016  2.87161  -1.03972  -0.811848  1.10561  0.989533  4.76204  -0.582583  0.354754  -4.84266  0.0520205  -0.0589354  -9.13387  0.233307  9.04049  
1.04526  -12.7071  4.17394  5.06381  9.98519  1.08027  3.8234  -1.04164  -3.58019  -106.456  3.69731  0.377357  -10.712  -0.0736886  -6.06492  2.63344  3.67082  -1.41118  0.0827016  1.52183  -3.50376  3.34816  0.461808  0.337351  2.35408  1.49912  -2.20131  -10.7672  2.62972  12.6006  
1.23449  -2.76455  92.7983  5.99228  12.3891  1.96542  4.22031  -0.0625731  -6.40596  -78.3156  4.98142  -0.945792  -8.12844  -1.03296  14.2562  0.280136  3.53273  -1.69134  1.5338  1.20824  -6.56905  1.84487  2.72348  0.163302  8.7306  2.75439  -3.42367  -4.12609  4.87964  9.56325  
0.816579  6.50296  160.46  5.07258  -6.13873  0.516814  3.53958  3.08548  -5.09994  -13.4633  3.64687  0.151557  -2.87129  -1.77903  22.9449  -2.091  2.99725  -1.46008  2.29676  0.301993  -7.79505  2.28386  4.38344  -0.330237  7.37991  2.61397  -1.71184  2.56202  6.23124  -0.858143  
0.0829135  8.64033  123.017  6.37721  -36.6096  -1.53416  1.60159  4.69538  -0.936561  23.0658  0.794653  2.07011  1.70264  -2.14485  16.8792  -2.04361  2.66074  -0.669529  1.56627  -0.592643  -8.1436  4.47132  3.95957  -1.15374  -0.985739  1.33616  1.86608  1.73271  6.46092  -8.75433  
-0.497855  4.81875  42.3155  8.54515  -54.6254  -1.87781  -1.24915  3.6789  1.98718  6.40681  -1.98109  2.27812  3.2999  -2.02718  2.86123  -0.240377  2.42496  -0.0123762  0.0553291  -0.984424  -7.76648  6.21399  1.73282  -2.02828  -7.15947  0.333662  3.7537  -5.74825  5.06996  -6.00086  
-0.674156  0.355731  34.1362  8.11157  -39.6899  -0.287366  -3.68717  1.95235  1.44813  -23.2309  -3.64191  -0.15247  2.25494  -1.20197  -9.04403  0.319988  1.58185  -0.0256916  -0.706104  -0.849627  -5.40291  5.88504  -0.633524  -2.47637  -2.22765  0.456228  1.7127  -11.9775  2.12759  2.62203  
-0.496842  -1.8971  92.0935  5.29461  4.84304  1.29019  -4.51046  1.15267  -0.30482  -13.6116  -4.02861  -3.55609  0.733205  0.181833  -11.0779  -1.7417  -0.344819  0.5066  -0.117696  -0.412458  -0.120087  4.3543  -1.71826  -2.14822  12.1989  1.07893  -2.47665  -10.6883  -0.827763  4.23029  
-0.147546  -3.19003  81.1967  4.6581  51.3774  1.08207  -3.89334  0.702533  0.462765  33.8112  -3.36512  -5.02601  0.43592  1.23129  -2.10863  -4.14977  -2.81286  3.7917  0.800132  0.21541  6.82748  3.64118  -1.46073  -1.19908  24.1133  1.06882  -4.91087  -3.54608  -2.12475  -6.37908  
0.175679  -5.11054  -76.2391  9.8486  70.773  -0.600002  -2.93733  -0.559136  3.84365  66.2796  -1.81798  -3.0648  0.954558  0.942875  10.0881  -3.54749  -4.45192  9.45342  0.612831  0.968366  12.2166  3.66875  -0.853383  -0.368127  22.9482  0.289596  -3.88505  2.01816  -2.13524  -18.8114  
0.25883  -6.63329  -271.083  19.0464  57.2921  -1.90693  -2.12105  -2.18088  5.60014  44.6107  0.261435  1.01603  0.454424  -0.714883  13.4966  0.47389  -4.17949  12.9218  -0.894165  1.5019  12.9519  1.51425  -0.790176  -0.421426  10.292  -0.322466  -1.3825  0.736505  -2.82013  -17.3464  
-0.0591131  -5.83447  -318.861  25.8586  31.0706  -1.55787  -0.894727  -2.66991  2.2744  -11.782  1.95448  4.16224  -2.09665  -2.58261  4.08758  4.68787  -2.2557  9.56634  -2.58024  1.26743  8.25213  -4.97857  -1.33681  -1.34435  -2.44478  -0.0714652  -0.223848  -5.50641  -4.67997  1.43979  
-0.705014  -3.28251  -177.686  24.561  15.9597  -0.0275475  0.971988  -1.87722  -3.90552  -54.1725  2.24607  4.11739  -5.417  -3.36296  -6.55707  5.47824  -0.164533  0.949934  -3.34731  0.115761  0.275135  -13.212  -1.93963  -2.20522  -6.56753  0.597245  -0.818095  -10.0653  -5.40102  23.445  
-1.32226  -1.83717  3.04365  14.5128  16.8199  1.21308  2.36153  -1.60295  -6.68256  -64.3461  1.15729  1.15325  -7.01083  -2.86184  -1.06235  2.32412  0.637903  -5.35127  -3.2311  -1.30659  -7.1421  -16.985  -2.03551  -2.08422  -4.17307  0.723227  -1.46764  -8.02271  -2.73031  30.5885  
-1.51391  -2.85694  57.6037  0.886265  19.1072  1.21997  1.98784  -3.38774  -2.5786  -65.751  0.0706875  -2.4372  -5.61882  -2.12487  22.6737  -2.01865  -0.0614789  -3.56673  -2.87868  -2.01253  -10.8007  -12.5074  -1.41579  -1.13428  -3.09575  0.104086  -1.11919  0.322182  1.843  18.7527  
-1.17157  -3.87101  -24.4713  -8.84394  8.38877  0.251838  0.337004  -6.34859  4.88931  -74.8191  0.424504  -4.63711  -2.37773  -2.34484  43.034  -4.27702  -1.19251  3.87663  -2.25403  -1.61513  -10.0248  -2.69072  -0.229008  -0.454089  -6.24782  -0.413857  -0.547685  10.9585  3.85453  1.52119  
-0.525038  -1.16195  -122.508  -10.4791  -12.9501  -0.691024  -0.569863  -7.97678  8.66747  -67.6211  2.02021  -5.47145  0.438318  -3.62707  33.551  -3.37447  -1.46492  9.28598  -0.460276  -0.689722  -6.62544  5.44777  1.11841  -0.771675  -8.60503  0.0693888  -0.715337  19.4347  0.996304  -3.76537  
0.131705  5.28818  -149.306  -6.47627  -28.9927  -0.719194  0.219356  -6.81614  5.58278  -15.0244  3.09845  -6.25352  1.43502  -4.75637  -7.60789  -0.800785  -0.459588  8.36348  2.88523  -0.0898537  -2.93408  7.41638  2.07094  -1.4895  -4.74296  1.42527  -1.07721  22.3464  -3.46332  6.64938  
0.703573  10.6184  -131.556  -3.37875  -27.8013  0.357286  1.12245  -3.67326  -0.569228  57.6029  2.25595  -6.89504  0.755249  -4.20971  -51.004  1.16887  1.22561  3.7952  6.43727  0.00839615  0.302474  4.45472  2.20081  -1.34396  3.50054  2.54061  -0.263331  17.8946  -3.55938  19.3103  
1.24874  9.53763  -127.986  -4.92283  -13.7278  1.84311  0.0942191  -0.168973  -3.53039  76.0287  -0.00529093  -4.55086  -0.609784  -1.58724  -62.7079  1.49618  2.67049  0.322111  7.85254  0.219112  3.84852  0.566608  1.59138  0.0695493  9.0825  2.43203  1.97309  7.22087  2.65244  17.0597  
1.71594  1.8174  -123.747  -8.08764  -2.62786  2.4894  -2.19324  2.99614  -1.25959  -1.4979  -1.9001  3.51392  -1.663  1.78476  -37.1741  0.897054  3.32437  -1.42094  5.96495  1.07742  7.82976  -1.8744  0.867383  1.70246  8.12902  1.31266  4.12898  -4.86638  9.95388  -3.36977  
1.82791  -7.06692  -52.9283  -7.45022  -5.73633  1.45233  -2.56142  5.76872  2.7044  -120.119  -2.28591  15.1129  -1.79059  3.75421  -1.10292  0.677315  3.16151  -4.5874  2.02471  2.20442  10.2696  -2.79451  0.67583  2.0793  4.01308  0.430862  4.27833  -12.7385  10.3977  -26.769  
1.30224  -11.0084  91.5007  -3.31639  -18.2892  -0.725225  0.74073  7.42981  4.01397  -170.115  -1.52726  22.3364  -1.40223  3.11639  15.6312  1.26617  2.47641  -10.7707  -1.45303  2.52655  8.59451  -2.39974  1.04721  0.716224  2.23443  0.701185  1.76948  -14.6313  1.36561  -32.4632  
0.209468  -8.81029  218.155  -2.76576  -24.0147  -2.2587  5.21313  6.93951  2.24505  -99.0136  -0.542994  17.727  -2.20942  0.66335  8.93474  1.9658  1.80346  -16.948  -3.00269  1.38437  2.75921  -0.67457  1.36246  -1.51537  3.23354  1.52695  -2.09266  -13.5182  -10.9303  -13.2155  
-0.930492  -4.34096  224.893  -10.2255  -11.737  -1.68493  6.33884  4.769  0.300759  29.4672  0.37955  2.20864  -5.8183  -1.55851  -1.1651  1.92688  1.87373  -17.9482  -3.19898  -0.649576  -3.91646  1.15014  1.01682  -3.19799  2.41965  1.34619  -4.70961  -12.3923  -16.5904  17.5468  
-1.4847  -1.86949  98.0298  -18.822  11.8915  0.608885  2.5394  3.21027  0.107913  99.28  1.4073  -14.1695  -11.0793  -2.09049  3.1594  1.06305  3.20084  -10.9606  -3.43598  -2.16297  -7.74008  0.735816  0.105913  -3.38087  -2.96726  -0.424423  -4.03981  -10.0197  -11.1816  37.0843  
-1.21898  -2.04982  -86.4387  -15.5991  27.2617  2.65149  -3.09124  3.71701  0.475901  58.0584  2.20299  -20.564  -13.5241  -1.19165  19.0499  -0.0485185  5.33451  1.88888  -4.10899  -2.15456  -8.18275  -2.36971  -0.654781  -2.1167  -9.02606  -2.3412  -0.656423  -3.53778  0.0634109  32.9155  
-0.533472  -2.54385  -239.263  2.74628  21.1674  2.75719  -6.25853  4.56175  -0.610962  -40.8055  1.88579  -14.8325  -9.25491  -0.366672  30.3072  -0.896211  6.70025  14.0529  -4.30136  -0.908157  -7.71803  -5.02039  -0.73638  -0.464485  -8.97394  -2.43543  2.15339  5.37063  7.21704  12.5988  
-0.151824  -1.56136  -309.325  22.5262  1.05666  0.957012  -5.8002  2.50474  -2.80533  -106.517  0.24131  -4.43491  0.0958965  -0.843638  27.4806  -1.37016  5.7691  18.1676  -3.13131  0.344719  -8.24504  -3.59171  -0.394171  0.0574788  -1.23499  -0.808842  1.39637  9.76352  4.92528  -4.77263  
-0.478661  0.269137  -275.251  25.5009  -12.0216  -1.41081  -3.88737  -2.97273  -3.66758  -102.343  -1.51804  1.62207  7.58368  -2.47874  16.2505  -1.45019  2.7217  11.6537  -0.978381  0.585067  -8.78523  1.28836  -0.341384  -1.37058  7.99043  0.0392842  -2.01871  4.68984  -2.99037  -6.33159  
-1.18693  1.59156  -138.682  8.94735  -5.77469  -3.06515  -2.65347  -8.26531  -1.74411  -60.415  -1.78517  0.904938  7.62487  -3.89121  7.39613  -0.98078  -0.237946  0.261959  0.878133  -0.161805  -7.38555  4.64357  -0.804774  -3.77448  10.8537  -1.91472  -3.61738  -6.35369  -7.75852  4.63473  
-1.48159  2.52059  51.38  -10.2294  10.1379  -3.45458  -1.96887  -9.2476  1.73835  -21.8228  -0.374159  -2.23616  2.00008  -3.66581  4.18561  -0.000860483  -0.685154  -5.5347  1.67781  -1.05095  -4.46073  2.6106  -1.11269  -4.73808  5.99809  -5.33068  -0.370804  -14.5348  -4.17597  14.5433  
-0.862431  4.02753  195.81  -12.8716  15.4284  -2.46279  -0.763046  -5.67021  4.44334  10.9479  1.07423  -2.8681  -2.05659  -1.71789  2.27304  0.927264  1.66399  -0.0884902  1.88926  -1.32418  -2.78556  -3.11128  -0.446218  -2.51109  -0.586771  -6.39503  5.18655  -14.7724  4.89809  13.3833  
0.345712  5.71309  214.087  2.76924  2.79933  -0.241879  0.719686  -0.966154  5.30453  54.5018  0.779061  -0.279739  -0.0335579  0.356031  -1.33935  1.09289  4.48582  11.1222  2.43172  -0.926665  -3.84227  -7.17553  1.01942  1.93109  -2.52414  -2.93369  7.29271  -9.64964  11.7283  2.76099  
1.2857  5.65124  124.199  21.0751  -13.5387  2.43629  1.23054  2.03716  4.80529  97.9905  -1.23579  3.02084  5.03652  0.567336  -4.08093  0.342352  4.95742  16.5102  3.42414  -0.302427  -5.38779  -6.36177  2.03343  5.29781  0.501686  3.00788  3.59021  -3.94987  10.8331  -8.08867  
1.43575  3.10809  27.2971  26.2798  -14.252  4.21299  0.706048  3.88656  3.57481  102.908  -3.0792  5.10297  6.52531  -1.43996  -2.91905  -0.719251  2.36088  10.3055  4.01066  0.236788  -3.73855  -2.21346  1.63626  4.95289  3.83726  7.19685  -1.97963  1.61595  3.43241  -11.7141  
1.1214  0.478851  2.09031  16.4574  3.23547  4.14226  0.920544  6.40558  1.73181  52.9893  -2.87151  6.07866  1.84668  -3.81565  0.693264  -1.22867  -1.51231  -1.84083  3.39283  0.789417  1.95797  1.76586  0.490964  1.53134  4.25591  7.49212  -3.74829  9.53148  -4.25986  -7.31271  
1.04616  0.975753  22.9567  0.843547  22.3766  2.62832  3.25301  8.87017  -0.471475  -11.7241  -0.580036  6.34404  -5.27083  -4.50624  3.77906  -0.679447  -4.48552  -9.55533  1.75921  1.5068  8.75322  3.87909  0.355867  -1.63837  3.42254  5.43925  -0.759783  19.7374  -6.76028  1.12212  
1.33051  4.2857  12.0192  -11.6015  26.0065  1.00788  6.33969  7.88585  -2.26812  -29.313  1.8402  5.14225  -9.44692  -3.8578  6.78856  0.739291  -6.10037  -8.60715  0.0155721  2.10013  13.1738  4.46168  1.91947  -1.88281  4.75955  3.75905  2.73641  27.6238  -3.741  8.53462  
1.22378  5.5442  -44.7846  -17.524  13.0472  0.147401  6.85417  1.60502  -3.07814  16.8341  2.0312  1.67982  -8.73028  -4.42515  11.5642  2.07571  -7.34785  -3.52359  -1.21985  1.91457  14.3133  3.74793  3.44594  0.224996  8.36635  3.14903  2.80375  28.2244  0.424654  10.6713  
-0.0130433  -0.147451  -77.3702  -15.8395  -4.23854  -0.188963  3.04997  -6.7347  -3.09045  77.1811  -0.82774  -2.97387  -4.73019  -7.45292  14.9608  2.00641  -8.58351  -0.48837  -2.06662  0.634001  13.3051  1.31128  2.24134  1.69547  10.4559  2.14623  0.0417512  20.9585  1.21507  5.5048  
-1.97812  -12.0817  -31.8141  -5.28485  -14.8702  -0.506322  -2.84058  -10.7284  -2.66365  88.5047  -5.10932  -6.10479  0.265863  -10.0754  9.84502  -0.0697525  -8.42498  -0.34676  -2.81934  -1.13168  10.7814  -2.34963  -2.21314  0.400597  7.9584  -0.356911  -2.28803  9.82714  -1.79275  -4.14505  
-3.16462  -23.2696  46.6916  11.8682  -16.6371  -0.602662  -6.33538  -6.86805  -1.57428  40.4756  -7.63929  -5.78839  4.51569  -7.39275  -4.42186  -2.93227  -5.24822  0.411218  -3.28599  -2.14434  6.21899  -5.17655  -6.98639  -2.67493  2.36766  -3.34187  -2.8178  0.359527  -4.97539  -10.2427  
-2.36282  -25.7058  64.5169  27.1025  -11.167  0.106383  -5.04389  1.69911  0.473346  -15.3551  -6.08217  -2.77983  6.18053  1.89505  -16.7555  -4.01281  0.440857  3.64406  -3.00027  -1.59102  -0.210039  -5.4146  -8.11444  -4.48089  -1.5835  -4.63924  -3.09152  -3.3944  -4.77793  -5.91306  
0.0039684  -16.4673  -4.01211  31.372  1.34701  1.45467  -0.998097  7.9788  2.71789  -20.7816  -1.14235  0.215882  3.95391  12.6281  -15.0415  -1.82252  5.71399  6.95172  -1.96984  0.138921  -6.39113  -3.63363  -4.4759  -3.09214  -0.849447  -3.24699  -4.43149  -1.08104  -1.4496  6.13544  
2.14493  0.131601  -90.1519  24.525  18.6607  2.31436  1.65754  7.87606  3.44581  31.2254  3.60132  0.957778  -0.79422  17.166  -2.13408  1.97961  7.62365  7.04399  -0.825786  1.78485  -9.62767  -2.12058  1.07261  0.289324  2.94635  -0.34758  -5.57884  2.79952  1.56688  13.793  
2.58853  15.4839  -120.081  16.25  31.5972  1.80264  1.07588  3.69454  1.79639  94.5377  4.7016  -0.668813  -3.95669  12.6617  4.57704  3.66186  5.83036  3.8911  -0.0896167  2.32784  -8.85104  -2.28227  4.53959  2.52936  5.46108  1.85906  -4.32741  1.32209  1.69047  7.04582  
1.49968  21.9618  -101.003  15.2218  29.3262  0.390949  -0.707601  0.672461  -0.924843  117.783  2.12527  -3.10876  -2.42687  3.78571  -7.46084  1.21467  2.73991  0.630408  0.439593  1.73251  -4.98135  -3.31531  4.5498  1.72071  4.09789  2.05333  -0.684239  -8.27508  -0.0210499  -10.7786  
0.27567  17.179  -95.4155  18.5314  11.3752  -0.565449  -0.659493  0.604046  -2.29859  90.5361  -0.625324  -4.72771  2.26882  -1.83316  -29.4186  -3.10921  1.15644  0.175262  1.29241  0.645845  0.439386  -3.49806  3.06624  -0.969647  0.315814  0.623634  2.69107  -19.9291  -0.370707  -25.5284  
-0.0201418  5.1073  -132.422  14.7794  -9.36769  -0.371846  1.60475  0.242175  -1.1932  45.4101  -0.0562388  -4.9948  5.18315  -0.649573  -38.8937  -4.81992  1.91119  2.72996  2.45481  -0.410477  6.03751  -2.21225  2.64047  -2.6665  -2.22781  -1.07043  3.22923  -22.9391  2.23773  -26.4841  
0.364105  -6.51339  -178.101  -1.44865  -19.1603  0.244006  3.83558  -3.47746  1.23808  22.6674  3.63732  -4.59079  3.08961  4.34493  -25.0207  -2.07786  3.61411  6.32457  3.23745  -1.37135  10.0379  -0.456399  3.51548  -1.9075  -1.44437  -2.09032  0.9485  -12.9055  6.09693  -16.379  
0.405779  -11.1579  -189.839  -20.6559  -17.4532  0.00284658  4.35313  -8.11296  2.94702  36.514  6.71078  -4.65009  -2.26438  7.52978  -1.20151  2.02038  4.33027  8.75878  3.0853  -2.27068  10.1211  0.407338  3.69131  -0.181826  1.43784  -2.59087  -1.95574  2.36622  8.11806  -6.70062  
-0.43384  -7.70796  -170.542  -26.8285  -15.2618  -1.46748  3.9513  -7.73378  2.96047  69.7637  5.7203  -5.70687  -6.3108  6.12878  9.62938  2.69984  3.3162  8.9251  2.23328  -2.86654  5.21194  -0.0707583  1.55463  -0.132448  3.52981  -3.24954  -3.44958  9.9211  6.87369  -5.04759  
-1.62972  -0.50393  -151.173  -15.0279  -19.6288  -3.1705  4.08873  -0.559234  1.91442  94.2457  1.06893  -6.99553  -6.39123  1.95857  0.210091  -1.09737  1.40163  7.07519  1.36841  -2.80578  -2.41359  -1.19833  -2.02662  -2.37335  3.30258  -4.14447  -3.21014  5.07539  3.49368  -8.94331  
-2.14216  4.40667  -138.754  2.35893  -23.8323  -3.6149  4.29821  7.4325  1.01849  92.8534  -3.36591  -6.80317  -3.76044  -1.16047  -14.0123  -5.29253  0.0616809  4.37363  0.825385  -2.04292  -7.76386  -1.84198  -4.29906  -4.52088  1.81831  -4.3513  -2.23441  -3.7553  0.0771966  -10.9138  
-1.37021  3.66474  -110.769  8.5936  -15.9058  -2.05544  2.69377  8.35195  0.913486  66.0181  -4.01666  -3.86071  -1.30082  -0.917872  -12.9931  -5.00909  0.187971  1.99939  0.410458  -0.885174  -6.97264  -1.32527  -3.17691  -3.69596  1.07845  -2.86779  -1.52509  -4.73219  -2.13951  -6.44965  
0.375965  -1.52545  -56.6988  0.994206  5.20255  0.960329  -1.0864  1.48756  1.43232  24.7153  -1.01885  1.3018  -0.133087  2.02966  5.56157  0.0345155  1.49387  0.236074  -0.0900535  0.364328  -0.929566  0.120351  0.788056  0.175499  1.6584  0.112115  -1.28416  4.0889  -3.3207  3.10739  
