-2.42356  -2.32593  -2.68879  -3.26337  -1.9104  -2.58098  -2.17989  -2.165  -3.17559  -2.2675  -2.81784  -7.64372  -1.93249  30.4889  -2.97169  -2.33696  0.917441  -1.79319  -1.36135  -3.02849  -2.34866  -2.44396  -5.19193  -2.41263  -2.31185  -2.1458  -4.8959  -1.23935  -2.09785  -1.26548  
1.60781  1.82753  1.76009  0.561916  4.55947  1.36937  1.49087  1.00202  0.519945  2.36152  2.34938  -1.41994  1.49885  34.2  1.70091  2.28631  35.4643  1.64205  1.66816  -0.874501  1.44258  0.122603  -3.89115  -0.665567  1.22541  2.71888  2.41363  2.40311  1.54551  4.55731  
4.78432  5.0052  5.22702  4.05281  7.8549  4.54398  4.44239  3.65086  3.7994  5.52272  5.76509  4.80808  4.64115  35.8423  5.01048  5.43441  41.2437  4.57981  4.48359  2.61215  4.53758  2.98412  -0.00703245  1.30076  4.29825  5.79458  6.58415  5.62575  4.63193  8.13093  
6.41294  6.50922  6.8259  6.35812  7.44888  6.25247  6.11784  5.56326  6.03791  6.58086  6.73029  9.30791  6.70387  33.2367  6.35668  6.46799  17.45  6.31305  6.43982  6.35462  6.2385  5.67375  5.49355  3.56099  6.21919  6.53211  6.8428  7.55492  6.45822  8.33358  
6.30513  6.24074  6.32549  6.68845  5.32289  6.25257  6.35655  6.60499  6.69364  5.96857  5.86148  9.58552  6.87708  27.2903  6.10478  5.81513  -10.461  6.35059  6.78368  7.76814  6.23558  7.07881  9.01351  5.81311  6.46518  5.72986  4.81558  7.25969  6.54161  5.80298  
4.96849  4.78284  4.55964  5.30088  3.59471  5.0057  5.46627  6.38004  5.80663  4.66916  4.37019  5.10202  5.30057  21.0785  5.06126  4.45063  -18.0477  5.02118  5.45  5.83676  4.97756  6.38874  8.28467  7.2164  5.27247  4.52738  2.62349  4.73704  5.14486  2.53657  
3.31011  3.07507  2.88176  3.55166  2.75868  3.39163  4.00021  4.64028  4.0401  3.41762  3.05444  -1.47725  3.19964  13.0931  3.78462  3.12635  -5.27418  3.38492  3.3405  2.54667  3.43141  4.03583  4.51005  6.8248  3.61579  3.45473  1.26472  1.32141  3.25598  0.497274  
2.01459  1.83541  2.01669  2.65385  2.17984  2.0693  2.41955  2.11858  2.20373  2.3255  1.92718  -6.14099  1.83053  -6.44092  2.38337  1.99217  8.10787  2.35698  1.69328  0.872226  2.31509  1.50093  0.435259  4.47921  2.4363  2.41623  0.722263  -1.14864  1.84224  0.146002  
1.17944  1.17642  1.58441  2.53185  1.51698  1.14961  0.975953  0.368489  0.792152  1.16368  0.713594  -6.72712  1.41205  -40.0571  0.88476  0.828427  6.5058  1.99856  1.08393  1.68617  1.60594  0.0551758  -2.49297  1.33419  1.89455  1.29936  0.86509  -1.73047  1.12583  0.273864  
0.527278  0.739601  0.860053  2.1132  1.0107  0.446913  -0.150926  0.276004  -0.0837637  -0.084105  -0.466442  -4.16111  1.2165  -68.161  -0.38975  -0.443069  -6.21803  1.71775  1.10033  3.10854  0.842389  -0.336788  -4.45322  -0.736891  1.46505  0.314192  1.60213  -0.973936  0.656029  -0.487209  
-0.129146  0.167268  -0.201369  0.76188  0.600637  -0.135041  -0.773645  0.940523  -0.481584  -1.05267  -1.10716  -1.22674  0.620997  -60.7215  -0.983964  -1.50695  -14.561  1.0602  0.92357  2.774  -0.19971  -0.692447  -5.49778  -0.687663  0.721555  -0.263519  2.32334  -0.152661  0.0471606  -1.96469  
-0.68864  -0.509193  -0.943661  -0.884809  -0.34869  -0.542091  -0.84743  0.649872  -0.558111  -1.35202  -0.979876  0.0394611  -0.217719  -15.296  -0.813501  -1.87771  -10.2573  0.162333  0.221417  0.316621  -1.23979  -1.65409  -4.81857  0.657911  -0.161159  -0.472372  1.91609  -0.0346848  -0.524285  -2.58895  
-0.94923  -0.942767  -0.893209  -1.62994  -2.02506  -0.746923  -0.61454  -0.945526  -0.569953  -1.01215  -0.5443  -0.542233  -0.716369  27.14  -0.372861  -1.38916  0.150073  -0.520931  -0.524976  -2.4816  -1.82699  -2.70835  -1.93578  1.17555  -0.697793  -0.590219  -0.0296204  -0.432539  -0.621481  -1.3231  
-0.864619  -0.883047  -0.345635  -1.14393  -3.31518  -0.804403  -0.42727  -2.22673  -0.731381  -0.47568  -0.486919  -1.95117  -0.637924  22.0949  -0.286586  -0.443005  5.12179  -0.735663  -0.581996  -3.61199  -1.78086  -2.79606  2.14552  -0.608223  -0.7167  -0.755618  -2.19295  -0.76436  -0.192241  0.893147  
-0.586928  -0.490379  0.0309603  -0.359517  -2.69009  -0.73964  -0.40028  -1.56662  -1.00087  -0.166561  -0.890172  -3.50701  -0.305133  -24.3208  -0.692282  0.260171  1.5017  -0.648008  0.185076  -2.6443  -1.28163  -1.5364  5.42977  -3.92597  -0.555626  -0.841975  -2.46222  -0.753832  0.287255  2.06063  
-0.325861  -0.196032  -0.0553028  -0.404662  -0.0797758  -0.5401  -0.368802  0.556286  -1.05057  -0.133097  -1.12461  -5.38297  -0.105359  -52.0547  -1.15234  0.295233  -3.74841  -0.613914  1.02248  -0.801788  -0.664653  0.41052  6.35098  -6.16526  -0.619594  -0.737756  -0.26972  -0.542303  0.336346  1.38576  
-0.202195  -0.240484  -0.342491  -1.29287  2.68708  -0.284892  -0.228803  2.03067  -0.6179  -0.11814  -0.628625  -7.64829  -0.075943  -14.2587  -1.14433  -0.1424  -3.60204  -0.79669  0.984256  0.394082  -0.215348  1.99975  4.49472  -5.13216  -0.898099  -0.617621  2.356  -0.346735  -0.00241063  0.128184  
-0.208755  -0.421121  -0.470305  -1.94046  3.64147  -0.167881  -0.17842  1.57269  0.13489  0.100082  0.338364  -9.34641  -0.0197814  65.7444  -0.595133  -0.476159  0.657619  -0.97419  -0.0863907  0.421363  -0.0702089  2.57216  0.615766  -1.19673  -1.04491  -0.759914  2.68873  -0.246719  -0.298501  -0.00875554  
-0.255765  -0.365804  -0.374743  -1.45349  2.64512  -0.290835  -0.470954  0.0442994  0.718112  0.505807  0.950193  -9.2657  0.111316  115.003  0.0690421  -0.334788  2.51878  -0.732659  -1.29503  -0.109817  -0.169871  1.9822  -3.54434  2.76258  -0.827565  -1.11814  0.188096  -0.227856  -0.329365  1.04446  
-0.259581  -0.0249375  -0.213929  -0.219409  1.13223  -0.507691  -0.972811  -0.886524  0.770847  0.90677  0.744762  -7.64635  0.144123  91.9153  0.338791  0.10574  -0.573798  0.0725169  -1.59873  -0.318872  -0.294024  0.399595  -5.80517  3.81856  -0.404332  -1.25803  -2.89927  -0.214358  -0.328523  1.78741  
-0.209643  0.214156  -0.0954496  0.515269  0.0388064  -0.563639  -1.14509  -0.729581  0.393424  1.09257  0.0925136  -6.35705  -0.0215053  29.4946  0.0648975  0.350232  -3.85798  1.0065  -0.899749  0.0647505  -0.244201  -1.70366  -4.9906  1.57554  -0.133164  -0.821398  -3.97175  -0.0150458  -0.549489  1.13617  
-0.160982  -0.0154483  -0.0141652  0.0489681  -1.31056  -0.37315  -0.597673  -0.285803  -0.0313795  0.934081  -0.338547  -6.65355  -0.236819  -8.37372  -0.450281  0.106369  -2.02502  1.34342  -0.123282  0.610648  -0.0498107  -3.62359  -2.16278  -1.5224  -0.179414  0.0202468  -2.75395  0.536393  -0.774363  -0.278041  
-0.170729  -0.580485  0.0115684  -0.972889  -3.79844  -0.0948335  0.395039  -0.207391  -0.287562  0.466155  -0.397255  -7.21506  -0.282425  1.45176  -0.76664  -0.465993  3.83561  0.798772  -0.130366  0.726425  0.0392889  -4.78726  -0.0222511  -2.56774  -0.416961  0.680703  -1.15763  1.21913  -0.545125  -1.10634  
-0.238936  -0.945445  -0.0817201  -1.31399  -6.53321  0.059697  1.0643  -0.252023  -0.484323  -0.0486662  -0.490708  -5.47808  -0.161629  25.7281  -0.687855  -0.960178  8.00703  -0.0422097  -0.740697  0.218092  -0.164998  -5.12104  -0.412817  -0.902776  -0.622378  0.772367  -0.796426  1.3837  0.130878  -1.06044  
-0.322384  -0.763131  -0.284797  -0.521052  -7.18311  0.00239928  0.873581  -0.0621009  -0.791115  -0.238268  -0.871928  -1.06159  -0.109727  27.9645  -0.403119  -1.09366  7.67989  -0.24332  -0.992386  -0.617051  -0.54491  -4.81023  -2.53959  1.42159  -0.671837  0.483686  -1.26679  0.538147  0.603844  -1.13148  
-0.391655  -0.264147  -0.469461  0.574138  -4.54646  -0.235916  -0.0332646  0.0645666  -1.10836  0.0143153  -1.1812  3.14654  -0.283715  13.1802  -0.280982  -0.869229  6.22568  0.480534  -0.311632  -1.28943  -0.779498  -3.85504  -4.0465  1.82107  -0.563523  0.280918  -1.06677  -0.951917  0.309442  -2.05143  
-0.429201  0.0616272  -0.519568  0.861203  -0.283363  -0.548006  -1.06196  -0.2862  -1.12506  0.310481  -0.879633  4.15519  -0.522834  11.5846  -0.476781  -0.481161  7.37844  1.40543  0.83619  -1.41725  -0.673114  -2.09897  -3.61119  -0.273766  -0.305003  0.335715  0.38355  -2.00664  -0.45301  -3.12452  
-0.406904  0.0362709  -0.462178  0.166477  2.57907  -0.757821  -1.7552  -0.802784  -0.719734  0.0177644  -0.016952  2.46392  -0.476058  29.0119  -0.765527  -0.16233  9.31497  1.53371  1.52677  -0.883044  -0.345273  0.105629  -2.1541  -3.01913  0.0846423  0.373525  2.23784  -1.84602  -0.78509  -2.9233  
-0.312439  -0.100421  -0.437234  -0.660263  2.72165  -0.68783  -2.04934  -0.781134  -0.189627  -1.03982  0.719935  1.28198  0.00438272  37.1241  -0.767199  -0.082618  7.22273  0.635412  1.38519  0.0641268  -0.0798991  1.71614  -1.42773  -4.10133  0.449251  0.0812721  3.48485  -0.7974  -0.266663  -0.993656  
-0.187415  -0.0733224  -0.519791  -0.777619  1.56079  -0.335814  -2.05236  -0.19087  0.0196192  -2.18791  0.806599  2.40804  0.617992  14.371  -0.330506  -0.250058  1.08419  -0.562861  0.833194  0.924298  -0.0202686  1.8791  -1.90972  -2.84603  0.534332  -0.462035  4.10674  0.0861653  0.486868  1.443  
-0.100008  0.0923955  -0.625838  -0.187826  1.11746  0.0544151  -1.77611  0.163923  -0.174344  -2.40651  0.506876  3.83732  0.849142  -18.4378  0.304551  -0.459127  -2.51299  -1.18936  0.4177  1.30469  -0.0555295  0.950433  -2.44421  -0.586322  0.268498  -0.849584  4.65851  0.18341  0.545053  2.52795  
-0.0728498  0.189868  -0.599482  0.463393  1.54944  0.190702  -1.20959  -0.304593  -0.425814  -1.36233  0.476111  2.66371  0.433422  -18.331  0.736465  -0.440436  1.19005  -1.07527  0.183817  1.24161  0.0020631  0.233299  -1.82041  0.713338  -0.0632631  -0.809205  5.03922  -0.120383  -0.215404  1.53065  
-0.0683683  0.0928076  -0.359733  0.731813  1.36662  0.0363449  -0.531276  -1.17373  -0.403166  0.0923494  0.853195  -1.12293  -0.371783  26.7783  0.742641  -0.159121  7.19921  -0.758413  -0.147899  1.06962  0.183973  0.547679  -0.322757  -0.00534147  -0.0584383  -0.46243  4.22218  -0.0472506  -0.976411  -0.36036  
-0.056227  -0.16698  0.0326197  0.76278  -0.184167  -0.149797  -0.060728  -1.53443  -0.19613  0.622677  1.01335  -4.56698  -1.04158  80.812  0.418206  0.0890976  4.98468  -0.76249  -0.592757  0.960715  0.337571  1.44113  0.532718  -2.17793  0.335012  -0.129395  1.34864  0.600056  -0.965983  -1.06354  
-0.0714461  -0.501123  0.419218  0.894882  -1.81276  -0.139453  0.0580037  -1.09427  -0.168066  -0.301521  0.369188  -5.71996  -1.28306  97.4788  0.00641621  -0.0279578  -8.35715  -1.07506  -0.726728  0.664786  0.299223  1.92058  -0.26853  -3.96852  0.67086  0.0109098  -2.96185  1.25879  -0.327848  0.411998  
-0.170936  -0.77278  0.615366  1.08101  -1.63081  -0.0510977  0.00871573  -0.437996  -0.431645  -1.82428  -0.8082  -6.0791  -1.23634  71.8913  -0.312985  -0.48018  -22.0522  -1.2791  -0.206809  -0.142764  0.0501225  1.77067  -1.94334  -3.47833  0.478888  -0.00343777  -6.47738  1.3012  0.176124  2.90064  
-0.336473  -0.781345  0.51852  0.905657  0.589177  -0.213885  0.086069  -0.273584  -0.67787  -2.4914  -1.59002  -8.21325  -1.21534  39.9522  -0.499555  -0.850057  -21.8361  -1.05431  0.724564  -1.31197  -0.293983  1.62824  -2.64952  -0.42995  -0.158911  -0.0933448  -6.80204  0.684963  0.186144  4.10805  
-0.460621  -0.439953  0.184289  0.10679  3.11985  -0.686311  0.369316  -0.660902  -0.570555  -1.64092  -1.42098  -11.6978  -1.24645  32.0677  -0.585217  -0.775365  -5.78057  -0.461987  1.39534  -2.16655  -0.602821  1.92389  -1.41402  3.01389  -0.692823  -0.24174  -3.44558  -0.114498  0.13221  2.81647  
-0.447119  -0.0340154  -0.175968  -1.04511  4.12471  -1.03266  0.673007  -1.0208  -0.182987  0.00265194  -0.690215  -12.7852  -1.01441  36.2682  -0.613749  -0.371874  12.8611  0.169927  1.37171  -2.13025  -0.815489  2.2069  0.771125  3.62617  -0.719813  -0.42367  1.3247  -0.594949  0.524875  0.0257706  
-0.31397  -0.067235  -0.358576  -2.02418  3.22139  -0.734119  0.815009  -0.772023  0.0683151  1.1125  -0.189374  -8.73031  -0.271146  19.6874  -0.637403  -0.119191  19.0148  0.52956  0.858256  -1.3307  -0.931047  1.80992  1.90059  0.252694  -0.403213  -0.56716  4.00063  -0.546357  1.11578  -2.15879  
-0.172675  -0.65574  -0.336847  -2.53011  1.18959  0.161499  0.824744  0.089212  -0.0856809  1.06697  -0.185084  -1.51195  0.729016  -24.4953  -0.715968  -0.293218  10.2404  0.521638  0.410215  -0.522773  -0.959537  0.859599  0.998406  -4.47613  -0.167777  -0.638455  2.5783  -0.0852598  1.09633  -2.60784  
-0.111469  -1.15293  -0.261305  -2.69582  -1.18632  0.930273  0.820575  0.962186  -0.455457  0.394118  -0.248721  3.42964  1.30879  -63.6087  -0.843379  -0.61336  -3.25761  0.312978  0.305945  -0.353713  -0.907318  0.168915  -0.954862  -6.22796  -0.0907831  -0.717606  -1.78947  0.367253  0.147453  -1.92876  
-0.114271  -0.68019  -0.265115  -2.80295  -3.41558  0.843187  0.751254  1.19188  -0.612449  -0.00435753  0.0408276  2.80652  1.02199  -65.4807  -0.926141  -0.545659  -10.3385  0.210076  0.308689  -0.716323  -0.790158  0.25074  -2.17572  -3.3356  0.120597  -0.893975  -5.76975  0.217158  -0.977469  -1.37321  
-0.103549  0.847032  -0.321632  -3.00237  -4.79113  -0.0622803  0.407526  0.675024  -0.343671  0.135024  0.527168  -1.24019  0.149984  -41.9582  -0.884927  0.0402134  -8.62431  0.389622  0.055149  -0.882536  -0.630697  0.751658  -1.86881  1.33372  0.609841  -1.08055  -6.46594  -0.788809  -1.17949  -1.47832  
-0.0448866  2.40434  -0.329576  -3.18623  -4.49709  -0.987354  -0.265139  -0.081192  0.186368  0.333263  0.733211  -3.34061  -0.518535  -37.0533  -0.78563  0.639899  -3.21145  0.668084  -0.404111  -0.293264  -0.435951  1.00821  -0.801096  3.31237  1.0516  -1.019  -3.45  -2.05147  -0.291881  -1.91436  
0.0126797  2.75669  -0.28198  -3.05594  -2.59793  -1.17035  -0.978446  -0.532865  0.651441  0.143589  0.517046  -0.852427  -0.448055  -70.0689  -0.782589  0.65152  0.831895  0.638301  -0.605227  0.827581  -0.196283  0.847773  -0.32654  1.20597  1.0127  -0.526725  1.39797  -2.4066  0.597608  -2.13561  
-0.00115959  1.66671  -0.263891  -2.25759  -0.484863  -0.632546  -1.31072  -0.621477  0.832003  -0.268096  0.208221  3.54308  0.112479  -102.901  -0.894147  0.0973752  2.37954  0.103134  -0.24617  1.69774  0.0663519  0.700343  -1.08619  -2.25113  0.52462  0.264991  5.54929  -1.30881  0.278388  -1.76984  
-0.0953827  0.0595077  -0.283559  -0.689596  0.394351  -0.0557454  -1.13584  -0.612353  0.707172  -0.437454  0.110408  4.80702  0.472177  -79.5787  -0.915871  -0.348539  2.59936  -0.636545  0.339148  1.81428  0.255566  0.99682  -2.72944  -3.67876  0.00690806  0.930651  7.33844  0.347581  -1.22185  -0.595924  
-0.212054  -0.983067  -0.217402  1.18107  0.182236  0.00702856  -0.739577  -0.549077  0.41809  -0.309471  0.101065  1.4033  0.282926  4.51347  -0.628473  -0.142054  2.19431  -1.01407  0.45593  1.39636  0.239044  1.71143  -4.42791  -2.6719  -0.289855  1.04804  6.40468  0.966041  -2.59328  1.21859  
-0.286448  -1.18839  0.012009  2.48826  0.465343  -0.317291  -0.505978  -0.21324  0.210602  -0.326085  -0.129218  -3.11684  -0.114251  85.9942  -0.0809036  0.440917  1.24509  -0.776275  -0.14811  0.987207  -0.0210667  2.40771  -5.37075  -1.3979  -0.50767  0.533269  3.35761  -0.0292214  -2.58922  2.76717  
-0.298668  -1.05747  0.263817  2.66641  2.22971  -0.474989  -0.527925  0.32277  0.270257  -0.778927  -0.576261  -4.15016  -0.204538  98.6586  0.410309  0.605064  0.547534  -0.278948  -0.896575  0.739189  -0.3623  2.5432  -5.11853  -1.37613  -0.80782  -0.24541  -0.694165  -1.47786  -1.24624  2.91368  
-0.260444  -1.07696  0.301727  2.07618  4.4042  -0.166096  -0.580845  0.514715  0.47325  -1.29987  -0.870613  -1.31931  -0.0178338  45.9404  0.575894  0.042179  1.63175  -0.0961039  -0.96731  0.301376  -0.493103  1.79768  -3.95506  -1.85135  -0.992646  -0.724265  -4.44926  -1.74918  0.296112  1.60311  
-0.180039  -1.22475  0.0938576  1.63209  4.92015  0.355953  -0.42398  0.0655682  0.423604  -1.20716  -0.755681  1.37431  -0.0682419  -2.6333  0.420292  -0.606478  5.53828  -0.383811  -0.246042  -0.578314  -0.233442  0.35078  -3.02311  -1.47536  -0.782648  -0.602908  -6.64604  -0.59417  1.01519  0.225713  
-0.0669011  -1.17911  -0.11937  1.72384  3.08481  0.626871  -0.0542182  -0.442137  -0.118705  -0.321804  -0.479621  0.329364  -0.603432  7.9063  0.133333  -0.500287  11.4102  -0.691584  0.468009  -1.53755  0.285181  -1.02203  -3.54592  -0.348291  -0.315116  -0.125224  -6.51058  0.607558  0.854137  0.104265  
0.0253694  -0.804739  -0.0967671  1.58259  0.343887  0.457827  0.357404  -0.182537  -0.825981  0.707632  -0.548883  -3.51548  -1.1127  54.7282  -0.15533  0.300927  16.2654  -0.48536  0.326402  -1.90609  0.68699  -1.44481  -5.49406  0.421238  -0.0727117  0.14756  -4.18082  0.481439  0.404683  0.7802  
0.0107134  -0.280489  0.110331  0.13909  -1.46238  0.0542597  0.6612  0.674729  -1.05364  0.976094  -1.12037  -6.15163  -0.897908  66.1985  -0.412155  0.804341  16.2353  0.228521  -0.622983  -1.46278  0.66692  -0.731362  -7.05539  0.611651  -0.273143  -0.0955813  -0.711526  -0.764784  0.0953978  0.512344  
-0.139037  0.129889  0.233548  -2.55505  -2.08447  -0.260946  0.813311  0.932626  -0.615208  0.184134  -1.73823  -5.27151  -0.0329446  8.75071  -0.580173  0.271366  9.38713  0.89158  -1.47095  -0.725098  0.26971  0.28687  -6.11161  1.01125  -0.553599  -0.602261  2.63551  -1.62789  -0.0958515  -1.33374  
-0.322244  0.307466  0.104306  -4.91623  -2.63076  -0.335605  0.824013  -0.0995884  -0.0863962  -1.04028  -1.75092  -2.52386  0.572116  -70.1975  -0.550585  -0.844417  -1.86532  1.03614  -1.39487  -0.379895  -0.152246  0.567919  -2.41337  1.70847  -0.460887  -0.859415  5.11878  -1.01419  -0.293905  -3.11262  
-0.3734  0.271552  -0.159577  -5.16097  -3.67034  -0.232819  0.743755  -1.506  -0.154615  -1.65287  -0.969719  -1.06878  0.187567  -95.5801  -0.351067  -1.39514  -11.6648  0.810262  -0.420613  -0.564643  -0.273841  -0.00379001  1.80429  1.47771  -0.0429278  -0.665305  6.63985  0.652509  -0.413092  -2.72497  
-0.226445  0.0972504  -0.315833  -2.98072  -4.25328  -0.101078  0.684606  -1.74884  -0.747797  -1.09767  0.118498  -1.80179  -0.834655  -48.7891  -0.234069  -0.871289  -15.3549  0.733171  0.764721  -0.807324  -0.102723  -0.42811  3.7286  -0.225104  0.262605  -0.300507  7.20033  2.01984  -0.310338  -0.295686  
-0.00679595  -0.117447  -0.253646  0.172409  -3.01418  -0.064315  0.71212  -0.597269  -1.08966  0.136559  0.784092  -2.84427  -1.46441  12.1981  -0.413568  0.0616808  -13.3066  0.95218  1.53884  -0.676229  0.0373322  0.233408  2.66556  -1.58296  0.246011  -0.142773  6.59776  2.21595  -0.0783937  1.80372  
0.0743885  -0.248339  -0.0612607  2.38519  0.206551  -0.179374  0.6953  0.570047  -0.65938  0.828319  0.696456  -2.12257  -1.19949  20.5695  -0.728794  0.394632  -9.43268  1.00272  1.71067  -0.282703  -0.173319  1.68947  0.580572  -0.13868  0.187723  -0.255391  4.93156  1.49378  0.00519665  1.7273  
-0.0712265  -0.213187  0.115213  2.75968  4.09946  -0.410628  0.379151  0.546375  0.167994  0.119592  0.139859  0.392612  -0.560085  -27.8989  -0.74977  -0.112463  -6.02999  0.438622  1.34404  -0.0740936  -0.727306  2.70986  -0.0753148  3.65788  0.361226  -0.419005  3.05308  0.654761  -0.189171  0.25343  
-0.317319  -0.0539289  0.200058  1.75869  7.02153  -0.621962  -0.285631  -0.227627  0.584515  -1.54276  -0.322573  2.6041  -0.325617  -76.2588  -0.307381  -0.860764  -2.17254  -0.449583  0.546838  -0.234358  -1.26169  2.61206  1.00433  6.17453  0.5709  -0.465256  2.07003  0.189815  -0.490169  -0.376031  
-0.443865  0.0944292  0.189439  0.488791  8.00544  -0.650206  -0.974937  -0.421814  0.31303  -2.6603  -0.380531  2.31268  -0.550508  -73.1445  0.200025  -1.23147  3.24118  -0.871237  -0.405052  -0.407551  -1.34815  2.12396  1.63153  4.6937  0.415039  -0.408061  2.28169  0.0434696  -0.624436  0.701105  
-0.341678  0.133145  0.0991572  -0.22542  6.92549  -0.428187  -1.2864  0.319969  -0.160706  -2.09184  -0.189135  -1.25432  -0.62439  -23.8576  0.192053  -1.12856  8.2164  -0.507372  -0.971839  -0.105548  -0.855601  2.47101  -0.51413  1.03352  -0.0989747  -0.263051  2.95894  -0.00354984  -0.479321  2.05311  
-0.0967072  0.0866569  -0.0398589  -0.200907  4.31879  -0.0632775  -1.16841  0.989315  -0.274703  -0.238806  -0.136007  -6.30068  -0.24243  25.3981  -0.383472  -0.736692  9.26491  -0.00373556  -0.678294  0.662685  -0.0746384  3.66045  -5.11472  -0.498754  -0.465671  0.072183  3.07577  -0.0323188  -0.140778  1.9105  
0.104813  0.0430099  -0.167409  0.274297  1.34607  0.22764  -0.951129  0.702752  -0.0304283  1.33302  -0.419103  -9.48995  0.147091  41.2213  -0.90233  -0.146496  5.94151  -0.202957  0.327994  1.30453  0.508463  4.09944  -9.05188  1.43685  -0.350553  0.596919  2.06188  -0.0884386  0.209135  0.301549  
0.129849  0.0250303  -0.210735  0.761538  -0.65532  0.258332  -0.913063  -0.126599  0.140436  1.46906  -0.831679  -7.98658  -0.0415565  31.2134  -0.730731  0.545902  2.18317  -1.0135  1.20206  1.26335  0.591547  2.23909  -9.31266  3.40396  -0.0468421  0.981242  -0.036523  -0.353109  0.363354  -1.23031  
-0.0188799  -0.033995  -0.147455  0.90942  -1.19139  0.0153824  -0.948193  -0.527451  -0.047805  0.461781  -0.931642  -2.36292  -0.671173  22.2803  0.00394178  0.990931  2.03694  -1.41255  1.07287  0.681348  0.271345  -1.47614  -6.24293  1.72912  -0.0880234  0.777696  -2.76267  -0.977959  0.165894  -1.6476  
-0.231604  -0.195962  -0.0343714  0.562968  -1.21595  -0.305495  -0.770175  -0.386732  -0.473673  -0.520161  -0.466247  3.5851  -0.991334  25.6528  0.476246  0.8247  4.96323  -0.731762  -0.130124  0.246928  -0.0964417  -4.71329  -3.64456  -2.36459  -0.545733  -0.0489251  -5.25179  -1.74201  -0.326408  -1.47612  
-0.37378  -0.4064  0.034262  -0.147013  -2.13509  -0.412657  -0.37393  -0.446456  -0.841895  -0.744615  0.330342  5.82701  -0.548641  28.7518  0.0347818  0.182354  6.34805  0.374403  -1.53451  0.335641  -0.247207  -5.4497  -4.93775  -3.96982  -0.922143  -0.941021  -6.40601  -2.10584  -0.770121  -1.82024  
-0.371041  -0.521951  0.000753467  -0.915399  -4.00229  -0.146818  -0.124044  -0.971379  -0.935096  -0.408216  0.865483  3.77638  0.285815  20.0467  -1.05375  -0.326282  2.97254  0.565009  -2.04429  0.537175  -0.216032  -3.95579  -8.99779  -0.833858  -0.850325  -1.23516  -5.54185  -1.75914  -0.776512  -2.83852  
-0.252534  -0.453353  -0.120151  -1.45624  -5.13453  0.336054  -0.277192  -1.18199  -0.656787  -0.0321165  0.709339  -0.151368  0.776332  4.76222  -1.82523  -0.29649  -3.0996  -0.55201  -1.27884  0.210722  -0.207701  -2.27519  -10.2912  3.39412  -0.556811  -0.818594  -2.99782  -1.06907  -0.332507  -3.55358  
-0.126967  -0.270864  -0.260282  -1.79387  -3.99942  0.628275  -0.550037  -0.365508  -0.0403798  0.163309  0.044195  -3.34585  0.678701  -2.84997  -1.55872  -0.0207775  -6.40116  -1.78527  0.131823  -0.617891  -0.304605  -1.84094  -4.03439  3.41192  -0.467336  -0.206603  0.149627  -0.760283  0.077007  -2.98529  
-0.090154  -0.130937  -0.346698  -2.10631  -1.27465  0.409814  -0.353033  0.941891  0.669165  0.169226  -0.474478  -5.18044  0.330382  -2.31112  -0.456836  -0.09429  -3.63047  -1.58146  1.133  -1.222  -0.362046  -1.94605  8.54632  -1.13612  -0.548413  0.0422055  2.92149  -1.09  -0.0638315  -1.21302  
-0.144335  -0.10718  -0.33827  -2.43696  0.59022  -0.240959  0.506674  1.44606  1.05736  -0.119872  -0.396138  -5.7153  0.0905578  -6.69983  0.566715  -0.627475  2.99373  0.24066  1.17982  -1.07207  -0.208441  -0.86939  20.2812  -5.18708  -0.327086  -0.113678  4.76852  -1.4474  -0.710761  0.664171  
-0.204011  -0.131497  -0.241469  -2.39141  0.0677371  -0.857623  1.46377  0.664412  0.865269  -0.732265  0.0128601  -4.23543  -0.100087  -21.975  0.720105  -1.07452  7.88319  2.21312  0.618476  -0.474547  0.110844  1.76341  23.8979  -4.40806  0.347121  -0.268672  5.14999  -0.980287  -1.24933  1.43804  
-0.186197  -0.112256  -0.105731  -1.49553  -1.73079  -0.960834  1.67716  -0.507074  0.26039  -1.25656  0.0518662  -0.462147  -0.443391  -35.271  -0.0155359  -0.871924  7.18711  2.69715  0.183885  -0.131851  0.362542  4.15784  17.7517  -0.319611  0.915906  -0.112914  3.61847  0.38495  -1.1268  0.763928  
-0.0934971  -0.0655631  -0.0117702  0.221036  -2.48612  -0.486085  0.888124  -0.925566  -0.291503  -1.06619  -0.585331  3.52759  -0.81287  -34.009  -0.962583  -0.068972  1.9748  1.48837  0.147494  -0.284754  0.388923  4.13458  6.26232  1.90998  0.750616  0.226866  0.744867  1.64098  -0.422906  -0.589338  
-0.0121368  -0.0843489  -0.0505664  1.94896  -1.57564  0.129513  -0.256186  -0.461181  -0.437675  -0.065776  -1.40237  4.16039  -0.830796  -29.7166  -1.37092  0.781858  -3.20403  -0.128596  0.0787001  -0.598237  0.264377  1.50153  -4.37078  -0.088984  0.00116419  0.39177  -1.43546  1.58126  0.263419  -1.43064  
-0.0249966  -0.198227  -0.257542  2.7158  -0.772609  0.335268  -0.785182  0.143792  -0.223599  1.01332  -1.61969  0.614855  -0.393228  -48.7139  -1.03414  1.1924  -4.23252  -0.791651  -0.522395  -0.786465  0.15891  -1.63129  -10.5427  -3.30954  -0.468799  0.220175  -0.817353  0.0195336  0.449177  -1.2664  
-0.134503  -0.321852  -0.544144  2.28048  -1.76208  -0.0122727  -0.334101  0.355774  0.0150592  1.28525  -1.04849  -3.61345  0.0654622  -92.2205  -0.341295  1.05075  -0.439036  -0.394371  -1.44113  -0.954307  0.104728  -2.92932  -12.1713  -3.51466  -0.136151  -0.129478  2.47458  -1.89398  0.19468  -0.720025  
-0.26186  -0.362085  -0.697885  1.31991  -3.49786  -0.502172  0.517292  0.289383  -0.0041399  0.581338  -0.270348  -4.15799  0.0280314  -118.888  0.177167  0.485451  5.12561  0.0240087  -1.83112  -1.16172  -0.0194788  -2.02168  -10.9559  -0.520206  0.491917  -0.4361  5.48385  -2.61503  -0.0780988  -0.741288  
-0.318512  -0.317496  -0.518994  0.654957  -3.01587  -0.598135  0.830788  0.122139  -0.28237  -0.454269  0.0561626  -0.859856  -0.490659  -85.46  0.317052  -0.281612  8.13376  -0.454358  -1.14368  -1.00413  -0.282944  -0.511476  -8.49317  1.82514  0.483571  -0.638786  4.56781  -1.57083  -0.069326  -1.45212  
-0.283077  -0.241792  -7.02291e-05  0.341491  0.919536  -0.224234  0.208785  -0.373131  -0.59479  -1.04294  -0.0876999  1.89429  -0.890543  -5.23391  0.226469  -0.890766  6.00776  -1.63298  0.129476  -0.0732599  -0.573189  -0.0557532  -5.64288  0.628298  -0.366398  -0.778893  -1.40212  0.376968  0.151041  -1.95284  
-0.213253  -0.133607  0.633621  -0.174113  5.68658  0.136831  -0.871159  -1.38758  -0.725612  -0.899602  -0.190607  0.344492  -0.649698  51.3258  0.102964  -0.968346  0.187965  -2.49894  0.857764  1.29538  -0.712398  -0.772235  -2.78992  -2.53686  -1.22613  -0.840215  -9.61824  1.71136  0.293159  -1.41653  
-0.178846  0.0636449  1.07693  -1.18934  7.09063  0.0146675  -1.55787  -2.42635  -0.63647  -0.293618  0.074165  -4.47884  0.100226  26.5496  -0.0229975  -0.527023  -4.3938  -2.29329  0.431311  2.12715  -0.655149  -1.50265  -0.255104  -3.57386  -1.20781  -0.763691  -14.8054  1.56649  0.152141  -0.165816  
-0.176898  0.338541  1.16052  -2.19246  3.68829  -0.431964  -1.40158  -2.55638  -0.417844  0.248988  0.460133  -7.93373  0.667486  -58.8264  -0.197162  -0.11232  -3.16285  -1.16887  -0.577884  1.81365  -0.505893  -1.31758  1.61966  -0.608433  -0.376736  -0.574485  -12.6905  0.316505  -0.232905  0.638807  
-0.129693  0.537998  0.91926  -2.45873  -1.67264  -0.51809  -0.649151  -1.44267  -0.153622  0.271615  0.537389  -6.90925  0.492211  -123.092  -0.397395  -0.249073  2.95127  0.128999  -1.03517  0.752563  -0.36306  -0.380716  2.74174  4.1034  0.401756  -0.3859  -3.29957  -0.937411  -0.633161  0.340221  
0.011173  0.481164  0.499786  -1.88475  -4.80169  0.151462  0.0863281  0.116886  0.13766  -0.336238  0.277056  -2.41256  -0.307517  -107.809  -0.55827  -0.722853  6.81201  0.998192  -0.477894  -0.186604  -0.23734  0.510069  3.52762  6.77532  0.486033  -0.26193  8.41611  -1.3636  -0.801246  -0.479873  
0.166727  0.152684  0.0309134  -1.11036  -4.15637  1.09611  0.362483  0.879576  0.405493  -1.19759  0.0686417  1.91139  -1.04197  -34.848  -0.68548  -0.724128  1.26129  1.3587  0.387611  -0.609003  -0.128584  0.97005  4.57708  5.73448  0.0977185  -0.142462  15.6507  -0.919051  -0.645752  -0.707401  
0.175239  -0.245477  -0.415458  -0.739029  -1.67352  1.37723  0.143285  0.374336  0.493414  -1.65734  0.159406  3.34288  -1.05897  27.6104  -0.803893  0.122223  -12.7399  1.44852  0.480919  -0.736905  -0.0995162  1.26942  5.76879  2.22899  -0.187241  0.0445519  14.7475  -0.112939  -0.307453  0.0761731  
-0.0418234  -0.473252  -0.780275  -0.696214  -0.121897  0.611112  -0.330246  -0.685441  0.278227  -1.33318  0.308681  1.43423  -0.288125  40.8321  -0.850665  1.07358  -24.9886  1.42707  -0.443811  -0.788418  -0.198596  1.75063  5.91768  -1.48041  -0.212355  0.254742  7.98242  0.490857  -0.0726824  1.1987  
-0.376922  -0.477108  -0.988211  -0.519136  -0.389719  -0.591704  -0.782976  -1.20178  -0.152616  -0.482779  0.101034  -2.18294  0.737063  29.5352  -0.744316  0.95086  -24.5297  1.19996  -1.4925  -0.605588  -0.344181  2.20297  3.88973  -4.05432  -0.282426  0.364046  1.36711  0.553328  -0.151342  1.63209  
-0.620136  -0.427929  -0.967061  -0.0161666  -1.36513  -1.27415  -1.01814  -0.794736  -0.482342  0.274651  -0.47679  -5.10443  1.28502  37.1087  -0.600932  -0.47842  -9.90004  0.574352  -1.55855  -0.0578179  -0.365345  2.03934  0.35883  -5.1719  -0.541235  0.332855  -0.760837  0.0101957  -0.489598  0.90261  
-0.6434  -0.506924  -0.705874  0.428932  -1.70077  -1.09427  -0.916916  -0.0300191  -0.46275  0.602896  -0.959773  -5.02037  0.983594  71.4403  -0.681444  -2.10633  8.9691  -0.422508  -0.482266  0.488616  -0.185338  0.98156  -1.95079  -4.86243  -0.642682  0.252623  0.685973  -0.855061  -0.810727  -0.637688  
-0.48368  -0.688436  -0.295225  0.433137  -1.13625  -0.500482  -0.484473  0.36757  -0.201462  0.705491  -0.93236  -1.22537  0.0473966  96.9341  -0.9967  -2.60208  19.6311  -1.37999  0.795184  0.424404  0.0818043  -0.533891  -0.439163  -3.33655  -0.259296  0.214113  1.18975  -1.48349  -0.842994  -2.16206  
-0.264953  -0.748223  0.0847353  0.087723  -0.313994  -0.0870296  0.0837322  0.315557  -0.0522749  0.944787  -0.533162  4.31336  -0.926185  76.5227  -1.08594  -1.7473  17.6078  -1.70398  1.2427  -0.349781  0.251727  -1.69692  4.58578  -1.33044  0.343736  0.19442  -2.37293  -1.4363  -0.518058  -2.86568  
-0.0859519  -0.5339  0.265663  -0.0843661  0.081192  -0.0176338  0.456027  0.242879  -0.246279  1.34245  -0.301517  7.98103  -1.42186  8.98952  -0.452795  -0.468883  8.74506  -1.14133  0.801181  -1.18455  0.254275  -2.01333  9.68538  0.113067  0.52469  0.122004  -8.60514  -0.888966  0.0286701  -2.43418  
0.00962938  -0.16699  0.224665  0.213837  -0.163139  -0.114406  0.405237  0.366029  -0.658392  1.56965  -0.570699  7.32028  -1.36332  -71.0343  0.755594  0.295111  2.18051  -0.125804  0.351152  -1.32357  0.16125  -1.65846  11.2356  0.488156  0.0454675  0.00306107  -13.141  -0.525305  0.587964  -1.25098  
0.00899785  0.0607661  0.141693  0.74963  -0.759435  -0.250343  0.0140332  0.390979  -1.00498  1.3565  -1.0835  3.44994  -1.04031  -122.422  1.69399  0.393322  2.03663  0.520085  0.643821  -0.686413  0.0528202  -1.22874  8.62643  0.249142  -0.578456  -0.100119  -12.7151  -0.795653  0.995851  -0.19388  
-0.0674583  0.0243294  0.245193  0.995  -1.18203  -0.437538  -0.377845  0.0328093  -1.16154  0.781732  -1.27196  -0.27998  -0.784606  -123.136  1.63987  0.206713  5.23304  0.399095  1.4399  0.123464  -0.0896706  -1.09204  4.5329  0.247233  -0.708161  -0.213401  -7.62082  -1.31234  1.16042  0.0386246  
-0.14209  -0.0857939  0.554011  0.657723  -1.14354  -0.584442  -0.481993  -0.446611  -1.13886  0.149664  -0.854964  -1.60778  -0.651882  -79.8357  0.755501  0.0236421  6.14794  -0.0183843  1.80781  0.541011  -0.333338  -1.02758  1.99204  0.806022  -0.366734  -0.460964  -0.784261  -1.22089  1.04463  -0.469278  
-0.125121  0.00728821  0.776082  -0.0861728  -0.986296  -0.447443  -0.290021  -0.533584  -0.894617  -0.305206  -0.129185  -1.4255  -0.466678  -22.5256  -0.0903588  -0.0784874  2.26846  0.0377234  1.2045  0.597346  -0.666801  -0.516444  1.46751  1.44053  -0.17123  -0.856388  4.75534  -0.202515  0.663034  -0.953721  
-0.017699  0.301704  0.548713  -0.854845  -1.35945  0.0606459  -0.00474581  -0.197055  -0.360212  -0.559359  0.332011  -2.04564  -0.0835119  12.8951  -0.23237  0.0196518  -3.94161  0.63589  0.0396735  0.665561  -0.959955  0.560702  0.936197  1.43862  -0.528418  -1.16357  7.49851  1.07884  0.106321  -0.72316  
0.0621583  0.48898  -0.162208  -1.40281  -2.26521  0.634882  0.225771  0.0149366  0.302304  -0.733514  0.214656  -3.90266  0.404307  9.15323  0.188952  0.428085  -7.76235  0.968026  -0.879226  0.828202  -1.05516  1.63197  -1.33016  0.625233  -1.07577  -1.0853  7.40623  1.60891  -0.459739  0.108376  
-0.000100286  0.303558  -0.946566  -1.78288  -2.67492  0.837698  0.413017  -0.240596  0.631463  -0.952996  -0.259226  -4.84256  0.732092  -18.8166  0.525709  0.944252  -6.89642  0.356141  -1.28205  0.684303  -0.89945  1.92247  -4.55911  -0.388591  -1.1284  -0.615237  5.18598  1.06113  -0.82845  0.738978  
-0.168626  -0.156038  -1.29559  -2.11837  -1.61812  0.588477  0.568712  -0.518721  0.31425  -1.23043  -0.561238  -2.83224  0.734937  -36.4967  0.363837  1.10083  -3.87666  -0.791505  -1.58564  -0.102278  -0.588639  1.25452  -6.27521  -0.631992  -0.520505  -0.111562  1.91372  0.0710221  -0.8249  0.534955  
-0.278571  -0.532665  -1.09925  -2.40726  0.328467  0.260076  0.575023  -0.132045  -0.358557  -1.40949  -0.348532  0.919218  0.489601  -22.0416  -0.130513  0.706438  -3.9548  -1.3442  -2.15302  -1.21022  -0.283407  0.31328  -5.04872  0.417979  0.18339  0.0510462  -0.971108  -0.456419  -0.406481  -0.232506  
-0.217374  -0.592877  -0.730319  -2.448  1.09846  0.229175  0.315932  0.844105  -0.685182  -1.26897  0.197999  2.59984  0.231569  13.9277  -0.499235  0.143213  -9.3015  -0.802851  -2.67839  -1.77376  -0.0624265  -0.00222872  -1.98505  2.23155  0.304649  -0.144529  -2.03112  -0.21082  0.247741  -0.626149  
-0.059243  -0.438482  -0.608042  -2.082  -0.830498  0.42554  -0.0921671  1.48042  -0.294286  -0.753981  0.53291  -0.530849  0.0872749  41.7963  -0.476728  -0.086751  -15.4638  0.0287064  -2.50346  -1.2249  0.150571  0.600193  0.551192  3.52289  -0.220426  -0.37283  -0.667749  0.306835  0.769384  -0.0519526  
0.0110468  -0.322063  -0.711532  -1.34522  -4.47227  0.421488  -0.331102  1.05408  0.366728  -0.110036  0.257302  -6.63212  -0.0402937  42.8357  -0.160458  -0.000259796  -15.3391  -0.0741477  -1.45787  0.0259998  0.466864  1.55324  1.27143  3.28991  -0.864688  -0.354169  2.23463  0.287276  0.828759  0.998136  
-0.102504  -0.353807  -0.639014  -0.424555  -6.73003  -0.0487655  -0.231476  -0.0432416  0.500922  0.292448  -0.462138  -10.5783  -0.332243  20.4293  0.16752  -0.0914122  -7.55819  -1.33152  -0.158924  0.864346  0.820512  2.01707  0.815817  1.72632  -1.10081  -0.121202  4.60344  -0.627036  0.428243  1.38566  
-0.309705  -0.43722  -0.141405  0.5541  -5.03367  -0.756352  -0.00698419  -0.752339  -0.131223  0.311433  -1.03493  -8.7428  -0.79304  -13.636  0.304872  -0.616338  0.640681  -2.622  0.586626  0.524858  0.927169  1.57654  0.582656  -0.0689799  -0.876487  0.0903992  4.51488  -1.93275  -0.0511817  0.557192  
-0.438028  -0.446857  0.512963  1.55796  0.318011  -1.20335  -0.0655184  -0.582801  -0.911049  0.182929  -1.00855  -2.59767  -1.1721  -53.3917  0.243999  -1.17888  1.55403  -2.63739  0.564069  -0.633846  0.550555  0.464408  1.28959  -1.2264  -0.522784  0.127479  1.69476  -2.57284  -0.198156  -0.783659  
-0.409262  -0.381442  0.793765  2.4313  6.30999  -1.12392  -0.543956  -0.121118  -1.07323  0.280815  -0.48648  2.79507  -1.20019  -91.6657  0.114018  -1.19362  -2.31272  -1.25932  0.237856  -1.45309  -0.170159  -0.795135  2.74435  -1.85252  -0.322358  0.0186203  -2.02125  -1.84275  -0.00754341  -1.37897  
-0.297242  -0.328948  0.48332  2.81578  9.57157  -0.697664  -1.12435  -0.22387  -0.589386  0.715576  0.0473105  4.1231  -0.886906  -110.896  0.0362282  -0.624932  0.270761  0.307775  0.152352  -1.12823  -0.740744  -1.78412  4.35464  -2.51738  -0.295885  -0.141518  -3.93868  -0.175588  0.0757453  -0.772711  
-0.227096  -0.335824  -0.114534  2.32827  8.88559  -0.295455  -1.33262  -0.946381  -0.134366  1.18469  0.244241  2.83597  -0.53883  -93.8645  0.0127906  -0.0511491  14.2244  0.715289  0.377867  -0.00145884  -0.742995  -2.29365  5.45111  -3.28635  -0.284721  -0.286208  -2.82418  1.08763  -0.371413  0.227273  
-0.240774  -0.360273  -0.540314  1.04928  5.77855  -0.0936207  -1.02171  -1.50303  -0.229416  1.20026  0.169783  3.06325  -0.393088  -48.1178  -0.058742  0.0100654  27.565  -0.280032  0.568698  0.817212  -0.243695  -2.22619  5.34229  -3.50995  -0.1697  -0.362475  -0.343788  0.951317  -1.213  0.510498  
-0.271339  -0.331089  -0.652372  -0.408257  2.94459  0.0104132  -0.476155  -1.2601  -0.575943  0.506251  0.0720754  6.12593  -0.348372  -9.69151  -0.256306  -0.325551  21.6767  -1.62778  0.442389  0.608122  0.286683  -1.59022  3.63968  -2.54507  0.0536358  -0.320787  0.227571  -0.203014  -1.78295  -0.0175632  
-0.22658  -0.230618  -0.626896  -1.257  1.97123  0.164794  -0.0746297  -0.519123  -0.443538  -0.671923  0.0526307  8.77443  -0.0877424  -10.3149  -0.492749  -0.517172  -6.1254  -1.98109  0.100421  -0.261664  0.462153  -0.557365  0.801164  -0.45708  0.317522  -0.174372  -2.7607  -1.02856  -1.52015  -0.401392  
-0.0877171  -0.117981  -0.602053  -1.20145  2.22888  0.350436  0.102796  -0.12328  0.377772  -1.72944  0.0335898  6.9892  0.430846  -43.8199  -0.524063  -0.236293  -34.9142  -0.861359  -0.110956  -0.85348  0.310574  0.592276  -1.87734  2.06733  0.499664  -0.0143621  -7.35973  -0.683983  -0.57053  0.104994  
0.0722884  -0.0859956  -0.496228  -0.580646  1.70622  0.442201  0.24206  -0.393385  1.23926  -2.10977  -0.0407967  1.21125  0.797272  -70.0425  -0.176945  0.309417  -39.7711  1.0248  0.00439126  -0.725359  0.103488  1.59697  -3.16307  4.25421  0.478946  0.079092  -9.58806  0.258876  0.308152  1.01178  
0.144024  -0.18129  -0.245315  0.0124519  -0.943187  0.385413  0.447203  -0.740249  1.30646  -1.74251  -0.130238  -3.74955  0.518191  -56.8905  0.424116  0.665045  -18.034  2.50398  0.292874  -0.307903  -0.0330414  2.3001  -2.75591  5.55921  0.225762  0.100756  -7.17417  0.548242  0.475902  1.06766  
0.0629151  -0.345784  -0.045674  0.259648  -4.96549  0.237356  0.527063  -0.438573  0.474181  -1.08693  -0.21372  -4.27615  -0.370741  -10.9943  0.880992  0.6157  8.34982  2.9108  0.422989  -0.237594  -0.217633  2.59188  -1.18422  5.65188  -0.131863  0.0397543  -1.67582  -0.310986  0.0172935  -0.262298  
-0.137386  -0.43796  -0.160949  0.174728  -7.92777  0.0606832  0.248032  0.379981  -0.534261  -0.68104  -0.336793  -1.82261  -1.19023  30.6732  0.833214  0.328784  16.8169  2.38346  0.220115  -0.534948  -0.54877  2.29737  1.06167  4.43858  -0.369454  -0.206227  3.13476  -1.55933  -0.404849  -2.03119  
-0.331374  -0.343532  -0.509204  -0.178182  -7.68878  -0.128193  -0.245189  0.809582  -0.995293  -0.630747  -0.45124  -0.526991  -1.22492  37.1446  0.294294  0.101393  6.31174  1.3837  -0.1907  -0.641707  -0.881593  1.18515  3.91049  2.18518  -0.389881  -0.710523  4.86547  -2.07231  -0.243932  -2.63335  
-0.375976  -0.0837909  -0.635845  -0.820361  -4.25977  -0.290553  -0.413885  0.287599  -0.889993  -0.599931  -0.348318  -1.82594  -0.418761  7.05901  -0.329706  0.0598866  -6.33568  0.149634  -0.565569  -0.190218  -0.953559  -0.705183  7.09471  -0.42309  -0.328327  -1.28438  4.48973  -1.40896  0.427418  -1.39127  
-0.224916  0.183085  -0.222182  -1.6576  0.0647568  -0.341433  0.121662  -0.642829  -0.73121  -0.298324  0.111099  -3.50635  0.527805  -34.9546  -0.577724  0.115417  -8.31353  -1.22939  -0.787365  0.501306  -0.679596  -2.72051  9.31374  -2.4825  -0.414412  -1.49953  4.86708  0.0089719  1.06996  0.762002  
0.0106797  0.281324  0.471433  -2.25923  2.44297  -0.261036  1.00611  -0.921784  -0.835297  0.143287  0.711612  -3.56059  0.84275  -59.0604  -0.317268  0.11871  -2.94828  -2.39689  -0.902677  0.816086  -0.237761  -3.83603  8.66282  -3.17259  -0.721141  -1.09408  7.42205  1.4912  1.23247  2.06983  
0.138093  0.160964  0.818587  -2.06656  1.73862  -0.179822  1.32822  -0.206031  -0.974622  0.402986  1.00726  -3.02399  0.383703  -48.3381  0.181263  0.00385377  -0.501773  -2.74517  -0.953051  0.544185  0.121765  -3.54226  4.45636  -2.16116  -1.03369  -0.340472  10.3239  2.47476  0.905158  1.46464  
0.0535203  -0.0563931  0.496957  -0.861925  -0.639585  -0.259108  0.537512  0.769408  -0.795084  0.452721  0.778043  -3.14037  -0.278255  -10.7358  0.508071  -0.185733  -3.483  -2.03495  -0.913192  0.0694289  0.272484  -2.55911  -1.40235  -0.0626615  -1.01855  0.114905  10.0011  2.56401  0.377502  -0.541314  
-0.154683  -0.190855  -0.178829  0.908747  -2.10116  -0.462868  -0.849852  1.09384  -0.318908  0.593637  0.266293  -2.35794  -0.493397  23.4223  0.445856  -0.354081  -5.84837  -0.81379  -0.823124  -0.112503  0.227611  -2.29813  -5.31991  1.52095  -0.490667  -0.087558  4.67797  1.61394  -0.109581  -2.24575  
-0.289828  -0.157775  -0.637542  2.36465  -1.28795  -0.540842  -1.61882  0.631263  0.0907468  0.971103  -0.131553  1.64927  -0.17658  20.5647  0.115375  -0.413762  -4.46431  0.0420585  -0.857781  0.0661421  0.0580054  -3.28537  -4.90232  1.01789  0.401714  -0.57954  -3.35833  0.0232353  -0.506899  -2.12838  
-0.245878  -0.0329965  -0.670597  2.77  0.742556  -0.300003  -1.04127  -0.0426869  0.170784  1.27764  -0.326552  7.19717  0.15863  -22.2015  -0.140655  -0.33617  -4.45003  0.153234  -1.11161  0.222165  -0.143622  -4.28082  -1.12927  -1.54038  1.19393  -0.603692  -9.25721  -1.28304  -0.831023  -0.116976  
-0.106227  0.0214845  -0.557339  2.072  1.74048  0.145862  0.399295  -0.423915  0.0301874  1.13897  -0.541573  8.52862  -0.0074586  -65.8896  -0.0481232  -0.181207  -10.4345  -0.116853  -1.38037  -0.0418494  -0.277041  -3.48468  2.62991  -3.93336  1.34656  0.128325  -9.78017  -1.49316  -1.0029  2.26563  
-0.0411546  -0.089652  -0.617412  0.879788  0.623204  0.462312  1.52309  -0.471419  -0.0546045  0.650274  -0.885794  2.77299  -0.62315  -65.2315  0.344464  -0.0691918  -17.2929  -0.207198  -1.33464  -0.726051  -0.31158  -0.721491  3.88672  -3.49588  0.611083  0.988246  -6.15569  -0.643252  -0.914149  3.10054  
-0.120732  -0.320066  -0.789873  -0.0990672  -1.49621  0.435009  1.6326  -0.307153  0.0591995  0.276162  -1.07936  -5.31905  -1.11987  -21.0086  0.656322  -0.0711981  -14.8036  0.0304873  -0.963955  -1.42302  -0.343074  1.93695  3.12648  0.0521814  -0.641518  0.987738  -2.63984  0.376637  -0.604751  1.73757  
-0.249426  -0.526103  -0.73616  -0.571571  -2.62182  0.171249  1.03649  0.0708283  0.304755  0.208822  -0.736813  -7.34985  -1.02294  13.5161  0.497207  -0.122209  -1.17459  0.334809  -0.673401  -1.68685  -0.484105  2.19987  2.59188  3.78516  -1.56434  -0.164358  -2.14863  0.647969  -0.300786  -0.529614  
-0.286567  -0.584257  -0.282014  -0.811437  -1.94074  -0.0556402  0.472459  0.543951  0.483199  0.10375  0.139811  -0.877291  -0.460313  -10.2293  -0.108237  -0.0782104  12.7674  0.443393  -0.798609  -1.41615  -0.670385  0.0232244  3.32403  4.19463  -1.46128  -1.63215  -3.66008  -0.0150003  -0.241613  -1.55948  
-0.200029  -0.475093  0.369814  -1.2156  -0.375048  -0.0978105  0.237697  0.649272  0.348439  -0.410009  1.05708  7.80839  0.0287175  -79.5508  -0.651606  0.105569  15.4706  0.240171  -1.12363  -0.880968  -0.668692  -2.31822  4.0257  0.74281  -0.46215  -2.21239  -4.18417  -1.03338  -0.469424  -0.389467  
-0.0908906  -0.310879  0.831391  -1.87958  0.730606  -0.0270501  0.0640293  -0.00138565  -0.223912  -1.12282  1.44798  10.7496  0.0977232  -135.939  -0.614468  0.306389  8.00584  -0.321374  -1.08366  -0.368795  -0.360566  -2.618  2.88304  -3.48635  0.499419  -1.52576  -2.6796  -1.6553  -0.791308  1.8255  
-0.072447  -0.272086  0.864844  -2.43996  1.03767  0.018802  -0.290464  -1.06431  -1.01316  -1.43796  1.14354  6.89682  -0.0644281  -139.622  -0.0402092  0.369831  1.25899  -1.15746  -0.459261  0.130096  0.0518554  -0.821608  -0.0585736  -4.81058  0.566  -0.374178  -1.16899  -1.51265  -0.955684  2.94921  
-0.15046  -0.470202  0.514117  -2.44289  1.24817  -0.0014165  -0.637086  -1.57288  -1.43404  -1.12457  0.451323  2.00668  -0.0757031  -105.292  0.467388  0.297035  1.04262  -1.84643  0.350355  0.758924  0.236523  1.30163  -2.79745  -2.28065  -0.201737  0.149836  -1.98424  -0.709636  -0.843346  1.94365  
-0.223545  -0.785756  0.0117811  -1.74479  1.9506  -0.0438514  -0.656951  -0.957676  -1.01382  -0.61431  -0.165894  0.93876  0.140882  -66.5489  0.389084  0.233355  0.450481  -1.76013  0.84681  1.34317  0.125371  2.04018  -3.43701  2.02689  -0.89608  -0.189892  -4.66347  0.372928  -0.518796  -0.246793  
-0.19405  -0.878191  -0.378516  -0.701423  2.79957  -0.0784829  -0.408908  0.171935  0.0106806  -0.43951  -0.437491  2.34359  0.299718  -36.1433  -0.130049  0.268315  -9.92847  -0.689678  1.01834  1.34122  -0.0118003  1.02892  -1.79782  5.3998  -0.745131  -0.632158  -6.10493  1.28869  -0.120762  -1.82229  
-0.0658087  -0.450267  -0.501362  0.0745002  2.80746  -0.113391  -0.296333  0.601608  0.742941  -0.583716  -0.389423  1.12791  0.185097  -15.4125  -0.449515  0.314714  -27.2869  0.715677  1.19  0.45436  0.0627037  -0.862705  0.928923  6.51986  0.0622918  -0.368053  -3.77499  1.61561  0.246544  -1.89598  
0.0626611  0.406403  -0.405796  0.19604  1.3031  -0.146095  -0.527897  -0.08637  0.476196  -0.595615  -0.224081  -4.44577  -0.0843298  -30.5732  -0.163496  0.226887  -36.9215  1.38827  1.39191  -0.794172  0.231479  -2.28306  3.6515  5.53968  0.659358  0.541577  1.61171  1.12609  0.511161  -1.00722  
0.0941513  1.18468  -0.303407  -0.23235  -1.35708  -0.151162  -0.829559  -0.98215  -0.523341  -0.24118  -0.129022  -10.3342  -0.260658  -114.283  0.449202  0.00772879  -28.5185  0.864049  1.22726  -1.35726  0.20168  -2.19163  5.96662  3.29439  0.474314  1.28823  6.42775  -0.0627397  0.567529  -0.171121  
0.0136803  1.37263  -0.377531  -0.727147  -3.84621  -0.138455  -0.823179  -0.924454  -1.264  0.207151  -0.14743  -11.4734  -0.28838  -243.061  0.748062  -0.16928  -8.56549  -0.28158  0.46611  -0.736254  -0.0503073  -0.638954  7.66755  0.982452  -0.222955  1.25045  7.20701  -1.45029  0.284436  0.120673  
-0.115302  0.928841  -0.576606  -0.96204  -4.64388  -0.170487  -0.530534  0.0632227  -1.08657  0.381196  -0.161815  -8.22634  -0.235623  -318.812  0.425756  -0.154262  6.00179  -1.09972  -0.476448  0.398735  -0.20854  1.01168  8.31546  -0.306083  -0.77718  0.631572  3.69651  -2.4415  -0.35847  -0.0129727  
-0.225703  0.280723  -0.664908  -1.00157  -3.15507  -0.282528  -0.323952  0.763267  -0.31073  0.278386  -0.0207112  -5.87493  -0.0455398  -250.535  -0.235586  0.00144871  5.19534  -1.25218  -0.94612  0.871079  -0.055422  1.06636  7.43713  -0.64276  -0.931448  0.137943  -0.879908  -2.69665  -1.15525  -0.323673  
-0.297844  -0.158295  -0.501567  -1.03678  -0.305719  -0.399619  -0.396809  0.246023  0.230023  0.161266  0.288336  -7.38283  0.381827  -47.6347  -0.732275  0.101186  -5.06  -1.15842  -0.844258  0.308604  0.188005  -0.848462  4.85623  -1.74801  -0.91255  0.173323  -2.70399  -2.27809  -1.72167  -0.597031  
-0.340684  -0.372354  -0.247875  -0.841957  2.02546  -0.398987  -0.496415  -0.95448  0.14522  0.159989  0.581209  -8.28033  0.830495  181.187  -0.822869  0.0278496  -11.2589  -1.266  -0.754251  -0.459352  0.127869  -3.22693  0.715783  -5.16048  -0.89367  0.486609  -0.849624  -1.45431  -1.72416  -0.497688  
-0.351108  -0.611399  -0.194376  0.0491991  2.45899  -0.26471  -0.304219  -1.47241  -0.189442  0.181268  0.614387  -1.71385  0.791922  327.42  -0.602835  -0.121039  -7.07653  -1.47796  -1.20075  -0.463871  -0.2538  -4.18064  -4.3975  -9.63303  -0.667676  0.606917  1.897  -0.476663  -1.12517  0.257835  
-0.31689  -0.950468  -0.398806  1.51724  1.17724  -0.151119  0.0556898  -0.819999  -0.222623  0.202482  0.313734  11.325  0.0967026  357.567  -0.224352  -0.153939  1.53123  -1.3997  -1.99908  0.144257  -0.507098  -3.3852  -9.00292  -11.1067  -0.0318782  0.45579  1.89289  0.469101  -0.223697  1.38064  
-0.254694  -1.13165  -0.602072  2.57259  -0.418218  -0.250767  0.0975757  0.00835261  0.105787  0.386695  -0.148278  20.859  -0.673192  303.481  0.279783  -0.0222805  4.95368  -0.956281  -2.48678  0.238539  -0.235718  -2.14744  -10.9722  -6.49753  0.711144  0.390738  -1.66891  1.23135  0.532044  1.97194  
-0.208245  -0.89862  -0.565973  2.44615  -1.05944  -0.586373  -0.401629  -0.124277  0.469763  0.767754  -0.487049  20.0879  -0.72684  223.18  0.847568  0.0949433  1.91966  -0.497311  -2.29639  -0.822334  0.419508  -1.626  -9.14058  2.41252  0.961868  0.663629  -6.10906  1.78101  0.835409  1.36272  
-0.197782  -0.365672  -0.42454  1.89379  -0.57761  -0.962549  -1.0162  -0.911506  0.713976  0.990256  -0.541855  16.5178  -0.0592497  177.414  1.22372  -0.0492519  1.51031  -0.304002  -1.70533  -2.17016  0.925704  -1.43587  -4.79101  9.71111  0.505509  0.999863  -8.09095  2.32422  0.686663  -0.0293175  
-0.19246  0.0567485  -0.533586  2.52387  0.299406  -1.12859  -1.07539  -0.92585  1.00042  0.607285  -0.364226  24.5535  0.465898  208.745  1.12581  -0.509178  12.3585  -0.251103  -1.23499  -2.23357  0.915981  -0.427795  -0.956008  10.449  -0.186664  0.87396  -6.74479  3.07196  0.320893  -1.00515  
-0.154545  0.0970944  -0.965259  4.60454  0.812385  -0.983519  -0.427751  0.457898  1.39571  -0.306344  -0.130752  45.0057  0.16943  294.21  0.578039  -1.02469  30.3003  -0.109868  -1.08283  -0.601882  0.496284  1.48817  0.35221  5.07691  -0.516935  0.182068  -3.91085  3.79317  -0.00980551  -0.858989  
-0.0941074  -0.110249  -1.28429  5.94868  0.757633  -0.622677  0.329612  1.98475  1.53581  -1.00282  0.02306  56.9288  -0.540775  332.852  -0.00505048  -1.16224  38.7836  0.0301504  -1.02484  1.29801  0.0394139  2.86701  -0.0273505  -1.27146  -0.433919  -0.507278  -1.82081  3.72399  -0.185183  -0.0968537  
-0.0567849  -0.234516  -0.972242  3.98733  0.363802  -0.210983  0.470901  1.83332  0.935131  -0.730098  0.0700912  36.999  -0.688444  224.38  -0.182074  -0.651465  23.5358  -0.153593  -0.77049  1.64712  -0.193756  2.18351  0.207121  -3.73888  -0.34013  -0.512033  -1.23584  2.21052  -0.226245  0.235976  
-0.0579561  -0.159786  -0.0422109  -1.17656  -0.1192  0.173694  -0.0691555  -0.169904  -0.353204  0.45285  0.0564133  -12.9499  -0.0143517  -18.8883  0.0655572  0.361556  -12.0815  -0.717198  -0.290172  0.273865  -0.220987  -0.403619  1.87258  -2.07839  -0.471545  0.194335  -1.61902  -0.491937  -0.20359  -0.168172  
