2.5491  2.71916  2.76844  3.08598  1.53137  2.2167  1.94341  2.52104  2.16682  4.90565  -0.397724  2.80261  1.35051  1.97302  2.70585  2.07543  3.24375  2.80875  2.54606  0.467657  2.90857  6.28474  3.64825  1.94842  2.38896  3.79683  1.33815  3.1585  2.24275  2.05548  
-1.49183  -2.87601  -0.826826  -1.54148  1.51172  -1.96561  -0.117538  -2.56637  -1.09467  -2.94506  -1.89448  -1.79807  0.139047  -0.182435  -1.10487  -1.48083  -0.343462  -0.973443  -2.07427  0.73233  -1.37381  -2.39076  -0.216493  -2.64935  -2.05462  0.0503139  -14.6936  -2.24823  -2.54847  -1.94638  
-4.70544  -6.45342  -4.05788  -4.20775  -0.519121  -5.18512  -2.9315  -5.99798  -3.89384  -7.68898  -3.69223  -4.77384  -2.68249  -3.00497  -4.53554  -4.50884  -3.33384  -4.31024  -5.37543  -2.23457  -4.69523  -8.88014  -4.14499  -6.00009  -5.14353  -3.78222  -22.6205  -5.29741  -5.80119  -5.22369  
-6.36279  -7.15011  -6.25444  -4.47705  -4.08584  -6.62081  -5.9333  -6.92081  -5.69974  -8.04348  -5.4853  -5.76949  -6.48987  -5.89487  -6.62693  -6.40544  -5.26637  -6.42247  -6.75959  -7.69865  -6.28845  -11.5893  -7.08151  -7.19805  -6.30162  -6.80537  -18.8405  -5.57302  -6.73523  -6.97855  
-6.2198  -5.683  -6.7574  -3.54694  -6.6444  -6.06755  -7.60376  -5.9181  -6.18628  -5.37753  -6.38119  -5.61757  -8.75664  -7.37748  -6.48044  -6.72068  -5.95627  -6.66226  -6.45056  -11.5813  -6.01785  -9.91884  -7.54917  -6.21011  -5.90632  -7.6196  -6.92716  -4.56235  -5.72033  -6.70266  
-4.8045  -3.70892  -5.54906  -2.94156  -6.35182  -4.25665  -6.98376  -4.53368  -5.48423  -2.60501  -5.72138  -5.15696  -7.57075  -6.66814  -4.44919  -5.50085  -5.55805  -5.26871  -5.02387  -10.625  -4.60411  -4.59576  -5.45597  -4.05011  -4.79561  -5.77067  4.27861  -3.86562  -3.95818  -4.70367  
-3.12058  -2.57205  -3.451  -3.20927  -3.99144  -2.42673  -4.72957  -3.70604  -4.0905  -1.76899  -4.06753  -4.42279  -3.72058  -4.55735  -2.22244  -3.38046  -4.47353  -3.35712  -3.03375  -5.24862  -3.14999  1.93251  -2.67886  -2.08964  -3.56036  -2.48364  7.51101  -3.76081  -2.60933  -2.11273  
-1.90074  -2.3981  -1.57513  -3.77813  -1.89713  -1.37863  -2.72149  -2.90241  -2.4754  -2.44065  -3.04806  -3.03808  -0.0874539  -2.6005  -1.32821  -1.24853  -3.10592  -1.96685  -1.00811  1.38504  -2.2658  6.171  -1.4528  -1.03336  -2.2203  0.272448  3.32343  -3.46433  -2.00263  -0.15923  
-1.16084  -2.28167  -0.554466  -3.81629  -1.27822  -0.989433  -2.77582  -1.26922  -0.906113  -2.68096  -3.76374  -1.10784  1.03717  -1.59658  -1.57748  0.271506  -1.65573  -1.227  0.480874  6.16084  -1.71186  5.77211  -2.23361  -0.615597  -0.605447  1.44189  -0.960719  -2.36001  -1.6116  0.660427  
-0.496376  -1.38272  -0.254149  -3.02072  -1.09597  -0.661152  -5.32329  0.693044  0.379253  -1.52014  -5.21345  0.609651  -0.106409  -1.09595  -1.32925  1.0972  -0.197162  -0.573611  1.07096  7.53167  -0.941023  1.74379  -3.45095  -0.284013  1.07203  1.44991  0.413125  -0.673693  -0.817147  0.742006  
0.297265  0.156151  -0.14497  -1.67267  0.315366  -0.0978798  -8.87232  1.5077  1.12568  -0.137908  -4.8763  1.40222  -1.43396  -0.292661  0.567825  1.52589  1.11908  0.343979  0.94258  5.37633  0.13765  -2.17177  -3.33541  0.134991  2.16509  1.23641  4.76692  0.913868  0.341809  0.792949  
1.00086  1.36687  0.12392  -0.192469  2.93882  0.478555  -10.7488  0.811429  1.30036  -0.293816  -1.36908  1.27736  -1.3543  0.866427  3.31618  1.78771  2.00711  1.20984  0.695206  0.834657  1.07478  -3.07875  -1.66369  0.541288  2.11887  1.10841  3.87456  1.94367  1.21759  1.15259  
1.30111  1.48792  0.449111  1.11467  4.81985  0.754567  -9.12082  0.0266867  1.29673  -1.96968  3.56547  0.848879  -0.143964  1.63535  4.8867  1.77518  2.33236  1.49257  0.744083  -3.6699  1.46878  -1.64308  0.432852  0.998262  1.04873  0.696524  -5.9428  2.34648  1.30651  1.63287  
1.17251  0.7331  0.513363  2.02349  4.18942  0.718039  -4.7315  0.369273  1.58632  -3.15831  6.32504  0.70566  0.90383  1.36128  4.12586  1.24624  2.31176  1.11412  0.917436  -5.57076  1.41863  -0.627202  1.98456  1.61309  -0.305572  -0.203501  -17.9444  2.17785  0.812341  1.85432  
0.866589  0.00787698  0.220783  2.36659  1.54063  0.571363  -0.465652  1.01093  2.1016  -2.07899  4.99004  0.957869  1.2515  0.209097  1.94533  0.294186  2.21393  0.502514  0.795015  -4.30042  1.32256  -0.805906  3.0099  2.01037  -1.21957  -1.15996  -20.7496  1.47887  0.382979  1.61858  
0.623894  -0.0483701  -0.139347  2.19789  -0.694023  0.440868  1.36941  0.21063  2.24011  0.801642  1.2154  1.33263  1.57882  -1.02825  0.332713  -0.499318  1.92453  0.083725  0.361273  -2.09936  1.379  0.246637  3.85977  1.41309  -1.47082  -1.55247  -10.23  0.432462  0.359622  1.03118  
0.495621  0.371301  -0.179445  1.83929  -0.55784  0.329926  1.3142  -2.10237  1.57346  3.29607  -1.66113  1.53101  2.55065  -1.69789  0.35789  -0.548123  1.04727  -0.0763925  0.108689  -1.88976  1.43818  4.5697  4.26304  -0.3985  -1.29417  -1.18443  5.57111  -0.52476  0.432279  0.426866  
0.421391  0.633578  0.16867  1.62906  1.48813  0.283283  2.0044  -3.97119  0.458467  3.73462  -2.08226  1.4754  3.58135  -1.72223  1.33845  0.0931889  -0.375209  -0.113095  0.38821  -4.1653  1.29209  9.76427  3.51948  -2.42141  -0.998402  -0.27467  14.0954  -0.918039  0.083592  0.217623  
0.372801  0.436045  0.595073  1.59965  3.16085  0.41535  5.07449  -3.77871  -0.263006  2.40111  -1.22819  1.31139  3.2123  -1.36152  1.87182  0.705587  -1.52202  -0.0418883  0.868073  -6.34671  0.950532  10.4376  1.52198  -3.12597  -0.703322  0.878196  10.2753  -0.598989  -0.704434  0.640965  
0.370388  0.0546764  0.784368  1.50356  2.77877  0.709189  9.11721  -1.99761  -0.190159  0.823317  -0.795668  1.24467  0.816308  -0.764557  1.3759  0.644241  -1.51368  0.24385  0.845696  -5.50691  0.589518  4.26804  -0.731799  -1.94072  -0.441451  1.86128  0.161052  0.126393  -1.29826  1.48881  
0.414796  -0.133092  0.755893  1.1148  0.954611  0.906432  10.9177  -0.184645  0.276101  0.172834  -0.802954  1.33781  -2.32994  0.0949944  0.478791  0.030006  -0.425371  0.716836  0.100368  -1.57878  0.339193  -4.4138  -1.90332  0.220659  -0.264383  1.91609  -6.93865  0.765017  -1.0104  2.12536  
0.451752  -0.134964  0.732293  0.429882  -0.220947  0.70394  8.42642  0.881101  0.511571  0.508645  -0.172885  1.43431  -3.92498  1.10019  0.057556  -0.449348  0.729806  1.12559  -0.795738  2.45698  0.20761  -8.46607  -1.56508  1.96124  -0.232994  0.333925  -8.04995  1.07399  0.164763  1.95537  
0.423361  -0.206881  0.740395  -0.382966  0.529162  0.0937148  2.51222  1.32917  0.410463  1.2156  1.24631  1.30455  -2.64469  1.85245  0.212634  -0.389377  1.1284  1.23908  -1.09902  3.40791  0.17059  -5.2293  -0.631268  2.70397  -0.362097  -2.52151  -7.40806  1.24633  1.46775  0.969495  
0.323237  -0.369653  0.493971  -1.14285  2.3134  -0.553297  -3.88339  1.15942  0.33892  1.62834  2.3106  0.921777  0.624154  1.99084  0.304521  -0.117312  1.00099  1.09095  -0.720571  0.724637  0.22478  1.00648  -0.552059  2.80485  -0.587998  -4.91901  -9.13209  1.57292  2.02717  -0.21976  
0.205508  -0.317695  -0.231167  -1.68741  3.02972  -0.779627  -7.83003  0.281007  0.461476  1.20573  2.26959  0.557486  3.54344  1.61384  -0.115819  -0.176836  1.13569  0.910866  -0.2581  -3.28126  0.348879  4.00002  -1.87592  2.68192  -0.796276  -5.03516  -11.6803  1.90602  1.59306  -0.95082  
0.152989  0.18394  -1.19525  -1.83151  1.47595  -0.431016  -8.01684  -0.553719  0.472276  -0.347615  1.92297  0.514663  4.29231  1.23973  -0.642183  -0.551426  1.74898  0.844799  -0.236315  -5.61546  0.489043  2.16184  -3.52136  2.27957  -0.800695  -2.58783  -10.6899  1.61808  0.660084  -1.09476  
0.205239  0.957381  -1.82108  -1.40884  -1.55253  0.203922  -5.10277  -0.0941376  0.0783428  -2.71268  2.50243  0.76747  2.86544  1.25445  -0.431332  -0.665648  2.16223  0.798352  -0.524592  -4.90812  0.592781  -0.622767  -3.60492  1.47802  -0.34509  1.00839  -5.77607  0.285501  -0.0795517  -1.04302  
0.316553  1.60634  -1.73198  -0.405116  -4.09391  0.641359  -1.06234  1.68612  -0.43795  -4.74262  3.83825  0.956877  0.758977  1.47951  0.78263  -0.131874  1.69724  0.585361  -0.598781  -2.1612  0.63786  0.023274  -1.29723  0.609329  0.671636  4.05702  -2.03554  -1.57722  -0.29853  -1.20168  
0.398074  1.90957  -1.08179  0.98972  -4.7419  0.625254  2.04712  3.11141  -0.384554  -5.09536  4.31076  0.812335  -0.454155  1.38946  2.28272  0.729805  0.61034  0.184212  -0.278247  0.341255  0.619093  4.31759  2.03151  0.209842  1.9026  5.81276  -4.12571  -2.7015  -0.0955856  -1.60356  
0.401144  1.8788  -0.350327  2.4025  -3.62272  0.325403  3.13463  2.69048  0.557881  -3.4592  2.71912  0.469491  -0.345772  0.678636  2.98209  1.22683  -0.106785  -0.205777  0.0435098  0.882195  0.537818  8.73324  3.84616  0.275479  2.6409  6.31357  -10.5385  -2.21568  0.287345  -1.96621  
0.355802  1.49744  0.1255  3.35852  -1.95698  0.125807  2.29939  0.948677  1.8723  -1.06392  -0.285685  0.273182  0.240898  -0.416173  2.39309  1.02992  0.212694  -0.354414  -0.0440777  -0.473525  0.428454  9.78336  2.87425  0.177139  2.41844  5.69687  -15.0304  -0.56344  0.657648  -1.95419  
0.324143  0.681646  0.373505  3.42675  -0.92112  0.229742  0.281784  -0.29749  2.60491  0.429322  -2.8276  0.289939  0.0703618  -1.36253  0.936029  0.43665  1.18747  -0.202753  -0.323366  -2.03491  0.372092  6.65645  0.441895  -0.516164  1.52757  4.26621  -13.0929  0.873327  0.839478  -1.33044  
0.329221  -0.387895  0.577401  2.49077  -0.855864  0.485171  -2.09495  -0.178148  2.24763  0.604945  -3.61506  0.185354  -1.32397  -1.78525  -0.584287  -0.0225139  1.80549  0.107407  -0.0883844  -2.03446  0.425939  0.972895  -0.905322  -1.30587  0.81141  2.78592  -5.82584  1.12349  0.682204  -0.052847  
0.336315  -1.11661  0.79563  0.960005  -1.23762  0.574117  -3.99682  0.517967  1.14517  0.602973  -2.9835  -0.325764  -3.11343  -1.68182  -1.64516  -0.0793868  1.41931  0.366583  1.00758  -0.291528  0.530349  -4.9196  -0.0944565  -1.20303  0.799837  1.87015  2.26222  0.497277  0.226731  1.56784  
0.301667  -0.961619  0.93507  -0.384487  -1.21097  0.34876  -4.72506  0.73418  0.103514  1.59471  -2.31318  -1.06291  -3.72792  -1.26918  -2.13845  0.154398  0.282648  0.451252  2.37566  1.70253  0.54092  -8.95784  1.50923  0.0997293  1.12761  0.950172  7.5568  0.0843692  -0.226401  2.86947  
0.232933  -0.0878993  0.984842  -0.935393  -0.252559  -0.011685  -4.24224  0.415771  -0.298441  3.22541  -2.66949  -1.49805  -2.26389  -0.744372  -2.17334  0.405175  -0.802322  0.389992  2.94555  2.35591  0.395321  -9.90069  1.87084  1.73409  1.0417  -1.39427  8.79138  0.497774  -0.382325  3.2693  
0.194562  0.677459  1.11539  -0.69699  1.41822  -0.15907  -3.46127  0.174583  -0.0611194  3.99981  -3.78485  -1.34196  0.463279  -0.212794  -1.94269  0.456913  -1.27967  0.316347  2.24067  1.55452  0.221497  -7.7342  0.605847  2.54177  0.398881  -5.44275  5.83385  1.30195  -0.259312  2.82434  
0.247363  0.718844  1.46427  -0.148934  2.91388  0.101567  -3.33634  0.385645  0.390744  3.19071  -4.19601  -0.823639  2.36969  0.246007  -1.6942  0.245311  -1.25946  0.332888  0.88939  0.480776  0.216664  -3.94071  -0.829826  2.28898  -0.120804  -9.12403  -0.973391  1.67027  -0.116566  2.2215  
0.375855  0.330137  1.85897  0.309407  3.28636  0.600644  -3.52003  0.938397  0.563301  1.88797  -2.48413  -0.38758  1.87096  0.554416  -1.52229  -0.0961851  -1.23357  0.40397  -0.0319919  0.00571498  0.410043  -0.644268  -1.00861  1.80155  0.136159  -9.60823  -9.85307  1.39148  -0.0812446  2.04541  
0.478178  0.322738  1.90467  0.690209  2.29383  0.891784  -2.3463  1.42396  0.190902  1.73831  1.24236  -0.174661  -0.606971  0.697679  -1.12377  -0.265002  -1.4046  0.395111  -0.0901375  -0.35076  0.598575  0.988772  0.0212482  1.83665  0.897852  -6.23718  -17.0987  1.04835  -0.026564  2.10776  
0.445116  0.914254  1.40462  1.18146  0.721532  0.604129  1.165  1.21678  -0.552802  2.8978  5.03692  0.0104495  -2.98309  0.731324  -0.0319792  -0.006471  -1.35268  0.245593  0.198904  -1.65274  0.554908  1.61555  1.22543  2.16946  1.30524  -1.40026  -18.7708  1.24198  0.130225  1.68956  
0.267569  1.23516  0.64569  1.69255  -0.20144  -0.202837  5.5401  -0.112068  -1.07191  3.78537  6.58568  0.343728  -3.41777  0.665264  1.60296  0.58183  -0.442433  0.0804382  0.146381  -3.81576  0.276817  2.78672  1.91755  1.96559  1.02646  1.71923  -13.4946  1.81945  0.209691  0.465439  
0.0630663  0.145028  0.170342  1.74972  0.128732  -0.997079  7.74051  -1.96937  -0.786717  3.04677  5.27515  0.707131  -1.81214  0.400006  2.69165  1.01352  1.37192  0.092493  -0.260063  -5.18755  -0.0122406  5.05244  2.14809  0.923596  0.657284  1.9894  -3.69059  1.98077  0.0482208  -1.01722  
-0.0225032  -2.46317  0.275826  0.797332  1.0864  -1.16651  6.17653  -2.72665  0.257408  1.30718  2.69845  0.885137  0.484305  -0.094484  2.12539  0.837678  3.21441  0.317594  -0.472702  -4.07837  -0.0995998  7.21533  2.04168  -0.321526  0.843703  0.759194  5.79668  1.11775  -0.159361  -1.89038  
0.0504098  -5.29943  0.784567  -1.25529  1.43366  -0.539276  2.40213  -1.34816  1.28177  0.467707  0.937386  0.866097  2.22332  -0.547703  0.127411  0.145225  3.86097  0.576308  -0.267812  -0.77789  0.0276692  7.588  1.47031  -0.977018  1.24666  -0.0915561  10.7627  -0.536901  -0.0890622  -1.8717  
0.187605  -6.63998  1.27242  -3.74959  0.631768  0.449779  -0.624986  1.07222  1.48494  1.35035  0.418387  0.850171  3.16825  -0.484347  -1.64698  -0.454357  2.78572  0.673632  -0.183672  2.25226  0.238407  5.94794  0.542489  -0.985766  0.865648  0.0438221  9.95569  -2.11256  0.160774  -1.4134  
0.271897  -5.65923  1.41902  -5.44427  -0.536901  1.12089  -1.63404  2.24535  0.918306  2.61015  -0.288505  0.942825  3.57182  0.286473  -1.68481  -0.449914  0.668088  0.618201  -0.862783  2.64174  0.440114  3.86255  -0.0479391  -0.866108  -0.627174  0.550628  5.30367  -2.85897  0.0896355  -1.00663  
0.280301  -2.85102  1.15139  -5.30588  -0.867696  1.09105  -1.94552  1.34617  0.423464  2.35034  -2.5199  0.974126  3.2818  1.31863  -0.184499  0.0191736  -1.07087  0.581141  -2.07531  0.548081  0.639116  3.0386  0.38864  -0.901592  -2.30154  0.74275  0.11526  -2.66162  -0.452791  -0.613642  
0.271723  0.590906  0.588791  -3.31066  -0.235423  0.496056  -3.2215  -0.048196  0.563891  0.562083  -5.67378  0.668735  1.84574  1.83803  1.25516  0.34673  -1.36324  0.643316  -2.73925  -1.41582  0.82823  3.46521  1.63157  -0.904897  -2.89289  0.533791  -2.87525  -1.89025  -0.815446  0.0647678  
0.274869  3.59876  -0.0455847  -0.601238  0.136284  -0.233766  -5.17421  -0.148916  0.856222  -0.592808  -7.56019  -0.0290556  -0.468828  1.46112  1.43551  0.218471  -0.30066  0.65362  -2.0469  -0.910014  0.894293  3.4361  2.63371  -0.844572  -2.16775  0.153014  -2.16674  -0.939035  -0.257631  0.916756  
0.241041  5.52861  -0.48923  1.43888  -0.809296  -0.737638  -5.99889  0.729069  0.370834  0.859197  -6.64367  -0.804157  -2.26667  0.520649  0.720443  0.0248973  0.995831  0.391077  -0.445681  1.60407  0.718368  1.35539  2.50065  -1.15009  -1.03675  -0.271278  2.82659  -0.0094706  0.955333  1.29837  
0.130362  6.08067  -0.576055  2.25051  -2.36739  -0.886059  -4.8157  0.906573  -0.906385  4.28521  -3.76806  -1.15472  -2.07595  -0.399985  0.279613  0.346747  1.34172  -0.138918  0.773309  3.57737  0.371641  -2.62551  1.26043  -2.03084  -0.42986  -0.601037  11.3113  0.785334  1.57786  0.688021  
0.0117845  5.2957  -0.366213  2.26848  -2.45218  -0.72932  -2.70635  -0.131053  -1.73864  6.68317  -1.46506  -0.740024  0.0589633  -1.08934  0.594386  1.12225  0.54035  -0.631549  0.872919  3.32296  0.133014  -6.64229  -0.322023  -2.70925  -0.367955  -0.382941  19.9765  1.35577  0.751062  -0.639294  
0.0215267  3.66934  -0.0941925  2.04193  0.170066  -0.412773  -1.25794  -1.12996  -0.982442  5.47379  -1.4627  0.332343  2.2621  -1.67785  1.10304  1.60466  -0.456381  -0.730019  0.478983  1.59699  0.23254  -8.65398  -1.42343  -2.00456  -0.174783  0.974872  23.7288  1.73543  -0.882051  -1.71506  
0.217431  2.01436  0.0428435  1.67563  4.24855  -0.113964  -0.71899  -1.07685  0.99313  1.02704  -2.85541  1.51995  2.36586  -2.04765  1.21489  1.25198  -0.45936  -0.353775  0.810238  -0.0209943  0.577009  -7.81582  -1.6072  0.160979  0.607886  3.47183  19.2624  2.09475  -1.72578  -1.70879  
0.498421  0.948816  0.0294644  1.21074  6.98556  0.0491188  -0.170397  -0.617908  2.55878  -3.56347  -2.90871  2.18843  -0.106966  -1.67404  1.06868  0.468203  0.716808  0.223781  2.18448  -1.52256  0.798323  -4.94999  -0.957655  2.25917  1.75125  6.01723  8.44318  2.48865  -0.898512  -0.655314  
0.688044  0.459007  -0.0615238  1.17806  6.66255  0.101628  0.858662  -0.836367  2.50713  -5.23086  0.167721  2.06376  -3.42044  -0.305798  1.10323  0.181391  1.9567  0.627105  3.46689  -4.14769  0.631316  -1.94099  -0.0631301  2.67712  2.60407  7.08175  -2.64552  2.65039  0.88311  0.614478  
0.681816  0.0377156  -0.201533  2.07149  4.0494  0.165517  1.70214  -1.44469  1.17408  -3.60194  5.15214  1.38616  -5.19985  1.3633  1.22324  0.73253  1.88153  0.699614  3.13086  -7.64148  0.21668  -0.548856  0.314933  1.60561  2.58481  6.06956  -8.62684  2.18657  2.1109  1.23175  
0.506722  -0.701307  -0.395377  3.26305  1.21623  0.278303  1.59844  -1.27226  -0.188415  -1.12707  8.67223  0.622816  -4.55172  2.11642  0.927067  1.47255  0.256206  0.592994  0.832927  -9.10429  -0.0402237  -0.895811  -0.0519515  0.920747  1.59736  3.95386  -8.89687  1.03802  1.97655  1.01146  
0.26344  -1.55763  -0.551414  3.10262  -0.663502  0.295531  0.923143  -0.190611  -0.777921  -0.628889  8.32377  0.0536849  -2.6176  1.42869  0.195358  1.5667  -1.70393  0.559146  -2.07243  -5.71255  0.0724414  -0.980366  -0.505711  1.97728  0.142975  2.22428  -6.98535  -0.285542  0.954612  0.496675  
0.0421086  -1.91815  -0.493186  0.653468  -2.00024  0.0429149  0.691992  0.591438  -0.756882  -2.56946  4.91114  -0.309944  -1.07216  0.0892137  -0.291062  0.972734  -2.52255  0.674689  -3.60225  1.47066  0.319694  1.73162  -0.120348  3.94157  -0.872161  1.18975  -6.86515  -1.03276  0.0879044  0.377046  
-0.106758  -1.39776  -0.133192  -2.87855  -3.54691  -0.427418  1.22664  0.398811  -0.616763  -4.66529  1.4742  -0.447359  -0.295722  -0.592658  -0.0953449  0.373831  -1.87077  0.772683  -2.76867  7.57059  0.290548  7.3495  1.14178  4.6553  -0.763227  -0.261792  -10.0034  -0.814924  -0.0487889  0.862287  
-0.162141  -0.287571  0.3825  -5.04168  -5.07187  -0.797419  1.74133  0.195952  -0.48028  -4.22109  0.114429  -0.217786  0.716696  -0.121927  0.192434  0.241467  -0.725271  0.633098  -0.360702  8.38333  -0.101391  12.3161  2.1764  3.03629  0.224263  -2.94694  -14.7379  0.0884805  0.340214  1.56813  
-0.123208  0.663006  0.769086  -4.50269  -5.59767  -0.754295  1.50161  1.10637  -0.183229  -0.954304  0.0306024  0.370113  2.6985  0.791133  -0.386854  0.300653  -0.15716  0.233985  1.75486  4.56366  -0.476284  11.9387  1.82254  0.188488  1.01547  -5.87293  -17.5425  0.991908  0.741314  1.94845  
-0.0135008  0.90678  0.831658  -2.12378  -4.68423  -0.282874  0.784902  2.44829  0.237254  2.61748  -1.10404  0.855972  4.8749  1.11471  -1.78256  0.0300464  -0.202853  -0.201226  2.16158  0.733226  -0.397139  5.14032  0.0835358  -1.87251  0.705708  -7.07533  -15.3272  1.35567  0.889961  1.76969  
0.121519  0.544787  0.608988  0.278461  -3.02065  0.323751  0.295145  2.35802  0.413128  3.65894  -4.0203  0.637171  5.71878  0.612661  -2.66921  -0.577304  -0.0551626  -0.400791  0.980621  0.516573  0.127071  -3.40346  -1.91007  -2.18231  -0.452667  -5.92147  -8.40648  1.15911  0.876088  1.16402  
0.226399  0.105038  0.307881  1.77058  -1.64691  0.724783  -0.143139  0.328364  0.0402098  1.81121  -6.57896  -0.341197  4.78924  0.00179931  -1.88119  -1.01742  0.790976  -0.290322  -0.409358  3.0831  0.619489  -6.8602  -3.02655  -1.25685  -1.26356  -3.94058  -1.29534  0.820463  0.845869  0.303329  
0.26059  -0.0687918  0.169628  2.5293  -0.853068  0.797207  -1.70737  -1.85722  -0.694608  -0.673608  -5.91096  -1.31581  3.27471  0.123789  0.153066  -0.955411  1.86168  -0.0304694  -0.718557  4.79843  0.622639  -3.0249  -2.92142  0.0110597  -0.885417  -2.95179  0.736569  0.777024  0.754885  -0.795388  
0.229275  -0.151146  0.30935  2.80957  -0.0666866  0.683676  -5.01151  -2.15769  -1.1701  -1.49613  -1.72296  -1.40283  2.47911  1.05682  1.77099  -0.594495  2.26026  0.162424  0.115369  3.75917  0.152361  2.66607  -1.85906  1.26561  0.350998  -2.793  -2.55625  1.08916  0.483515  -2.05172  
0.195208  -0.480492  0.623456  2.37327  1.26327  0.636937  -8.72945  -0.600874  -0.803138  -0.664529  2.97318  -0.554063  2.25848  1.99954  1.85116  -0.285426  1.72762  0.202232  1.09693  1.73841  -0.363504  1.99581  -0.236363  2.39162  1.41054  -1.63811  -4.74929  1.39757  0.117671  -3.04497  
0.233384  -0.955981  0.860167  1.13666  2.88276  0.798845  -10.2183  1.07435  0.419735  -0.0837788  4.58685  0.352678  1.3848  1.9469  0.892223  -0.0152228  0.952725  0.131823  1.34236  1.38609  -0.544572  -7.23874  1.41401  2.89346  1.71117  1.45051  1.18953  1.22746  -0.0280936  -3.18723  
0.342953  -0.939971  0.818148  -0.296674  3.91125  1.0767  -7.79039  1.60023  1.83033  -1.12087  2.2557  0.482335  -0.647661  0.562934  0.265059  0.455229  0.768456  0.00685834  0.942215  2.52643  -0.394514  -17.9774  2.40441  2.14954  1.50788  4.97425  14.4407  0.374563  0.220292  -2.29867  
0.41878  0.0686014  0.505237  -1.06905  3.6875  1.19641  -2.39492  1.22069  2.5931  -3.00819  -1.69364  -0.025  -2.86116  -1.4938  0.701898  1.08091  1.21393  -0.146474  0.599325  2.35313  -0.194084  -20.5451  2.46789  0.360827  1.25471  6.48148  25.2914  -0.938669  0.596315  -0.902033  
0.348073  1.68484  0.100125  -0.987441  2.37964  0.919419  2.98876  0.710197  2.40093  -3.72384  -4.36128  -0.263806  -3.94975  -3.05631  1.7166  1.43221  1.52178  -0.2473  0.642994  -0.556854  -0.143592  -12.8597  2.36726  -1.2501  1.04843  5.27437  24.0623  -2.19779  0.622232  0.228107  
0.148249  2.73023  -0.241952  -0.576069  0.812002  0.266128  5.74152  0.277123  1.66452  -2.112  -4.92492  0.327661  -3.75687  -3.34882  2.32783  1.19149  1.06768  -0.141804  0.666797  -3.70104  -0.171423  -2.65317  3.31951  -1.49319  0.781042  2.96437  11.1543  -2.90048  0.183366  0.820774  
-0.0326397  2.24495  -0.51013  -0.427863  -0.23018  -0.466354  5.56201  -0.206145  0.906066  1.07597  -4.61226  1.26632  -3.14234  -2.49774  1.99369  0.546462  0.10474  0.242305  0.177247  -3.25534  -0.0778368  1.17589  5.454  -0.434066  0.585139  1.31439  -2.7217  -2.84431  -0.284845  1.30275  
-0.0696668  0.464052  -0.767786  -0.654052  -0.535266  -0.928477  4.20731  -0.564936  0.0948287  3.9867  -4.50305  1.63476  -2.62648  -1.17164  0.913024  -0.0405246  -0.508577  0.732419  -0.699148  1.14056  0.201599  -1.44249  7.12793  0.627445  0.724564  0.285952  -6.61985  -2.19863  -0.296022  2.15739  
0.00445373  -1.31755  -0.965552  -0.977594  -0.470702  -0.993973  3.49774  -0.552187  -1.11053  5.15121  -4.03534  1.21275  -1.85964  0.193951  -0.252937  -0.361452  -0.311321  1.00226  -1.34588  5.59415  0.512736  -2.18393  6.32051  0.401169  1.04734  -1.23799  0.770161  -1.27651  0.0897829  3.19509  
0.0596007  -1.93763  -0.903439  -1.07895  -0.546148  -0.822558  3.72543  -0.471666  -2.48658  4.28148  -1.98873  0.8056  -0.419796  1.68389  -0.798064  -0.570301  0.229324  0.88966  -1.36554  6.39291  0.646068  5.09768  2.76887  -1.26262  1.02394  -3.21012  11.1994  -0.200385  0.363136  3.6648  
0.0450382  -1.41669  -0.39524  -0.734091  -0.989179  -0.654067  4.00267  -0.855912  -3.02041  2.1028  1.48547  1.24985  1.34711  3.39055  -0.410808  -0.819175  0.273771  0.576186  -0.916707  4.24859  0.549228  16.0013  -1.61202  -3.34627  0.424105  -3.91404  15.4408  1.12416  0.250549  3.12588  
0.0489033  -0.73149  0.502185  0.037068  -1.66946  -0.554018  3.76892  -1.49556  -1.91704  -0.205163  4.43066  2.33379  2.73521  4.86707  0.479302  -1.00587  -0.412486  0.376113  -0.386663  3.05841  0.357717  19.6589  -4.50048  -4.52706  -0.231144  -2.12779  10.5933  2.60339  0.0810096  2.04424  
0.165486  -0.598376  1.43991  0.859627  -2.3307  -0.366346  3.63081  -1.4461  0.286621  -1.54368  4.97586  2.90154  3.55307  5.31432  0.921793  -0.960336  -1.17292  0.363027  0.0292651  4.86124  0.230879  10.8436  -5.1895  -4.06111  -0.189325  0.794862  -0.03067  3.63653  0.3394  1.35849  
0.350249  -0.690181  1.97138  1.16172  -2.8055  0.0898857  4.33574  -0.355656  2.0154  -1.30358  3.30778  2.12611  4.12067  4.37706  0.270954  -0.731107  -1.22906  0.302042  0.298292  7.31376  0.18959  -3.80792  -4.66276  -2.15071  0.550815  1.90032  -11.3024  3.4995  1.00013  1.48229  
0.462123  -0.21268  1.86704  0.831576  -2.98113  0.782632  5.27981  0.761874  2.15071  0.342667  1.39574  0.46144  4.45641  2.5678  -1.0589  -0.501473  -0.519456  -0.0171931  0.336845  6.59396  0.12898  -12.5499  -4.02898  0.20211  1.15771  -0.166651  -18.8721  2.19614  1.51764  1.88351  
0.431742  0.899117  1.29915  0.481296  -2.64039  1.41879  4.62383  0.70459  1.01634  2.51617  0.783214  -0.833041  3.98623  0.804358  -1.9107  -0.268266  0.334131  -0.467779  0.084485  1.92191  -0.0243972  -10.3378  -3.40343  1.77052  0.875068  -3.5101  -18.9487  0.723603  1.47421  1.67494  
0.340541  1.7429  0.714466  0.795909  -1.50027  1.65241  1.45984  -0.209323  -0.189018  4.04125  1.04841  -1.00496  2.32254  -0.396025  -1.56406  0.218138  0.813536  -0.693491  -0.226062  -3.57032  -0.203348  -2.70497  -2.42866  1.87972  -0.103817  -4.92956  -9.61384  0.192001  1.04257  0.523228  
0.311587  1.5341  0.444979  1.50786  0.418828  1.3768  -2.41726  -0.373242  -0.710033  4.05392  0.597788  -0.486829  0.0288716  -1.15755  -0.520704  1.11346  1.02904  -0.507886  -0.153003  -6.23421  -0.269529  1.64186  -1.36353  0.859876  -0.826369  -3.34171  5.84125  0.642166  0.691369  -1.03406  
0.359307  0.670371  0.398214  1.38031  2.47244  0.825932  -3.74857  1.03873  -0.719253  2.48798  -1.31047  -0.225481  -1.7314  -1.75518  0.0730609  2.15865  1.3289  -0.0875612  0.443416  -5.36345  -0.174085  0.130065  -1.03354  -0.312739  -0.627059  -0.769672  18.4952  1.01598  0.581304  -2.04691  
0.377092  0.337491  0.143256  -0.527894  3.64072  0.360804  -1.26185  2.87826  -0.672415  0.124891  -3.78968  -0.610596  -2.31378  -2.09007  -0.301347  2.7971  1.66208  0.239003  1.0853  -3.21459  -0.020405  -2.55237  -1.662  -0.919895  0.265823  0.0924011  20.1899  0.415082  0.446791  -1.87819  
0.266288  1.0739  -0.606831  -3.61939  3.3215  0.142832  2.55081  3.3476  -0.585291  -1.8999  -5.39913  -1.20078  -2.11283  -1.78459  -1.00674  2.617  1.58446  0.327298  1.10781  -2.29546  0.0412714  -1.50859  -2.21114  -0.998046  1.01966  -1.19011  11.3228  -0.841608  0.0686934  -0.659307  
0.047552  2.03424  -1.56564  -5.93409  1.91551  0.0239034  3.74316  2.20789  -0.139088  -2.88563  -5.58125  -1.4054  -2.03053  -0.737603  -1.06666  1.67359  0.937886  0.291718  0.42965  -2.95247  -0.0396146  2.45806  -1.28318  -0.928558  1.03364  -2.59689  0.89194  -1.68721  -0.35119  0.766974  
-0.167403  1.93403  -2.04014  -5.75534  0.530837  -0.246012  1.0387  1.03325  0.681258  -2.98719  -4.79114  -1.13138  -2.56341  0.608594  -0.273277  0.414137  0.194698  0.299087  -0.232817  -3.34858  -0.19218  4.4546  1.3606  -0.709213  0.375168  -2.10368  -2.1996  -1.66296  -0.420889  1.37613  
-0.291012  0.52685  -1.56006  -2.98449  -0.0231388  -0.73307  -3.0204  1.27677  1.39209  -2.83827  -3.50812  -0.679985  -3.43318  1.61346  0.692657  -0.654893  -0.0983834  0.362348  -0.0836665  -1.60938  -0.318393  1.90012  4.40879  0.0749308  -0.463523  0.21594  2.74819  -1.37856  -0.066699  0.681041  
-0.32674  -1.13443  -0.345738  0.768854  0.100931  -1.23475  -5.1788  2.53675  1.49299  -2.74228  -1.63177  -0.267402  -3.86301  2.04304  1.14254  -1.31954  -0.0715588  0.355813  0.873053  1.85953  -0.363478  -2.51639  6.13594  1.49763  -1.00658  2.59803  9.05837  -1.46033  0.354749  -0.857555  
-0.319949  -1.87687  0.86701  3.49199  0.11903  -1.42661  -5.01255  3.04541  0.994541  -2.40032  0.984556  0.0731052  -3.16766  2.22807  1.11121  -1.74648  -0.414752  0.180423  1.77966  4.17994  -0.292482  -4.1979  5.86944  2.85272  -1.06882  3.59945  10.1225  -1.4739  0.48715  -2.1557  
-0.2638  -1.56875  1.45379  4.13507  -0.447805  -1.07239  -4.61611  1.73492  0.37511  -1.49761  3.67341  0.225388  -1.27844  2.64052  1.09306  -2.2084  -1.40366  -0.111884  1.80195  2.62792  -0.0682101  -1.97776  4.3685  3.21607  -0.686411  3.30525  4.45072  -0.383874  0.404132  -2.36493  
-0.088071  -0.965217  1.36076  3.18972  -1.26757  -0.178402  -5.12026  -0.540572  -0.0071358  -0.396876  5.01635  -0.00295281  1.07186  3.32311  1.21203  -2.63089  -2.27932  -0.357768  0.932554  -2.10991  0.283129  0.98201  2.96984  2.38612  -0.00847065  2.71799  -5.41246  1.9013  0.502138  -1.50465  
0.225807  -0.647312  0.994361  2.03072  -1.59525  0.925862  -4.93242  -1.96734  -0.283151  0.063616  3.95794  -0.501462  2.7017  3.76324  0.941601  -2.51673  -1.9636  -0.425079  -0.137769  -5.80536  0.602704  1.22108  2.41124  1.08249  0.692591  2.47779  -16.0282  3.91464  0.980298  -0.266868  
0.545438  -0.426913  0.728982  1.6886  -1.07508  1.68796  -2.06076  -1.74426  -0.838511  -0.410555  0.867437  -0.650184  2.86083  3.35168  -0.214712  -1.46037  -0.360294  -0.32069  -0.854971  -4.72716  0.676422  -1.12197  2.37639  0.19391  1.10857  2.45393  -23.8411  3.95248  1.51883  0.768882  
0.657423  0.153295  0.590062  2.04054  -0.0883352  1.68214  2.57115  -0.770421  -1.75276  -0.965551  -2.4915  0.132141  1.80389  1.96965  -1.89804  0.224591  1.34604  -0.169713  -1.30979  0.22144  0.43963  -2.85739  2.00996  0.0391368  1.08379  2.40523  -24.996  1.94366  1.51984  1.60788  
0.481779  1.01616  0.401331  2.09954  0.621512  1.00019  5.63258  -0.29725  -2.50513  -0.383622  -4.28507  1.6661  0.479255  0.169066  -3.00105  1.58404  1.85702  -0.0773534  -1.86287  4.30739  0.0795994  -1.51879  0.876806  0.316522  0.794067  2.46976  -17.2539  -0.33315  0.694245  2.47813  
0.192971  1.48157  0.136847  1.18568  0.602373  0.250645  5.27599  -0.325216  -2.40564  1.4655  -4.023  2.94751  -0.375661  -1.2564  -2.70094  1.89538  1.10818  -0.0129402  -2.44223  4.25243  -0.114511  2.1569  -0.537455  0.551439  0.612452  2.76052  -2.92709  -1.03213  -0.582955  3.16712  
0.0649061  0.997308  0.0090239  -0.290351  0.000906873  0.0317783  3.44228  0.211645  -1.28131  3.20858  -2.79097  3.01515  -0.673045  -1.87056  -1.34638  1.34314  0.195399  0.148382  -2.46948  1.89432  -0.0183275  5.34057  -1.24862  0.374251  0.678734  2.77949  11.3624  -0.0526237  -1.52889  2.97343  
0.187197  -0.19023  0.178595  -1.22241  -0.670071  0.37018  3.49444  1.73008  0.290371  3.25565  -1.93084  1.84456  -0.532566  -1.85864  -0.0729152  0.724012  0.0754135  0.447574  -1.51101  1.68268  0.225072  6.0305  -0.790969  -0.37183  0.743647  1.74195  18.8238  1.08199  -1.62118  1.49552  
0.375881  -1.17728  0.494426  -1.0236  -0.957925  0.75275  6.1211  3.05968  1.40839  1.48777  -1.45206  0.36993  0.174358  -1.70135  0.365982  0.519312  0.575952  0.733162  0.179251  5.02548  0.367579  4.39848  0.219991  -1.46056  0.480846  -0.422573  17.0275  0.983493  -1.02314  -0.610317  
0.396695  -1.23301  0.628614  -0.194091  -0.64701  0.73707  8.57971  2.61628  1.57544  -0.523305  0.037088  -0.369393  1.62343  -1.62502  0.292118  0.462607  0.797385  0.785224  1.85085  8.51948  0.289554  1.81989  0.626806  -2.18843  -0.0218644  -2.75056  9.08904  -0.24618  -0.349695  -1.9207  
0.230559  -0.509135  0.478216  0.319725  0.322524  0.411763  8.00228  0.339692  1.02844  -1.01833  3.52675  -0.123129  3.44411  -1.3603  0.537956  0.051495  0.29274  0.5586  2.85274  8.14043  0.0644498  -0.739248  -0.115318  -1.81954  -0.224348  -4.16514  1.55396  -1.42383  -0.0401809  -1.51173  
0.0639022  0.119632  0.28297  0.191703  1.83552  0.175234  4.53811  -2.03124  0.468798  0.295725  7.85872  0.446825  4.76293  -0.496234  1.32345  -0.710575  -0.444899  0.26049  2.94124  4.10539  -0.162687  -3.11802  -1.414  -0.347003  0.256764  -4.43896  0.154287  -1.67088  -0.000615576  0.014694  
0.0374341  -0.017259  0.280096  -0.101664  3.38511  0.179967  0.79428  -2.76222  0.46545  2.089  10.2097  0.431003  4.95803  0.929114  1.92988  -1.27517  -0.624942  0.147523  2.16019  0.357708  -0.311388  -5.17416  -2.25333  1.27933  1.16707  -3.98787  5.4998  -1.12961  0.140405  0.953399  
0.0804973  -0.597005  0.32013  -0.0835712  4.10474  0.181111  -1.14459  -1.82095  0.886659  2.80231  8.68583  -0.484508  4.20686  2.24579  1.60362  -1.19239  -0.100088  0.263299  0.738059  -0.357114  -0.384498  -6.06143  -2.27567  1.92997  1.76136  -3.01152  11.5091  -0.428967  0.523172  0.106337  
0.0247491  -0.545705  0.0263619  0.0469975  3.44116  -0.0670201  -1.35181  -0.5377  0.932655  2.03174  4.21377  -1.73384  3.12619  2.63795  0.564314  -0.612256  0.507234  0.404494  -0.832588  0.502917  -0.410964  -4.60435  -2.00114  1.29041  1.49383  -1.39033  9.82063  0.148217  0.88627  -2.00265  
-0.166846  0.82155  -0.664059  -0.281324  1.93607  -0.44646  -0.932057  0.0484931  -0.0587173  0.684731  -0.332103  -2.38761  1.96171  1.87784  -0.12899  -0.063047  0.530079  0.341548  -1.86728  -0.328148  -0.408884  -1.02428  -1.99177  0.0447044  0.456512  0.579671  -1.83694  0.747877  0.909608  -3.61657  
-0.341898  2.9086  -1.25302  -1.071  0.958534  -0.623207  -0.409855  0.0742324  -1.69163  -0.0347677  -2.70154  -1.98966  0.454144  0.561965  0.209558  0.144437  -0.0102346  0.0471199  -1.9595  -3.54387  -0.380138  2.054  -2.00559  -0.85914  -0.846092  1.9963  -15.6078  1.4197  0.606583  -3.45256  
-0.326436  4.19634  -1.15256  -1.4856  1.27869  -0.46786  0.174362  0.143767  -2.58346  0.343227  -2.80716  -1.00432  -1.51163  -0.399658  1.04821  0.162007  -0.407514  -0.274501  -1.35517  -6.41129  -0.3096  1.23357  -1.19507  -0.940732  -1.93389  2.29202  -19.9443  1.86122  0.279302  -1.84963  
-0.109852  3.58243  -0.35638  -0.623028  1.97169  -0.180553  0.36004  0.351482  -1.77532  1.31882  -2.05052  -0.357607  -3.37471  -0.560668  1.24422  0.303898  -0.0330465  -0.370459  -0.666241  -6.09237  -0.167309  -3.58785  0.902472  -0.260503  -2.5948  1.97911  -11.0952  1.73439  0.119986  -0.262243  
0.151997  1.3623  0.500829  1.31424  1.19927  0.00336776  -0.517366  0.316652  0.0235695  1.99414  -1.781  -0.531894  -4.29963  -0.218158  0.427881  0.628443  0.963751  -0.167505  -0.153564  -2.86855  0.0600294  -7.54101  3.56746  0.875117  -2.79346  1.87074  2.85753  1.04364  0.00912521  0.205448  
0.286634  -1.06533  0.802087  2.88892  -1.74106  0.0841113  -2.04763  -0.0641943  1.00377  1.79125  -2.58607  -1.0548  -4.04179  0.0105107  -0.552639  0.869631  1.72601  0.145831  0.484466  0.365672  0.326181  -5.05719  5.22266  2.03253  -2.6257  1.7691  10.2355  0.0291654  -0.236668  -0.334756  
0.235238  -2.37674  0.521056  2.51476  -5.38848  0.188946  -2.84732  -0.331283  0.3123  0.787331  -4.39167  -0.999673  -3.24393  -0.153167  -0.694794  0.744368  1.51201  0.27415  1.49068  1.22379  0.528752  3.14439  4.64654  2.69215  -2.31608  0.629639  6.99119  -1.15295  -0.541012  -0.972984  
0.0650573  -2.26047  0.0764211  -0.018063  -7.42195  0.288303  -2.33187  0.0277623  -0.841822  -0.405024  -6.48548  0.0684695  -2.75912  -0.428789  -0.0821661  0.300572  0.522695  0.0871594  2.38199  -0.144478  0.571596  8.99929  2.13527  2.47133  -2.00934  -1.73346  -1.24216  -2.40767  -0.64265  -1.00895  
-0.109333  -1.42136  -0.223775  -3.18748  -6.82054  0.179426  -1.9175  0.947856  -0.577313  -1.01319  -7.4306  1.57193  -2.80952  -0.40482  0.226235  -0.0712183  -0.210965  -0.246799  2.23775  -1.82225  0.444131  5.45346  -0.53582  1.44544  -1.5118  -3.7274  -6.66352  -3.40867  -0.496001  -0.499159  
-0.205769  -0.866948  -0.394662  -4.90688  -4.51696  -0.205404  -3.17791  1.79563  1.33289  -0.541026  -5.78411  2.4186  -2.83691  -0.0888907  -0.493519  -0.0099172  0.0797113  -0.426903  0.760854  -2.12565  0.238822  -4.34716  -1.47371  0.104462  -0.385327  -3.47916  -6.29482  -3.63906  -0.425225  -0.0129421  
-0.204502  -1.09577  -0.469509  -4.28473  -2.0809  -0.591929  -5.08782  1.939  3.02454  0.910417  -1.37248  1.97812  -2.10764  0.0494222  -1.75895  0.439309  0.962201  -0.331568  -1.14767  -0.602969  0.08407  -9.10971  -0.285994  -0.990106  1.42913  -0.972416  -1.64192  -2.8708  -0.746396  -0.0260525  
-0.132717  -1.74628  -0.269785  -2.27524  -0.282665  -0.597097  -4.20663  1.32886  2.67079  2.57851  4.16903  0.664117  -0.433376  -0.378162  -2.49902  0.825929  1.16177  -0.106803  -2.15693  2.31199  0.0413778  -2.12298  1.57482  -1.54764  3.20727  1.86631  5.14014  -1.4582  -1.26789  -0.545444  
-0.0276951  -1.93609  0.351648  -0.56103  0.938211  -0.179247  1.34158  0.597788  0.599682  3.44883  8.4786  -0.449526  1.6564  -1.1936  -2.26769  0.758349  -0.00483575  0.0845357  -1.85554  5.67882  0.0510136  10.0375  2.21204  -1.56913  3.92117  3.17107  12.1106  0.0348154  -1.32229  -1.15512  
0.0839388  -1.13755  1.15113  0.168129  1.66067  0.252673  8.74394  0.556379  -1.13633  3.00622  10.1449  -0.581946  3.21954  -1.79015  -1.59348  0.318355  -1.7353  0.315524  -1.14517  7.88051  -0.0101187  14.3383  1.17796  -1.31063  3.21559  2.72721  16.0607  1.41568  -0.438841  -1.33147  
0.186278  0.158247  1.61977  0.721337  1.78108  0.268198  12.5156  1.44672  -1.07924  1.74954  9.35337  0.105431  3.46889  -1.72626  -1.15459  -0.0400549  -2.54097  0.772472  -1.18155  7.03791  -0.190637  6.38923  -0.133293  -1.16174  1.80107  1.63973  13.6535  2.80641  1.01469  -0.795002  
0.264751  0.76674  1.54054  2.09977  1.57313  -0.089165  10.0134  2.65383  0.18941  0.770131  7.15181  0.737412  2.18818  -1.06826  -0.957313  -0.0147351  -1.86117  1.37663  -2.06698  2.74711  -0.379596  -4.46518  -0.0912034  -1.33498  0.746371  1.11398  5.33512  3.98275  1.99038  0.310275  
0.307929  0.0146102  1.24784  3.9169  1.8004  -0.334357  4.14647  3.19972  0.977882  0.715826  4.5091  0.624438  -0.0503705  -0.152577  -0.515039  0.213553  -0.647135  1.69329  -2.77317  -2.47997  -0.388153  -6.4379  1.26277  -1.49138  0.44091  1.82952  -3.88394  4.13531  1.71133  1.50048  
0.312685  -1.40318  1.19328  4.46236  2.83809  -0.0942695  0.0942613  2.57396  0.398455  1.19152  2.01345  -0.047754  -2.09681  0.793593  0.406852  0.225496  -0.212375  1.36197  -2.37135  -4.57568  -0.147953  0.773019  2.10949  -1.00009  0.441438  3.73123  -9.04817  2.63433  0.485432  2.25878  
0.280002  -1.99645  1.33404  2.61405  3.84236  0.446566  -0.0248267  1.1315  -0.989185  1.3698  -0.0629043  -0.406002  -2.89157  1.66126  1.45607  -0.114126  -0.751745  0.569696  -1.05902  -1.7243  0.176066  6.40443  0.829706  0.205516  0.178094  5.70989  -9.95644  0.0442638  -0.50941  2.34181  
0.205532  -0.975819  1.14478  -0.553278  3.31262  0.732326  1.47318  -0.297494  -2.07072  1.03874  -1.73989  0.182857  -2.26758  2.16724  2.06521  -0.502417  -1.26491  -0.0671967  0.197324  3.33084  0.308854  2.13966  -2.10626  1.16974  -0.357547  5.88255  -9.90106  -1.97154  -0.348295  1.90714  
0.0917231  0.918921  0.30251  -2.48128  0.685247  0.460407  1.43551  -1.18867  -2.27293  0.814678  -3.1531  1.36705  -1.17166  1.91388  1.9962  -0.575665  -0.867249  -0.147552  0.868816  5.65993  0.125708  -8.30366  -4.3833  0.858598  -0.686226  3.31797  -10.4793  -2.03734  0.734848  1.36206  
-0.031136  2.1938  -0.796881  -1.71582  -2.79469  -0.0580951  -0.456301  -1.71455  -1.75586  1.19708  -4.12227  2.06282  -0.814834  0.887592  1.47242  -0.352909  0.204917  0.0856121  1.3422  3.13608  -0.222629  -14.1225  -4.07174  -0.448621  -0.445626  -0.345278  -9.4124  -0.323669  1.58864  1.00237  
-0.107613  2.09171  -1.36316  0.460319  -5.01533  -0.193227  -1.92968  -2.38895  -0.898402  1.73382  -4.08505  1.4502  -1.43772  -0.248853  0.943405  -0.177124  0.999985  0.0485557  2.10946  -1.50772  -0.470381  -9.75662  -1.51624  -1.1743  0.232677  -1.95521  -3.63302  1.64594  1.31087  0.69976  
-0.102725  1.18091  -1.05491  1.37528  -4.84816  0.380809  -1.11473  -3.2391  0.00917067  1.41314  -2.757  -0.200579  -1.96523  -0.661016  0.711303  -0.235199  0.951504  -0.533027  2.80256  -3.87837  -0.504926  0.265061  1.0501  -0.269075  0.763215  -0.312321  6.98653  2.39801  0.120741  -0.00802693  
-0.0402253  0.519949  -0.343928  -0.10372  -2.98594  1.36722  1.59292  -3.45578  0.729193  -0.15856  -0.814968  -1.77397  -1.11108  -0.148264  0.644859  -0.297648  0.33887  -1.35494  2.48044  -2.57232  -0.440348  7.72172  1.65457  1.351  0.52508  2.01417  19.4412  1.66928  -0.927974  -1.36244  
0.0139213  0.485491  0.0266642  -2.33789  -1.04825  2.08192  4.33306  -2.13925  1.06023  -2.25759  0.517376  -2.3373  1.13932  0.668602  0.218805  -0.0390212  -0.211204  -1.86207  0.92783  0.00551272  -0.427373  9.26271  0.303211  1.72461  -0.648697  1.4691  29.5858  0.302217  -1.03495  -2.86695  
0.0127196  0.578042  -0.158075  -2.9109  -0.0366561  1.98052  5.48669  0.405721  0.972474  -3.81111  0.778041  -1.96955  3.27683  1.0488  -0.922187  0.493625  -0.348165  -1.73565  -0.708524  1.00707  -0.448549  7.70036  -1.35706  0.232414  -2.15573  -1.96278  33.4785  -0.722697  -0.394695  -3.47345  
-0.0286623  0.213984  -0.450159  -1.3551  0.218483  1.05038  4.56667  2.4524  0.669886  -4.32436  0.844998  -1.49556  3.6913  0.870467  -2.31845  0.894252  -0.0758915  -1.0716  -0.981099  0.173427  -0.361914  6.86773  -1.75231  -1.56909  -2.90397  -4.17725  28.495  -1.05064  0.133846  -2.48413  
-0.059851  -0.526674  -0.363942  0.477402  0.378039  -0.168908  2.0907  2.4025  0.347885  -3.91176  1.93751  -1.51134  2.29334  0.601687  -2.83982  0.878609  0.378343  -0.22592  0.215169  -0.66731  -0.131514  7.45671  -0.672586  -1.80044  -2.24673  -1.65831  15.6696  -0.981635  -0.0383166  -0.311623  
-0.0592834  -1.03144  3.39038e-05  0.782687  0.709605  -0.938418  -0.745551  0.611609  -0.024932  -2.76232  4.10803  -1.70403  0.620492  0.668134  -1.81539  0.596695  0.552605  0.406852  1.40675  -0.0363979  0.063176  7.76918  0.920609  -0.564652  -0.688037  3.91503  0.865607  -0.978028  -0.701631  1.76709  
-0.0490959  -0.881606  0.0479167  -0.23766  1.01275  -0.829737  -2.69511  -0.787828  -0.508049  -1.02483  6.02344  -1.24426  0.275881  1.03236  0.0114571  0.41408  -0.0490183  0.56072  1.12912  2.08334  0.0106945  6.68896  1.92607  0.210791  0.533936  7.00819  -8.75224  -1.1532  -1.16003  2.68636  
-0.0462337  -0.306124  -0.642231  -1.00811  1.11269  -0.0360349  -3.27811  -0.15731  -0.847967  0.815935  6.23932  0.230359  1.35645  1.36047  1.00641  0.456224  -1.34844  0.229261  -0.454856  4.86209  -0.264626  4.65018  1.87053  -0.833472  0.796687  4.24954  -11.0686  -1.10841  -0.9288  2.39999  
-0.02482  0.126889  -1.80627  -0.639276  1.08708  0.782167  -3.10124  1.8483  -0.613954  2.00875  4.52008  2.07694  2.5119  1.39392  0.33987  0.530941  -2.37263  -0.302814  -1.75968  7.10663  -0.496667  2.17341  1.00567  -2.77943  0.682944  -1.87575  -10.7334  -0.275583  -0.119  1.64992  
0.0436115  0.152957  -2.68251  0.353732  0.977395  1.02572  -3.12423  3.09712  0.211572  2.26003  1.9298  3.12917  2.47164  1.09239  -1.08472  0.434324  -1.99529  -0.636674  -1.53248  7.2111  -0.458767  -0.950378  0.0376411  -3.47806  1.0184  -5.91188  -13.3067  1.42163  0.714625  1.06954  
0.127774  0.0472066  -2.66241  1.30879  0.606124  0.606864  -3.68065  2.48189  0.944556  2.16929  -0.150824  2.67287  1.41863  0.606443  -1.68778  0.183577  -0.235547  -0.558368  -0.113792  3.9792  -0.191815  -4.46615  -0.30774  -1.98084  1.56496  -5.34152  -18.5729  3.17304  1.03373  0.628248  
0.15417  0.168871  -1.77878  2.41026  -0.0661989  -0.0706117  -4.32732  1.12348  0.817403  2.50087  -1.12902  1.03321  0.751032  0.233274  -1.03436  -0.0859968  1.50807  -0.199138  1.12625  -1.60978  0.0974631  -6.41554  0.237477  0.417429  1.1893  -2.67569  -21.3928  3.76739  0.702804  -0.0641786  
0.104726  0.383697  -0.632456  3.93908  -0.551525  -0.523544  -4.40632  0.9121  -0.126082  3.15924  -1.53561  -0.641774  1.59213  0.306435  -0.237324  -0.302047  1.79063  0.106569  1.33263  -6.08507  0.315305  -4.62096  1.26593  1.55853  -0.529546  -1.76894  -18.6805  2.68976  0.0776666  -1.10559  
0.0523697  0.0961561  0.130468  4.96169  -0.170343  -0.577754  -3.33698  2.23074  -1.0404  3.22809  -2.44672  -1.21618  3.54041  0.867051  -0.462845  -0.44096  0.603071  0.123954  0.805749  -6.08169  0.553047  0.09714  2.06739  0.520927  -2.36414  -3.23173  -13.1454  0.70735  -0.278063  -2.10738  
0.064012  -1.04802  0.322869  3.82734  1.06001  -0.414923  -0.649052  3.54478  -1.25808  2.12686  -4.29949  -0.403974  4.98675  1.46545  -1.49515  -0.430394  -0.744652  -0.101841  0.263118  -1.61115  0.856421  3.17077  2.31039  -1.6496  -2.6076  -4.25572  -9.02239  -0.768985  -0.0925009  -2.58377  
0.0884364  -2.51377  0.275042  0.116423  2.08736  -0.322171  3.38302  3.18859  -1.05706  0.319073  -5.95394  0.963547  4.60775  1.43677  -2.06744  -0.223639  -1.14869  -0.311124  -0.0912258  3.71801  1.03717  0.258612  2.18425  -3.08838  -1.0618  -2.46134  -6.27594  -0.935498  0.317479  -2.33494  
0.00864169  -3.1127  0.452677  -4.37484  1.62873  -0.409474  6.90259  1.18634  -1.20943  -1.2943  -5.2337  1.55277  2.56989  0.589412  -1.42048  0.0480055  -0.754691  -0.248493  -0.490718  5.85697  0.830632  -7.53711  1.81004  -2.71534  0.623391  1.28995  -1.55417  -0.145262  0.328452  -1.43524  
-0.183996  -2.00379  0.98252  -7.20672  -0.594087  -0.527684  7.18682  -0.888104  -1.80758  -2.27673  -1.03554  0.689126  0.260101  -0.560026  -0.0866817  0.139982  -0.388474  0.140588  -0.91139  3.55763  0.236588  -13.2933  0.775809  -0.92099  0.777646  4.11691  5.80921  0.6856  -0.308064  -0.0590396  
-0.329511  0.47543  1.54776  -7.59908  -3.49207  -0.431334  3.36938  -1.61573  -1.92428  -2.57015  4.89848  -0.941546  -1.05119  -1.36981  0.907629  -0.0237719  -0.392276  0.648083  -0.938186  -1.35566  -0.400568  -10.5215  -1.26037  1.04875  -0.436625  4.37203  11.6287  0.923716  -1.10065  1.48845  
-0.271555  2.96471  1.72436  -6.74794  -5.47724  -0.035078  -1.82832  -1.01325  -0.70146  -1.92113  8.85924  -1.84789  -1.2448  -1.84551  1.18229  -0.237842  -0.404442  0.91962  -0.409924  -6.01917  -0.700916  -0.0709579  -3.59025  2.13621  -1.34502  2.93495  11.9438  0.434365  -1.25957  2.6429  
-0.0510207  4.13328  1.4094  -5.93201  -5.64146  0.478392  -4.24923  -0.154131  1.41929  -0.264236  8.38012  -1.20885  -1.10432  -2.50846  1.0925  -0.260104  -0.126421  0.722959  0.207441  -8.32598  -0.585205  10.0678  -4.71469  2.08187  -0.763612  1.61008  8.59307  -0.678867  -0.5163  2.80407  
0.135353  3.70872  0.871467  -4.82193  -4.17773  0.819802  -2.64097  0.181409  2.87394  1.18292  4.68335  0.209364  -1.30422  -3.5117  0.963822  -0.0887685  0.153914  0.165964  0.395207  -7.44091  -0.26457  12.3509  -3.98913  1.25824  0.689231  1.11321  7.55305  -2.15665  0.57077  1.90017  
0.168879  2.55727  0.428151  -2.09812  -1.85922  0.871182  0.0820275  0.155541  2.47981  0.231571  1.52727  0.768411  -1.8158  -4.14171  0.71948  0.0833342  -0.0332819  -0.359399  0.347034  -3.80718  0.0391807  6.60958  -2.64163  0.229394  1.43091  0.87676  11.9477  -3.46146  1.15882  0.61121  
0.132485  1.75535  0.164374  2.5014  0.662429  0.772789  0.653046  0.174421  0.657728  -3.77599  1.42448  -0.339808  -2.20401  -3.50674  0.302687  0.118946  -0.675381  -0.493902  0.769603  0.803048  0.265056  -0.851341  -2.49634  -0.440854  0.767417  0.249479  18.4821  -3.99319  0.912444  -0.222921  
0.16865  1.62697  -0.0247669  7.19819  3.07019  0.727868  -0.213706  -0.0809318  -0.982118  -8.12976  3.32488  -2.23058  -2.27618  -1.67377  0.10504  0.0418004  -1.30436  -0.208601  1.89207  3.87243  0.419518  -4.2561  -3.72716  -0.243071  -0.397931  -0.720818  21.2598  -3.65685  0.204812  -0.441123  
0.281087  1.6827  -0.215506  9.54726  5.07415  0.767709  1.1929  -1.3786  -1.17214  -8.74125  4.18923  -3.23427  -2.20258  0.185608  0.594542  -0.0657063  -1.56598  0.203831  3.00672  3.75193  0.449758  -3.24826  -4.54545  0.981935  -0.674247  -1.57715  17.9188  -3.00077  -0.36452  -0.595784  
0.342836  1.37677  -0.37017  8.57425  6.1498  0.754494  6.02979  -3.56782  -0.0410328  -4.61241  2.55228  -2.5979  -2.10686  0.898954  1.5777  -0.144861  -1.48469  0.419424  3.20291  1.18337  0.304896  -1.18367  -3.43923  2.59126  0.221433  -1.981  11.1625  -2.54147  -0.507052  -1.09136  
0.263334  0.728095  -0.427572  5.48079  5.70502  0.571316  9.95019  -4.96182  1.18495  0.400845  0.0379349  -1.11891  -1.74703  0.368691  2.10068  -0.141514  -1.23797  0.332363  2.34913  -1.11087  0.0645316  -0.51226  -1.10512  3.25012  1.18452  -1.78227  5.12019  -2.08219  -0.340111  -1.52517  
0.071465  0.150958  -0.392845  2.19756  3.56081  0.233224  7.35411  -3.75873  1.40326  1.36831  -0.745476  -0.106439  -0.78509  -0.653287  1.30648  0.00489682  -0.905349  0.0452248  1.05811  -0.744134  -0.108564  -1.03717  0.487221  1.91128  0.931953  -0.95277  1.72401  -1.00623  -0.108548  -1.14249  
-0.160265  -0.170079  -0.318464  -0.464753  0.279956  -0.175467  -1.78718  -0.155736  0.624778  -2.25455  0.663787  0.0846971  0.722806  -1.6039  -0.646512  0.277635  -0.502536  -0.309875  -0.176815  2.15518  -0.161975  -1.76243  0.674957  -1.09461  -0.585299  0.31902  0.283228  0.78456  0.0744585  0.119859  
