-1.47216  -2.71982  0.272787  -0.064198  -0.441502  -0.428568  -5.2618  -6.0833  2.43602  3.39876  -1.93936  -1.38363  -2.02509  -1.37377  -2.5002  -0.303051  -0.91778  -2.09162  -1.32709  0.324592  -3.09574  2.88497  -1.57407  -3.00795  0.387807  -3.98723  17.3134  -0.609733  -1.20962  -2.1576  
2.40578  1.89808  -3.34591  2.32489  3.21809  -1.62654  -0.0985308  -3.10887  6.90741  -4.88738  2.89715  3.03923  4.86296  3.29175  2.15858  6.33114  1.56978  2.02099  5.6039  -9.16494  3.6497  1.21952  1.12998  1.99534  3.76655  2.85212  15.3637  1.98012  5.08157  4.58707  
5.05234  5.31775  -4.00747  3.89221  5.76215  -0.246373  6.51658  -0.484685  9.27459  -9.26292  5.79468  5.27056  7.64326  6.17537  5.51021  7.65468  3.80246  5.21431  10.3659  -7.59757  7.08634  -1.34742  3.40689  5.64648  6.46818  7.49362  11.1924  3.70794  7.76025  8.56194  
5.89223  6.80408  -2.63887  4.39839  6.31946  2.86319  12.6848  1.32172  8.76856  -7.9176  6.16151  4.94802  5.80424  6.61313  6.76632  3.75883  5.46929  6.72137  11.1772  2.40445  6.61155  -3.50978  4.81582  7.07178  7.64734  9.2539  7.04333  4.53957  6.25933  8.46161  
5.22751  6.38566  -1.93732  4.19143  4.75719  4.35519  14.4363  1.93466  6.03359  -2.0771  4.88464  3.54601  2.32934  5.31538  6.077  -0.645282  6.25072  6.34622  7.74571  8.29464  4.65339  -3.09249  5.09971  6.23475  6.84524  8.71882  6.47318  4.91769  3.21616  5.12497  
3.87749  4.7702  -1.67646  3.71861  1.99697  2.47302  10.2888  1.66406  2.28419  4.80511  3.28135  2.71139  0.300634  3.60539  4.43645  -1.77057  5.9479  4.72054  2.24325  3.45638  4.18741  -0.350246  4.37727  3.9849  4.64097  6.48981  8.35692  4.8428  1.6833  0.922415  
2.56797  2.91374  1.00215  3.10343  -0.428038  -0.833418  3.61874  1.56345  -1.37886  9.24164  2.03045  2.75011  0.115803  2.35546  2.97112  -0.372299  4.71974  2.90383  -1.53605  -4.59078  5.77906  1.49154  3.09097  1.65622  2.38058  2.959  7.93004  3.87319  2.26565  -1.79406  
1.55774  1.51095  6.16997  2.22912  -1.46255  -2.26672  -0.461355  2.24339  -3.87503  9.70082  1.03648  2.73641  0.00965834  1.54993  2.13042  0.261111  3.16143  1.58983  -1.04126  -3.61336  7.07855  -0.36406  1.7074  0.342781  1.07389  -0.7857  3.63636  2.06481  2.96997  -2.17311  
0.727971  0.721522  8.73202  1.10295  -1.278  -0.898065  -0.232783  2.69595  -4.2465  7.19194  0.0475893  1.85132  -1.29056  0.721945  1.55087  -1.27234  1.96638  0.739426  2.5225  8.14826  5.39923  -4.9378  0.499086  0.267251  0.793649  -2.94773  -0.381401  0.361813  1.73385  -1.2056  
-0.0544853  0.304255  3.85012  0.0232578  -0.896682  1.24018  1.07031  1.19695  -2.3196  4.08873  -0.840877  0.346659  -3.00399  -0.295366  0.707208  -3.21235  1.40431  0.00500385  5.08492  19.2133  0.694509  -8.35756  -0.425019  0.709782  1.0684  -2.45315  -0.606977  -0.322096  -1.10667  -0.696878  
-0.713787  -0.063665  -6.12195  -0.662381  -1.03667  1.89174  -0.901945  -2.10386  0.615813  2.3014  -1.29279  -0.766734  -3.32486  -1.12506  -0.40328  -3.38495  1.14034  -0.677883  3.70618  17.0719  -4.26846  -7.76507  -1.00051  0.609842  1.4686  -0.408246  0.0751469  -0.168756  -3.08309  -1.71042  
-1.05526  -0.496256  -12.7861  -0.877335  -1.38256  0.882968  -6.71169  -4.39135  2.52956  2.14812  -1.15799  -0.856092  -1.49426  -1.29523  -1.27386  -2.1241  0.727449  -1.05251  -0.217566  1.16542  -6.67264  -3.69936  -1.21578  -0.52248  1.76601  0.647436  -3.54006  -0.195046  -2.30094  -3.67624  
-1.00499  -0.881749  -10.4387  -0.850141  -1.03863  -0.534409  -12.2164  -3.23713  2.57633  2.70999  -0.675477  -0.284075  1.40339  -0.79898  -1.47288  -1.73966  0.189318  -0.968411  -2.3723  -17.2123  -6.16654  1.44792  -1.18807  -2.07674  1.80338  -0.748745  -10.0687  -0.992137  0.361484  -4.86303  
-0.702348  -1.0625  -2.16008  -0.821006  0.34462  -1.69866  -12.6236  -0.141296  2.00949  3.08873  -0.280147  0.0644727  3.47668  -0.121423  -1.05746  -3.42858  -0.064469  -0.617939  -0.299777  -25.9498  -4.44328  6.1106  -1.07894  -2.73889  1.56675  -3.66878  -10.7192  -2.0684  2.12012  -3.91972  
-0.362624  -1.02135  3.94344  -0.790336  1.9941  -2.93672  -7.4113  0.509507  2.75529  3.24117  -0.25199  -0.198594  3.57655  0.280454  -0.444924  -5.54591  0.0786599  -0.285812  3.81734  -21.7214  -2.82263  9.91999  -0.877935  -1.61684  1.33865  -6.06685  0.535284  -2.52075  1.37939  -1.18715  
-0.104443  -0.895056  3.56817  -0.557676  2.64154  -4.18647  -1.28698  -3.48798  4.91362  3.77018  -0.544832  -0.584631  2.0066  0.367796  -0.0213685  -5.31246  0.0567514  -0.040549  5.61509  -10.0379  -1.00192  11.9753  -0.368914  0.798174  1.36395  -6.87301  18.1132  -2.03683  -0.485927  1.45915  
0.0754522  -0.794262  -0.0144185  -0.0235289  1.75959  -4.29472  -0.0822387  -9.24764  6.2484  5.02028  -0.854168  -0.424455  0.0419845  0.378761  0.102393  -2.13138  -0.746092  0.20904  3.44378  1.6259  1.67481  10.2709  0.559983  2.7745  1.40925  -6.27859  28.8231  -1.05794  -0.872208  2.25363  
0.195257  -0.663277  -0.705613  0.613847  0.138461  -2.34756  -5.00661  -11.8742  4.72816  6.70835  -0.85457  0.186904  -1.16058  0.374864  0.0630106  1.48146  -2.06423  0.430636  -0.109703  9.54003  4.47024  3.77794  1.58136  2.68256  1.03527  -4.40893  24.9808  -0.166295  0.796891  1.1716  
0.21817  -0.396191  3.44481  0.974451  -0.860563  0.690509  -10.7899  -9.69178  1.20157  8.18903  -0.437347  0.418523  -1.38805  0.136785  0.0788767  2.58514  -2.80375  0.43511  -1.51565  13.9473  5.5012  -5.23841  2.0428  0.465193  0.292318  -0.797125  11.7311  0.395921  2.25263  -0.0943877  
0.114788  -0.0622077  8.71972  0.868842  -0.641543  2.45769  -9.89573  -5.21427  -1.22312  8.86652  0.193277  -0.218821  -1.33863  -0.470021  0.2676  1.12215  -2.21039  0.140046  -0.253844  16.3155  3.68497  -11.9325  1.55395  -2.13392  -0.0986925  4.26314  1.05098  0.688801  1.14822  0.190242  
-0.0441525  0.0536968  10.36  0.516769  0.119024  1.64839  0.0839612  -1.47836  -0.629893  8.1202  0.631571  -1.08287  -1.7081  -1.12861  0.524725  -0.128521  -0.790509  -0.240904  1.28458  17.4015  -0.0958737  -12.6014  0.445479  -2.96711  0.40683  8.55681  -0.331283  0.85187  -1.86657  2.14661  
-0.105258  -0.2579  7.455  0.34112  0.385933  -0.348818  13.0161  0.91488  1.48319  5.4858  0.544416  -1.06946  -2.26946  -1.23075  0.588767  0.856613  0.22627  -0.349731  1.13169  17.2324  -3.86791  -7.77274  -0.432758  -1.34958  1.33758  8.97962  4.19647  1.00058  -3.62894  4.31127  
0.0117269  -0.855262  3.04965  0.466775  0.0748344  -0.67849  18.6737  2.76702  2.14086  1.56629  -0.0894151  -0.058382  -2.06833  -0.478821  0.292144  2.60308  0.276672  -0.017435  -0.140978  15.084  -6.21698  -1.6356  -0.488104  1.31678  1.66176  4.21229  7.23283  1.13218  -2.10972  5.11435  
0.205456  -1.34626  0.404052  0.530943  0.208836  2.01008  11.8634  4.00861  0.548366  -1.40968  -0.94361  0.782503  -0.650145  0.741444  -0.211386  1.8507  -0.00743488  0.559472  -0.893243  9.47529  -6.80782  1.69258  0.0614782  2.78954  1.04195  -3.93236  6.36035  1.04715  1.18234  4.1321  
0.273164  -1.49735  -0.0629247  0.0978765  1.63484  6.00641  -2.70519  3.94659  -1.05821  -1.14077  -1.55556  0.433672  1.0755  1.60754  -0.554412  -2.00485  0.291493  0.952919  -0.791245  -0.624168  -5.72042  1.43435  0.42908  1.96335  0.273969  -11.8469  5.80493  0.531308  3.011  2.07532  
0.115249  -1.44757  -0.211018  -0.699677  3.72842  8.06975  -14.5719  3.07989  -0.438401  1.68519  -1.62126  -0.54428  1.57804  1.51266  -0.53684  -5.38523  1.18463  0.792925  -0.85189  -13.3922  -2.97879  0.0262999  0.056203  -0.269791  0.279911  -16.6152  9.99879  -0.248847  2.18128  0.0232568  
-0.147981  -1.4212  -1.46563  -1.12995  4.71707  6.46072  -16.8689  2.9031  1.61312  2.69041  -1.16967  -0.630434  0.383045  0.524922  -0.319074  -4.25294  1.82744  0.0500919  -1.48552  -23.3271  1.10025  0.0831329  -0.827342  -2.00257  0.873756  -17.2018  17.1915  -0.682256  0.663819  -1.15747  
-0.300693  -1.35341  -3.29017  -0.615205  3.374  2.35015  -11.4693  3.69564  2.22749  -2.0349  -0.51944  0.580566  -1.31907  -0.691688  -0.199046  1.13678  1.59547  -0.891423  -1.78228  -24.261  5.41266  1.65695  -1.46574  -2.04838  0.914029  -13.9136  20.387  -0.31915  0.822758  -1.12753  
-0.270624  -1.02182  -4.08476  0.540404  0.268095  -1.60319  -5.39191  3.72907  0.0978307  -10.4351  -0.0629008  1.55791  -1.8937  -1.36274  -0.247204  6.10881  0.754104  -1.47913  -1.07679  -14.3213  8.27778  2.62701  -1.344  -0.752509  -0.246333  -7.59588  14.463  0.449668  2.40605  -0.366797  
-0.189169  -0.443882  -2.84079  1.38011  -2.76514  -3.72655  -3.05056  1.3993  -2.67513  -14.9138  0.0022982  0.597169  -0.975422  -1.11146  -0.242529  6.33214  0.0617561  -1.41926  -0.360859  2.47288  8.3062  1.40362  -0.643054  0.667475  -1.80131  0.686344  1.06711  0.603212  3.14071  -0.131111  
-0.208929  0.00633095  0.170845  1.29097  -4.24773  -4.24633  -2.81757  -2.47209  -2.95784  -10.1558  -0.15747  -1.83761  0.275405  -0.179733  -0.00939218  2.08061  -0.0459527  -0.931301  -1.22778  19.5447  5.24489  -1.14886  0.0289393  1.28222  -2.19797  9.21541  -13.3852  -0.434239  1.90695  -1.60819  
-0.298453  0.0676281  3.59248  0.629177  -4.04712  -4.09767  -0.679589  -5.18398  -0.0350588  0.00552778  -0.124088  -3.3191  0.53802  0.735353  0.295298  -2.5098  0.332303  -0.53156  -3.54199  32.369  0.227686  -2.83056  0.250184  1.01963  -0.709829  15.5954  -23.2055  -1.99728  0.202763  -4.67976  
-0.279043  -0.0877173  5.51783  0.226193  -2.96699  -3.5162  4.09658  -4.93828  3.96528  5.92808  0.409711  -2.11685  -0.344147  0.975018  0.326995  -3.79488  0.895441  -0.488198  -5.03676  39.0785  -4.73599  -2.48465  0.0696218  0.43563  1.79065  17.5198  -26.4058  -2.68708  0.0375393  -7.57643  
-0.0634171  -0.133942  4.4853  0.397208  -1.75922  -2.14497  7.87137  -2.663  6.60528  3.09949  1.28326  0.776001  -1.45713  0.400333  -0.025603  -1.69239  1.39309  -0.53783  -3.62811  38.0756  -7.84688  -0.941301  -0.210312  0.193538  3.59402  13.9488  -23.3357  -1.7352  1.22196  -8.11579  
0.211124  -0.0976547  1.08759  0.642216  -0.678262  -0.16368  6.91341  -0.968346  7.29335  -2.31378  1.92225  2.75633  -1.97941  -0.501396  -0.476884  1.01485  1.59239  -0.198001  0.182282  27.0879  -8.5562  0.477005  -0.386294  0.669837  3.62776  6.31562  -15.1503  0.209358  1.67505  -5.49282  
0.321989  -0.256464  -1.64585  0.347434  0.269072  1.30617  1.64026  -1.47072  6.69607  -0.847585  1.83884  2.42027  -1.89932  -1.05344  -0.615167  1.68124  1.28945  0.614584  3.58683  6.2092  -7.6939  1.49748  -0.446179  1.65398  2.18869  -1.7713  -4.40376  1.70284  0.216166  -0.948893  
0.210503  -0.559356  -0.620409  -0.424452  0.998884  1.13343  -3.93761  -3.02817  5.14657  8.39707  1.12146  0.786554  -1.69194  -0.95699  -0.304939  -0.0146932  0.525403  1.39676  4.15176  -18.6111  -6.42207  2.61044  -0.429204  2.32889  0.510534  -6.97074  4.30041  1.83838  -1.94099  3.30684  
0.0322628  -0.531561  3.62306  -0.981869  1.34381  -0.720359  -6.52643  -2.7605  2.64119  16.3223  0.360456  -0.245367  -1.59682  -0.475859  0.202027  -2.21551  -0.359124  1.53759  2.00765  -36.8706  -4.97847  3.6476  -0.33323  1.86693  -0.184535  -8.93739  6.88419  0.913923  -2.74479  5.83381  
-0.0404234  -0.0318707  6.55841  -0.772949  1.21511  -3.12401  -6.31647  0.85265  -0.156348  14.7859  0.0464193  -0.0395515  -1.42541  -0.0529214  0.514913  -2.80744  -1.09178  0.957545  -0.497345  -40.0889  -2.61674  3.59833  -0.169225  0.3512  0.380811  -10.0823  3.61518  -0.0772725  -1.7248  6.71513  
0.000416828  0.254787  4.21453  0.0771528  0.714785  -4.57032  -5.48801  5.90454  -2.03011  6.33694  0.106643  0.485683  -0.963126  0.150196  0.421162  -1.3839  -1.78712  0.192293  -1.13015  -27.9718  1.08394  2.04136  -0.0100235  -0.99036  1.34808  -11.8277  -0.531634  -0.419342  -0.25215  6.79984  
0.04293  -0.417391  -1.933  0.959929  0.156849  -3.91383  -5.00619  8.54258  -2.58698  0.507774  0.0728409  0.316866  -0.266999  0.298413  -0.000273056  0.431225  -2.66747  -0.16403  0.284715  -8.52308  5.04072  0.168428  0.083771  -0.880166  1.46452  -11.8852  -0.514812  -0.143625  0.248464  6.45625  
0.0305451  -1.58033  -5.94753  1.39398  -0.04069  -0.781205  -3.89154  6.75435  -2.7192  1.89622  -0.338248  -0.48463  0.441384  0.504751  -0.464258  0.644228  -3.49409  -0.0322016  1.93197  8.03073  7.14441  -0.255113  0.150585  0.536738  0.305335  -6.78441  3.69165  0.218708  -0.436597  5.28008  
0.0171167  -1.63403  -3.77992  1.36428  0.343692  4.09849  -1.4106  2.28125  -3.10091  5.30283  -0.950346  -1.12102  1.04326  0.564188  -0.653497  -0.930274  -3.55488  0.139206  1.90324  16.0336  6.0578  1.09589  0.262684  1.6669  -1.05978  2.79398  7.30496  0.148455  -1.64652  3.01106  
0.0557551  0.33801  2.25854  1.16586  1.03409  8.76369  1.36224  -1.44134  -2.84836  3.53878  -1.40225  -1.05357  1.57944  0.17875  -0.411623  -2.38756  -2.4084  -0.1087  0.0748285  16.4057  2.44997  2.74622  0.389992  1.1998  -1.09419  10.6406  5.92099  -0.494909  -2.51592  0.373307  
0.101562  3.13061  6.17651  1.00776  1.38621  10.6706  2.6688  -2.58172  -0.716104  -3.00604  -1.55418  -0.450869  2.04226  -0.595334  0.120469  -1.8706  -0.490804  -0.753575  -1.80501  12.9469  -1.60206  3.10631  0.391469  -0.302155  0.455016  10.5455  -0.0828062  -1.3563  -2.06333  -1.40717  
0.0636349  4.35735  4.80427  0.801645  0.97499  8.2035  2.39339  -1.57693  2.59711  -7.41942  -1.50335  0.190719  2.2855  -1.23936  0.559544  0.150215  1.14786  -1.333  -2.0618  8.10867  -4.28856  2.14167  0.180039  -0.971262  2.1721  2.91199  -6.51086  -1.76655  0.3769  -1.96857  
-0.0712664  2.96241  0.441681  0.341187  0.0696964  2.02994  1.82868  0.595356  4.5828  -5.81486  -1.31547  0.469623  2.13052  -1.20343  0.564749  1.3557  1.73001  -1.40895  -0.980032  2.87804  -5.0493  1.05949  -0.139711  0.184541  2.55934  -5.56532  -9.80411  -1.25539  3.9639  -2.26505  
-0.218761  0.361056  -2.76763  -0.365925  -0.647484  -4.81958  1.50588  3.20587  3.84701  -2.4027  -0.934767  0.273658  1.54125  -0.430031  0.125777  0.365578  1.29228  -0.977304  -0.432805  -0.223807  -4.21827  0.661528  -0.366578  2.09822  1.79252  -9.0019  -9.64243  -0.0922935  6.09827  -3.24137  
-0.294027  -1.20538  -3.5848  -0.963298  -0.842059  -8.49907  0.258637  4.75951  1.99963  -3.72178  -0.398429  -0.241816  0.677192  0.575161  -0.43523  -1.57819  0.448191  -0.42561  -1.43247  2.80155  -2.25733  0.528897  -0.430143  2.91158  1.18914  -7.84552  -7.34168  0.792726  4.61523  -4.29877  
-0.290415  -1.05796  -4.00303  -1.11941  -0.877948  -6.76677  -2.60863  3.23913  1.50008  -9.95278  0.0521343  -0.711732  -0.233538  1.19931  -0.747951  -2.14955  -0.155687  -0.119011  -2.54674  12.486  0.333825  -0.20102  -0.46965  2.11317  1.0849  -6.50483  -3.28131  0.713197  0.543051  -3.79962  
-0.257465  -0.499287  -5.68704  -0.938853  -1.31081  -0.772307  -5.26218  -1.1479  2.15133  -14.4449  0.23014  -0.85268  -1.02732  1.21186  -0.681554  -0.763262  -0.232875  -0.0496096  -1.44273  22.0422  2.58736  -1.56175  -0.65259  0.905354  0.239444  -7.24289  2.69347  0.068233  -2.37496  -1.31594  
-0.231696  -0.968335  -7.62796  -0.876774  -2.12402  5.34822  -4.69216  -4.54957  1.34121  -11.6282  0.305175  -0.775188  -1.72074  0.84738  -0.366355  0.905314  0.0335588  0.0799473  1.9638  21.6245  3.21877  -2.61533  -0.92345  0.515975  -2.19852  -7.98321  8.77119  0.001752  -1.67023  1.26498  
-0.212675  -2.3888  -7.62846  -1.05856  -2.60875  7.33061  -0.612741  -3.14566  -1.98921  -3.28877  0.65148  -0.895776  -2.4783  0.468624  -0.0302579  1.24513  0.0705415  0.459405  4.65551  7.85675  1.74067  -2.31974  -1.00805  0.686523  -4.73349  -5.984  10.9423  0.999227  0.903814  1.51521  
-0.195783  -3.46031  -5.25218  -0.979033  -2.02425  4.19372  3.28194  1.63363  -4.98698  3.75755  1.31172  -1.37077  -3.40451  0.212256  0.156662  0.688897  -0.617472  0.89548  3.54262  -11.4456  -0.622832  -0.552546  -0.703342  0.223801  -4.75052  -1.73708  6.76302  2.0522  1.27087  -0.781232  
-0.183329  -3.21612  -2.25512  -0.101135  -0.340815  -0.896624  3.05947  3.86025  -3.8668  5.1164  1.76145  -1.74885  -4.19861  -0.0374619  0.150568  0.646898  -1.80695  1.01602  -0.85107  -23.8603  -1.66114  1.8509  -0.160069  -1.22981  -1.69902  2.08154  -1.68555  1.63953  -2.24869  -3.23288  
-0.162032  -1.87218  -0.296313  1.21083  1.652  -3.51009  -0.663028  0.296989  1.19992  2.81282  1.37901  -1.37507  -4.02159  -0.383483  0.0777518  1.18223  -2.44245  0.701539  -4.44043  -23.5218  -0.301436  3.66301  0.197933  -2.60022  1.94188  4.07487  -9.37755  -0.392246  -6.94061  -3.3747  
-0.0788252  -0.339038  0.979158  1.88085  2.9265  -2.05614  -2.84223  -4.8739  5.77894  2.38384  0.156395  -0.178109  -2.03735  -0.693398  0.154425  0.854308  -1.5467  0.255306  -3.6368  -15.0259  1.99876  3.98584  0.0817499  -2.59254  3.32835  5.13907  -12.9906  -2.30158  -8.63318  -1.15258  
0.123563  0.688299  2.97293  1.42778  2.98493  0.989644  0.258755  -4.86965  6.011  7.07989  -1.17773  1.14657  1.69235  -0.697123  0.457448  -0.84316  0.597191  0.0614036  0.929319  -6.68278  2.38977  2.62698  -0.318671  -1.09086  2.35254  6.24953  -12.668  -2.17121  -5.96478  1.32789  
0.431253  1.03522  5.81484  0.809783  2.23638  1.97894  6.05408  0.848213  2.66517  14.7897  -1.83345  1.82988  5.79814  -0.297425  0.738665  -1.87055  2.43499  0.117364  5.00204  -1.84951  -0.484494  0.299807  -0.472748  0.894783  1.2105  6.66044  -9.85819  -0.0283894  -1.36385  2.10284  
0.70605  0.839122  7.85488  1.36322  1.6776  -0.085969  7.21312  5.39383  -0.295161  19.9304  -1.69297  1.75862  8.34569  0.233735  0.584643  0.283894  2.59225  0.0108168  4.84044  2.01242  -4.80732  -1.63787  -0.0483174  2.34063  1.34145  5.13049  -5.08256  2.086  1.73768  1.05603  
0.738412  0.343229  7.73876  2.8812  2.02194  -2.80505  -0.73938  3.09916  -0.409051  18.1006  -1.32424  1.36324  8.19446  0.455535  -0.0979973  4.79536  1.30985  -0.562255  0.543233  6.99101  -7.08827  -1.96863  0.693406  2.84764  1.95035  2.22048  0.949003  2.25045  2.00964  -0.323924  
0.395343  -0.172771  6.19698  3.34161  2.92268  -3.19008  -13.9248  -3.02617  1.19345  9.84251  -1.29366  0.908782  5.70516  0.164295  -0.817513  6.92825  0.120271  -1.31255  -4.40508  10.1344  -5.49288  -0.711893  1.0976  2.38844  1.68692  0.358531  5.72514  0.599503  0.659393  -0.441195  
-0.236661  -0.504575  4.95715  1.08344  3.10355  -0.690054  -22.6396  -4.9994  2.04017  0.329314  -1.59855  0.222277  2.26363  -0.393665  -0.896471  2.47318  0.0827242  -1.53135  -6.39662  6.52804  -1.5634  0.701363  0.763694  1.07459  0.817049  1.33605  6.89234  -1.05383  -0.409611  1.04099  
-0.871455  -0.676794  4.14509  -2.962  1.47384  2.60893  -19.9123  -0.0087709  1.38718  -5.17992  -1.7802  -0.780699  -0.723226  -0.762785  -0.225595  -7.24218  0.695258  -0.839982  -4.55317  -3.89526  1.51256  0.726631  -0.0488898  -0.632359  0.584644  4.37477  5.57085  -1.3135  -0.403838  2.8365  
-1.22189  -0.830145  1.96844  -5.80466  -1.71151  4.23265  -7.49823  6.32125  0.368328  -6.28181  -1.47067  -1.65301  -2.48031  -0.722993  0.507045  -15.6147  0.686272  0.290093  -1.07793  -14.269  2.23281  -0.564891  -0.696592  -1.88832  0.992934  6.76334  5.27929  -0.55225  0.113536  3.06105  
-1.20698  -0.950452  -2.45609  -5.3479  -4.86475  3.34699  6.57191  7.53204  -0.120352  -7.43367  -0.697798  -1.75084  -2.85655  -0.457692  0.479549  -16.7069  -0.376225  0.880893  0.709111  -16.2078  2.11789  -1.36788  -0.808725  -2.16839  0.585723  6.07504  6.47994  -0.147246  0.213203  1.20343  
-0.963362  -0.796876  -6.91938  -2.46684  -6.33397  0.861764  15.4107  4.19148  -0.474139  -12.4113  0.255919  -1.05558  -2.19847  -0.270443  -0.349079  -10.7111  -1.6208  0.408186  -0.97312  -7.43663  3.65918  -0.17428  -0.595807  -1.90218  -1.28417  1.6988  4.35679  -0.77718  -0.339628  -0.840308  
-0.672775  -0.208308  -8.10744  0.102908  -5.73252  -1.6455  17.8388  1.7151  -1.33821  -19.2462  1.08039  -0.23956  -1.23698  -0.187052  -1.13702  -3.14368  -1.95364  -0.647192  -4.94575  6.16647  7.17726  2.1089  -0.512686  -1.97959  -2.88445  -4.95696  -5.03287  -1.84043  -0.933224  -0.488266  
-0.412118  0.575536  -5.57139  0.704801  -4.03356  -2.92508  16.2181  2.13817  -2.32505  -21.8832  1.47001  0.0948656  -0.75032  0.0743924  -1.04698  1.19702  -1.30596  -1.27233  -7.94678  16.0711  10.0887  2.67109  -0.725147  -2.53538  -2.02425  -10.7732  -16.8803  -2.41043  -0.919176  2.24447  
-0.180118  1.04235  -2.47265  0.081664  -2.47745  -2.58335  11.9677  1.99672  -2.39241  -16.9421  1.1678  0.149663  -0.960435  0.719131  -0.187652  2.58187  -0.561086  -0.950915  -7.2419  18.4807  9.35887  -0.254257  -1.00042  -2.63017  0.835717  -12.099  -19.5477  -2.29552  -0.435858  3.88682  
-0.00298513  0.866747  -1.77237  -0.0611104  -1.48446  -1.34115  4.91257  -1.06345  -1.29804  -7.45315  0.229708  0.521375  -1.21091  1.50483  0.471489  4.4882  -0.450661  -0.124817  -2.88345  16.0783  4.52288  -5.2493  -1.07582  -1.45459  2.64933  -7.36752  -7.34143  -1.93613  -0.226279  1.1041  
0.0552113  0.212665  -2.71364  0.723355  -0.622137  -0.669625  -3.60454  -3.37834  -0.0382073  0.798038  -0.768174  1.26237  -0.515332  1.86306  0.153206  8.24923  -0.769616  0.37579  2.4134  13.0792  -1.81927  -9.01159  -0.976802  0.415105  1.2619  0.7015  10.3994  -1.55775  -0.596514  -4.84085  
-0.00108911  -0.440581  -2.16771  1.37545  0.566994  -1.43999  -9.44708  -0.25948  0.321426  5.34272  -1.06524  1.62334  1.46906  1.40126  -0.839605  10.9988  -0.781402  0.260883  5.66136  10.2279  -6.39489  -9.43852  -0.904409  1.40888  -1.77092  6.37295  16.5391  -0.905278  -0.895073  -8.48527  
-0.0531611  -0.743932  1.02536  0.924656  1.90142  -2.51101  -9.26367  5.93153  0.0539092  7.68503  -0.427545  1.01534  3.92401  0.31514  -1.39365  9.34679  -0.213704  0.000181283  5.97759  5.68126  -7.98389  -6.83533  -0.868254  0.67394  -2.94233  5.86207  3.87777  0.153823  -0.381965  -5.85698  
0.0356116  -0.725473  4.38573  -0.157339  2.73  -1.24022  -4.73918  7.07074  0.633138  8.90418  0.56086  -0.133515  5.46932  -0.75923  -0.74731  3.95657  0.364028  0.158394  4.73209  -0.569525  -7.80311  -2.18532  -0.561484  -0.972699  -1.00898  1.5012  -16.5326  1.15296  0.629386  0.894991  
0.275215  -0.649364  4.72255  -0.600898  2.63983  3.68178  -1.52614  -0.178325  2.89826  7.35768  1.07777  -0.720965  5.28367  -1.27563  0.700191  -0.78336  0.232469  0.680936  3.65351  -5.76483  -7.50598  4.28938  0.373189  -2.02668  1.59182  -0.566508  -26.2747  1.47687  1.0235  5.57639  
0.538587  -0.665737  1.85185  0.124988  1.88465  9.79753  -3.32755  -8.48846  5.52598  2.15262  0.895925  -0.321473  3.68369  -1.21057  1.77129  -1.7377  -0.525629  0.975564  3.07465  -8.36191  -7.17924  11.8568  1.93842  -1.89046  1.77536  2.55663  -18.2373  1.1436  0.351237  4.59617  
0.66751  -0.675503  -1.3158  1.19182  1.11484  12.1474  -7.92738  -7.75515  5.75973  -3.23858  0.499437  0.232667  1.7265  -0.984011  1.66858  -0.376829  -0.998909  0.619609  1.92757  -10.5088  -5.5194  17.3027  3.63953  -1.16981  -0.413713  6.50745  -2.29613  0.768077  -0.483347  0.503617  
0.574016  -0.495761  -2.14622  1.42612  0.746529  7.9009  -9.94351  2.27423  2.12949  -3.81421  0.369813  -0.186814  0.235476  -0.998273  0.694415  -0.471811  -0.492789  -0.174745  -0.773409  -14.2362  -1.83428  16.2387  4.68001  -0.520338  -2.08702  4.21194  6.69345  0.695921  -0.383431  -1.39228  
0.252741  -0.131336  -1.07914  0.54055  0.648763  -0.174286  -6.99361  10.9377  -3.41482  0.375814  0.387163  -1.53703  -0.743475  -1.25616  -0.172978  -3.11296  0.481748  -0.841936  -4.51607  -16.6764  2.54515  7.55518  4.40453  0.194593  -1.28181  -5.48683  3.61479  0.479438  0.447307  0.964302  
-0.223616  0.212498  -0.957327  -0.738378  0.441803  -5.57261  -1.79048  9.10113  -6.74916  3.07074  0.0768919  -2.46586  -1.68713  -1.40532  -0.2799  -5.36714  0.609618  -1.07086  -7.24199  -12.8521  5.19406  -4.0373  2.72985  1.33484  0.793268  -15.2889  -5.55261  -0.514037  0.750852  4.54869  
-0.701237  0.341764  -3.60382  -1.57355  0.0185732  -4.04382  1.65069  -0.081485  -5.34894  -0.890362  -0.656763  -1.7932  -2.84903  -1.12597  0.154512  -3.96098  -0.724732  -1.01529  -6.83815  -4.19095  4.88117  -11.2812  0.265808  2.45622  1.54364  -16.7369  -13.4387  -2.08597  -0.0733569  4.97766  
-0.98392  0.279288  -7.25031  -1.75079  -0.327376  2.12348  2.72181  -5.27409  -0.768228  -8.26175  -1.31179  0.101611  -3.88218  -0.45123  0.420801  0.769488  -2.52691  -0.93961  -3.14271  -0.714517  2.63709  -10.7079  -2.01882  2.43345  0.368952  -9.23279  -17.4731  -3.12705  -1.1012  1.17068  
-0.963814  0.184936  -7.62702  -1.51662  -0.357771  6.05723  4.00459  -0.517224  2.90821  -9.94921  -1.35448  1.59455  -4.20182  0.271099  0.0903996  5.20584  -3.15139  -0.837135  1.28786  -10.5863  0.478817  -5.41051  -3.39738  0.753411  -0.867065  -0.280779  -16.7803  -2.66979  -1.09254  -3.86667  
-0.732513  0.162464  -2.16106  -1.06065  -0.335727  2.93818  6.99191  8.307  3.08583  -1.40449  -0.844268  1.50647  -3.69199  0.707821  -0.626921  6.22484  -2.21562  -0.513015  2.86168  -27.8124  -0.597686  -1.38708  -3.75707  -1.63955  -0.532615  2.61386  -8.78882  -0.849086  -0.146848  -6.20408  
-0.50235  0.162889  6.63575  -0.338822  -0.802623  -5.20177  9.51201  10.9747  0.736107  11.2681  -0.329919  0.250057  -2.85349  0.805297  -1.20039  3.88308  -1.05396  0.0267811  0.181439  -34.8127  -1.02337  -1.66033  -3.45545  -3.11698  0.769307  -1.03037  6.23466  1.2912  0.416668  -4.47536  
-0.391403  0.0939239  12.6053  0.57164  -1.80566  -11.3675  8.14859  4.42952  -1.3133  17.2029  -0.200244  -0.799768  -2.24365  0.733086  -1.30139  0.614353  -0.978963  0.453678  -4.15425  -19.8528  -1.3005  -4.25936  -2.9044  -2.89205  1.22247  -5.8774  19.7999  2.79041  -0.185759  -0.660279  
-0.306239  -0.0817663  11.4941  1.306  -2.52186  -10.3744  2.72032  -4.99794  -1.56343  12.2626  -0.31139  -0.787729  -1.86361  0.613955  -1.01282  -1.28233  -1.37204  0.443736  -5.61343  9.53942  -0.951226  -5.44103  -2.3413  -1.63225  0.334809  -7.24862  20.7622  3.3772  -1.18603  2.04788  
-0.0893063  -0.34497  5.22098  1.47168  -1.90875  -3.74895  -2.73277  -9.75454  -0.966235  3.15494  -0.292642  -0.0603308  -1.24857  0.37565  -0.61665  -1.18706  -0.265051  0.063327  -2.14077  33.161  0.734242  -3.80591  -1.87901  -0.612389  -0.6057  -4.66667  8.58135  3.23048  -1.31052  2.12354  
0.239192  -0.663324  -0.00207797  1.05085  0.152513  2.14601  -3.82515  -8.85263  -1.15578  -0.514414  -0.065081  0.552768  -0.133338  -0.100941  -0.306278  -0.171219  3.03169  -0.285634  3.52531  37.7894  3.22421  -1.07885  -1.54913  -0.47664  -0.475528  -0.257413  -3.56483  2.47732  -0.445728  0.771566  
0.453078  -0.948877  0.155404  0.38679  2.4929  2.67424  -0.309298  -6.8513  -2.29638  3.07348  0.0827792  0.652959  1.16607  -0.726338  -0.0968097  -0.149937  6.44199  -0.284872  6.49867  28.0801  4.74718  0.473151  -1.21843  -0.831837  0.239232  4.14591  -2.88133  1.19529  0.26968  0.191181  
0.360347  -1.0498  4.41929  -0.180374  3.55101  -0.674639  3.70261  -6.87208  -3.04297  6.52685  -0.0824313  0.41225  2.12176  -1.18023  0.0527166  -2.42033  6.94417  -0.0173605  4.79621  17.9826  4.01205  0.446085  -0.629642  -0.845928  0.212583  7.35814  7.76945  -0.247778  -0.0848815  0.880538  
0.0408406  -0.84005  8.03313  -0.529224  2.69981  -2.39057  3.97899  -6.87744  -2.23374  2.52887  -0.397472  0.0792384  2.61259  -1.21055  0.148557  -5.96766  3.86895  0.157223  1.32493  14.6592  1.52398  0.240173  0.278779  -0.0767227  -0.798728  8.04003  12.7239  -1.21044  -1.1567  1.02291  
-0.216342  -0.379831  7.62107  -0.666967  0.703196  1.14497  0.360695  -3.10624  -0.252548  -7.33448  -0.457313  -0.209579  2.90915  -0.891108  0.219773  -7.51039  -0.244087  -0.0163841  0.436021  13.2136  -1.14782  1.15127  1.14395  1.17092  -1.7754  5.40204  1.72879  -1.32931  -1.85803  -1.11947  
-0.210465  0.095768  3.31846  -0.536554  -1.05748  8.19484  -3.54199  4.33377  1.55446  -14.1361  -0.0921474  -0.287038  3.08218  -0.560098  0.382069  -4.48758  -2.3023  -0.464949  3.03728  5.99655  -3.11237  3.0174  1.45771  2.11195  -1.92293  0.947017  -18.9649  -0.993659  -1.53342  -4.5322  
-0.04184  0.328525  -2.66886  -0.177904  -1.7342  13.6131  -4.42206  10.7058  2.30835  -11.8038  0.403626  0.0896648  2.64884  -0.434499  0.703215  1.68917  -1.82584  -0.884358  5.79557  -6.69241  -4.6503  4.59377  1.13453  2.1173  -1.63492  -2.29881  -34.8667  -1.04536  -0.395571  -6.01042  
0.00777054  0.252108  -7.97874  0.129957  -1.48926  13.387  -2.76848  11.26  2.10954  -4.14761  0.553064  0.813566  1.08253  -0.390992  0.99214  6.37325  -0.983635  -1.01182  5.25327  -16.5702  -5.98692  4.84186  0.639232  1.26684  -1.72986  -2.97793  -38.7622  -1.89374  0.864076  -3.67661  
-0.221887  -0.00623689  -10.6848  -0.0306144  -1.03441  7.19521  -1.82865  5.67039  1.37817  -0.98171  0.19934  1.31709  -1.31697  -0.132616  0.850805  6.50278  -1.71372  -0.810266  1.67492  -16.6109  -6.26017  3.76104  0.455152  0.294526  -2.02915  -3.09331  -34.1483  -2.98082  1.51138  0.654819  
-0.591022  -0.222785  -9.78255  -0.712121  -0.86022  -2.09754  -3.71165  -2.28747  -0.000470088  -7.77665  -0.331271  1.07916  -3.35963  0.430562  0.102281  3.84889  -3.47983  -0.465698  -1.7541  -8.28531  -4.331  2.10746  0.556833  -0.0788192  -1.49957  -5.53253  -26.2053  -3.27792  1.05422  3.33911  
-0.794006  -0.271291  -6.13884  -1.42314  -0.8809  -10.1279  -6.98414  -8.30954  -2.23126  -20.0491  -0.559426  0.264281  -3.94805  1.04609  -0.835373  2.67703  -4.18679  -0.236984  -3.06942  0.243473  -0.556556  0.762792  0.586219  0.146694  0.256226  -10.2298  -15.175  -2.3776  -0.292134  2.86969  
-0.645868  -0.190926  -2.31516  -1.5425  -0.708545  -12.8097  -8.51158  -10.253  -4.61353  -27.7345  -0.345038  -0.39911  -3.1548  1.37608  -1.18125  4.44634  -2.819  -0.256011  -3.6956  1.70133  2.82312  0.200419  0.455133  0.362443  2.21054  -13.6155  -0.123218  -1.01613  -1.3636  1.34048  
-0.252503  -0.129472  -0.297406  -1.00947  -0.154939  -8.53815  -7.04011  -7.99207  -5.48769  -24.2083  -0.00991173  -0.410494  -2.11656  1.32608  -0.590057  6.22813  -0.590094  -0.403851  -6.15642  -4.74127  3.52051  0.293859  0.500727  0.126875  2.85957  -12.1229  15.3086  -0.352983  -0.876069  1.74373  
0.101579  -0.122288  0.246633  -0.407661  0.552327  -0.112593  -4.29363  -2.35194  -3.54872  -10.8143  0.0178173  0.0480342  -1.84805  1.05996  0.347822  4.50671  0.564351  -0.401923  -10.4864  -14.0517  1.45434  0.376628  0.972075  -0.328871  1.96586  -5.4943  24.7716  -0.691412  1.10193  4.46343  
0.216283  0.0142436  0.737579  -0.287844  0.982536  6.28348  -2.42855  4.93168  0.515773  5.77889  -0.32613  0.419989  -2.24464  0.707719  0.592478  -0.758442  0.106993  -0.0834172  -13.8726  -20.1036  -0.98182  -0.104233  1.57563  -0.496328  0.762699  3.18788  25.3056  -1.00885  2.81241  6.98855  
0.129883  0.496596  1.19242  -0.55483  0.87413  5.88285  -1.30269  11.218  4.01959  18.9463  -0.664953  0.34503  -2.31019  0.187166  -0.246612  -6.45498  -0.779696  0.387716  -13.7105  -19.8572  -1.01232  -0.88168  1.7376  -0.315759  0.380314  9.73811  19.1246  0.0402717  2.45388  6.88703  
0.027464  1.17458  0.271862  -0.6279  0.301758  -0.279671  1.07245  14.1533  4.278  24.9685  -0.556674  -0.169513  -1.295  -0.62052  -1.41589  -9.69458  -0.726172  0.614439  -10.0738  -14.2509  2.04153  -1.02109  1.25886  -0.219742  0.500884  11.1922  10.1607  2.53243  0.117092  4.39883  
0.0168147  1.47571  -1.81288  -0.204723  -0.432238  -6.35792  5.60668  13.2085  0.896742  23.1258  0.0451308  -0.909055  0.524842  -1.54793  -1.75754  -9.6438  0.337921  0.323603  -4.91022  -6.01795  6.16661  -0.196996  0.506322  -0.446019  -0.179752  7.19568  1.82622  4.77824  -2.23549  1.80765  
0.0359803  0.928701  -2.13312  0.428751  -1.00134  -7.57721  10.5003  9.57038  -3.56865  15.3403  0.715036  -1.48878  2.09526  -2.11441  -0.922535  -6.64178  1.32594  -0.379497  0.211058  2.56778  8.39963  0.41046  -0.0614147  -0.659301  -2.00318  0.504907  -3.0166  4.66719  -2.72902  0.763975  
-0.026345  -0.19528  1.73397  0.823299  -1.20072  -4.67468  12.7684  4.64218  -5.31619  5.93231  0.918899  -1.4227  2.4937  -1.91164  0.289346  -1.4623  1.29726  -1.09758  4.71305  10.0915  7.26574  -0.694775  -0.374561  -0.398958  -3.5343  -4.17179  -3.40915  1.75325  -1.21503  0.706202  
-0.165573  -1.00534  7.70056  0.949921  -1.04677  -2.09926  10.9521  -0.558797  -2.25567  -0.281562  0.454334  -0.479403  1.58679  -1.02139  0.805314  3.98173  0.446387  -1.4702  7.80359  14.9062  3.78923  -3.15043  -0.678573  0.261172  -3.04971  -3.71436  -3.17968  -2.0213  0.970022  -0.119592  
-0.274841  -0.892401  10.215  1.06163  -0.768073  -2.41455  6.0341  -4.65637  3.99298  -1.22592  -0.425244  0.837386  0.0506943  -0.0172054  0.368212  6.6698  -0.200453  -1.40277  8.22598  15.1832  0.296864  -4.56143  -1.12076  0.778809  -0.607413  0.51947  -8.36144  -3.88375  2.3873  -2.6443  
-0.30968  -0.245518  6.23874  1.13217  -0.574449  -3.60804  0.297397  -5.936  8.64863  0.797231  -1.25163  1.53823  -1.03633  0.474466  -0.334572  5.02935  0.0354331  -1.03321  5.90245  10.7649  -1.80854  -3.44046  -1.55605  0.771364  1.64587  3.71395  -19.1282  -2.75963  2.36919  -6.15877  
-0.35579  -0.0434695  -0.854747  0.735039  -0.303924  -2.13245  -4.29033  -4.24973  7.47305  1.5895  -1.6783  1.06603  -0.832454  0.268285  -0.500221  1.25771  0.748351  -0.532407  3.00545  4.33951  -3.1604  -1.58991  -1.72624  0.338589  1.66298  2.50658  -26.408  -0.272991  1.06815  -9.24631  
-0.481121  -0.737997  -4.42634  -0.334017  0.566552  2.42871  -6.51496  -2.25255  0.810192  -0.741637  -1.62296  -0.044796  0.653747  -0.254262  -0.00515371  -0.41913  0.896209  0.0323779  2.07939  -0.687484  -5.27786  -2.26741  -1.48248  -0.288604  -0.448048  -1.58031  -20.6632  0.904372  -0.660528  -10.9784  
-0.570228  -1.71842  -1.55087  -1.51577  2.29414  6.66255  -6.06935  -3.0928  -6.08104  -4.11215  -1.19382  -0.684618  2.36034  -0.474632  0.5992  1.65176  0.00209439  0.649254  3.11013  -3.85698  -8.3415  -5.66069  -0.839842  -1.09895  -2.62852  -4.02543  -4.00979  -0.238481  -1.51215  -11.0904  
-0.409684  -1.97857  4.10675  -1.90705  4.19611  7.04918  -3.76247  -6.42225  -7.73969  -4.89383  -0.551916  -0.300148  2.86415  -0.033376  0.705213  4.59304  -1.25023  1.21742  3.40446  -7.98973  -10.3553  -7.76864  0.0435726  -2.05687  -3.03204  -2.36706  10.2941  -2.08651  -0.677731  -9.44557  
0.02898  -1.20218  6.50893  -1.21657  4.86825  3.53581  -1.57465  -7.98271  -4.07903  -1.41583  0.156297  0.552236  1.61723  0.861811  0.188064  4.34159  -1.77581  1.4867  1.05862  -14.3875  -8.79837  -5.13791  0.87566  -2.66576  -1.74282  1.54597  11.7921  -2.23215  1.0973  -5.99028  
0.461218  -0.0320566  3.55539  -0.185839  3.39941  -0.836322  -1.26814  -4.33235  -0.41265  4.94244  0.809724  0.833326  -0.388526  1.56688  -0.556033  0.442166  -1.36179  1.21564  -2.24753  -18.606  -3.18228  0.268895  1.32195  -2.20297  -0.235905  4.23456  3.45662  -0.156619  1.91716  -1.41005  
0.540822  0.678548  -1.42456  0.196839  0.361318  -3.1081  -2.82945  2.49578  -1.42708  11.0845  1.3245  0.0632046  -1.45557  1.48876  -0.944625  -3.42122  -0.914543  0.435836  -2.85285  -13.301  4.11184  2.97175  1.24351  -0.548074  0.18638  4.11393  -3.97934  2.14971  0.766693  2.66234  
0.224476  0.683728  -3.86103  -0.319667  -2.59408  -2.68509  -4.34971  6.50264  -5.49212  13.9562  1.67394  -1.25535  -0.841904  0.55608  -0.612195  -3.57578  -1.27507  -0.443932  0.397883  3.25176  9.54778  1.19221  0.841934  1.38078  -0.608147  1.8884  -5.30035  2.31459  -1.09594  4.68559  
-0.173032  0.390098  -2.75972  -1.05137  -4.20863  -0.904039  -4.18385  4.22821  -6.36906  11.8647  1.84101  -2.08811  0.422521  -0.708812  0.279759  -0.40225  -2.01791  -0.890148  4.3069  22.2592  10.9339  -0.0617513  0.501368  2.34267  -1.89158  -1.26608  -4.54432  0.0655245  -1.43289  4.62633  
-0.33337  0.276678  -0.978631  -1.20866  -4.53794  0.723639  -2.81232  -1.24182  -0.778175  5.67877  1.74398  -1.79175  0.552324  -1.62087  1.02462  2.286  -1.83665  -0.696212  4.65772  30.3261  8.44873  4.99922  0.442292  1.89439  -2.77626  -4.49775  -6.3369  -2.59997  0.22548  3.91363  
-0.273475  0.415876  -1.53417  -0.659455  -4.37381  1.5164  -2.07205  -3.75345  7.00795  -0.851662  1.26048  -0.720482  -1.15315  -1.85449  0.836264  1.53134  -0.189954  -0.213609  0.968104  21.3597  3.80451  14.6471  0.560431  0.717817  -2.57997  -6.49655  -8.93825  -3.57692  1.78302  3.77882  
-0.292352  0.5183  -4.31281  0.0484037  -4.01149  1.64634  -2.38896  -1.11229  9.2955  -3.59878  0.371921  -0.0532644  -3.59025  -1.62211  -0.421563  -1.69533  1.82449  -0.0774989  -3.04659  2.27072  -1.04844  19.9026  0.589907  -0.238634  -1.23125  -5.69444  -8.32531  -2.64152  0.960692  3.89195  
-0.589102  0.285754  -6.56096  0.317528  -2.94216  1.90527  -1.75021  2.76645  3.49898  -2.13666  -0.727656  -0.702905  -4.92767  -1.37521  -1.89709  -3.80911  2.55936  -0.635581  -3.98007  -13.4025  -4.58005  14.0148  0.378677  -0.73653  0.506548  -2.17212  -5.56099  -1.24949  -1.86558  2.91136  
-1.00847  -0.295699  -6.2449  0.0213041  -0.793961  3.17071  1.74443  2.90189  -4.72708  -0.775841  -1.69494  -2.19673  -4.29569  -1.39352  -2.33505  -2.6425  1.63841  -1.58957  -2.83284  -17.4779  -5.87424  0.429672  0.00389573  -1.2446  1.45037  1.57554  -5.53326  -0.718567  -3.8749  0.295527  
-1.18422  -0.905671  -4.13686  -0.461758  1.75128  5.36007  6.67709  -0.578226  -7.62412  -3.86991  -2.23352  -2.81012  -2.29612  -1.58243  -1.21938  0.368417  0.287883  -2.20074  -3.67127  -12.6345  -4.84171  -10.2212  -0.332691  -2.04655  1.05229  2.95406  -8.85846  -0.983662  -2.98369  -2.77459  
-0.903975  -1.09412  -2.50811  -0.597547  3.30825  6.73459  8.76525  -2.55752  -3.6234  -10.1168  -2.23288  -1.23636  -0.116171  -1.59032  0.635665  2.12812  -0.195127  -1.90886  -8.30298  -7.04175  -2.24957  -10.574  -0.483856  -2.66848  0.115938  2.33494  -9.41764  -1.04826  -0.327889  -4.34897  
-0.295526  -0.617298  -2.24423  -0.137962  3.08974  5.13123  5.3377  0.874071  1.57595  -12.9911  -1.7461  1.80056  1.61034  -1.08713  1.76465  1.5478  0.102179  -0.818816  -13.3905  -5.01526  0.797524  -2.74788  -0.464549  -2.35083  -0.0714892  2.47086  -1.5726  -0.234377  0.965813  -3.44977  
0.321859  0.315498  -1.94612  0.644472  1.68668  0.620954  -1.27422  7.65512  1.9581  -8.0056  -0.910678  4.03628  2.96899  -0.0361309  1.41647  0.62683  0.121523  0.377861  -13.7788  -3.85134  3.49079  5.43512  -0.420695  -1.04889  0.693223  4.50828  11.8252  1.22294  -0.563706  -0.851321  
0.717093  1.15631  0.0671366  1.09509  0.466104  -3.45356  -5.49625  12.034  -2.19562  1.35888  0.0945642  3.96527  4.11938  1.18675  0.209385  1.716  -0.592708  1.02692  -8.32321  0.90342  5.33305  8.54728  -0.476691  0.286363  1.19222  5.7909  21.0047  2.55698  -2.82308  1.57136  
0.872586  1.44349  3.51659  0.754685  0.2462  -3.224  -4.03209  10.9357  -5.55391  6.5598  1.0433  2.44468  4.81026  1.95033  -0.620232  4.47798  -1.29851  1.10481  -1.30427  8.48165  5.70751  7.01812  -0.569441  0.536045  0.176876  2.71831  17.9855  3.1338  -2.39287  2.23339  
0.887309  1.17123  6.36297  -0.123079  0.644452  1.47157  0.979466  6.70858  -4.43732  3.11671  1.70683  1.50176  4.55838  1.80448  -0.543943  6.23925  -1.08806  1.16906  2.35147  12.4976  3.98968  4.33255  -0.481376  -0.473781  -1.97429  -4.09694  3.60193  2.74965  1.49294  0.883599  
0.809669  0.706403  7.01496  -0.71671  0.662438  6.20311  4.52424  3.3833  -0.833834  -4.22837  1.92477  1.80953  3.17357  0.860439  -0.182245  5.21455  -0.11461  1.64648  2.38857  7.82678  0.410107  2.95484  -0.0864458  -1.74256  -3.53704  -9.17121  -12.7801  1.63058  5.68351  -1.26095  
0.582833  0.397284  5.80622  -0.514819  -0.203107  5.94727  3.89922  1.70226  0.720354  -6.30004  1.65393  1.90002  1.02988  -0.259077  -0.416141  2.56332  0.642829  2.20761  2.69405  -2.98067  -3.59128  3.12496  0.435699  -1.98722  -3.29168  -7.76095  -19.624  0.315295  6.19308  -2.47135  
0.141635  0.332269  4.18028  0.0169476  -1.47719  -0.118496  0.990136  -0.820528  -0.966357  1.06  0.954723  0.1564  -1.09221  -0.925485  -1.27836  0.711664  0.67004  2.00203  5.74892  -11.0874  -6.37401  3.76561  0.732449  -0.796899  -1.84138  -1.6829  -12.1061  -0.591417  2.39774  -1.97586  
-0.455223  0.381773  2.85556  -0.114736  -2.24493  -7.94766  -0.259253  -5.40976  -2.6199  12.7203  -0.00876089  -2.91909  -2.47869  -0.984025  -1.92972  0.207253  0.483026  0.606331  9.13074  -9.47796  -7.442  3.32691  0.672371  0.964684  -0.912898  2.01306  2.33639  -0.794149  -2.24375  -0.656028  
-0.998067  0.396468  1.15716  -1.21538  -2.0549  -12.2751  1.99616  -9.3849  -0.993483  19.3032  -0.980582  -5.01245  -2.92587  -0.773774  -1.68128  -0.737995  0.805911  -1.36475  8.47333  0.638178  -7.38885  0.660245  0.516351  1.82475  -1.43055  -1.04697  8.46764  -0.515851  -3.70256  -0.0339977  
-1.25433  0.239155  -1.94712  -2.31943  -1.27667  -10.4881  5.78249  -9.00839  2.8566  15.7613  -1.67476  -4.51118  -2.83424  -0.717636  -0.783621  -3.46031  1.52665  -2.74235  3.1676  11.4463  -6.55026  -3.59768  0.582921  0.894356  -2.742  -6.97264  -2.29257  -0.275138  -1.34305  -0.506711  
-1.143  -0.175208  -6.32383  -2.15598  -0.614621  -3.59554  7.33911  -4.26878  4.68788  5.18344  -1.90305  -2.19056  -2.72637  -0.9093  -0.0464596  -6.60377  1.78223  -2.89887  -2.42112  15.7033  -4.34748  -6.59361  0.793345  -1.28332  -3.4308  -7.12639  -20.5128  -0.394546  1.7889  -0.937738  
-0.772284  -0.73489  -10.1329  -0.548586  -0.365732  5.11804  4.65442  0.532645  2.00414  -5.07445  -1.64679  -0.140837  -2.61123  -1.05273  0.157136  -7.45533  1.00798  -2.24376  -3.76613  11.6572  -0.458762  -5.59028  0.717808  -2.96714  -2.81407  2.56802  -25.7684  -0.739373  2.36525  -0.266963  
-0.321031  -1.03125  -10.7195  1.30296  -0.200287  11.7344  -0.543507  1.2302  -3.13614  -10.2473  -1.01083  0.521363  -1.91677  -0.781101  0.238114  -5.01161  -0.425593  -1.59315  -1.1496  2.07511  3.75007  -1.28452  0.123652  -2.57814  -1.35626  16.812  -8.31764  -0.902664  -0.00175716  0.954378  
0.0890986  -0.710982  -6.68035  2.0644  0.330278  13.162  -4.01653  -2.00433  -6.35696  -11.1363  -0.14505  0.438888  -0.285495  -0.0410979  0.693105  -0.983424  -1.68738  -1.22464  1.15199  -9.32171  5.83594  2.08156  -0.674112  -0.20169  0.0465606  25.7301  18.2183  -0.608802  -2.9033  1.36101  
0.372826  0.0261196  0.409523  1.45247  1.16408  8.7478  -2.73133  -5.50389  -5.2103  -11.1303  0.738209  0.691823  1.64811  0.756482  1.3113  2.15762  -2.28576  -0.74784  0.109924  -19.535  4.65252  1.00012  -1.17352  2.19088  0.825389  23.8059  30.4336  0.0154798  -3.83285  0.931835  
0.412574  0.451222  6.47242  0.161655  1.68652  0.968702  2.24613  -6.38031  -1.15728  -11.1564  1.33037  1.39182  2.6024  1.05517  1.34359  3.39261  -2.29989  0.152707  -2.80468  -25.7896  1.60621  -3.12084  -1.31812  2.38599  1.00058  13.5937  20.985  0.536286  -2.32393  1.35647  
0.124253  0.118013  7.94688  -1.07594  1.35165  -6.11244  6.36955  -4.82778  2.089  -8.66341  1.33959  1.85025  1.91687  0.681968  0.422401  3.32145  -1.98872  1.13861  -3.89649  -25.7699  -0.89194  -4.96745  -1.52827  0.0600156  0.789993  1.77637  6.21429  0.580603  0.200167  3.70119  
-0.355194  -0.473846  5.19438  -1.91133  0.275904  -9.69835  5.66267  -2.03342  1.87797  -1.63089  0.724114  1.71658  0.263162  0.0806584  -0.937919  3.03085  -1.43417  1.54481  -1.70832  -19.0541  -1.92486  -0.947759  -2.01685  -2.73987  0.300533  -6.7911  5.64941  0.184815  1.98222  6.30875  
-0.65278  -0.317672  2.3688  -2.02839  -0.825866  -9.65891  0.333745  2.44492  -1.25239  7.18855  -0.187766  1.32565  -1.13476  -0.180874  -1.86666  3.34863  -0.588363  1.16611  1.62828  -7.72947  -2.41112  6.77622  -2.27931  -3.51617  -0.465776  -11.0749  18.3982  -0.210617  2.17303  6.06261  
-0.477669  0.875644  3.20393  -1.09261  -1.27099  -7.34763  -5.43292  9.45437  -4.21607  11.5799  -0.842505  0.926018  -1.75043  -0.167348  -2.01007  4.53656  0.504069  0.498854  3.13351  4.72204  -3.06914  12.2507  -1.52202  -1.81604  -1.54968  -11.9856  25.1666  -0.234591  1.06853  1.95076  
0.0320398  2.16371  7.04011  0.624088  -0.931269  -3.84078  -7.30678  16.8458  -4.24861  8.00433  -0.817372  0.162294  -1.96782  -0.620091  -1.7116  5.75029  1.61701  0.135805  1.95352  14.8532  -2.99275  11.4637  0.387867  0.298612  -2.80511  -10.293  12.4055  -0.052389  -0.309503  -3.39612  
0.3953  2.37356  9.6101  1.87795  -0.186412  0.182474  -4.2997  19.4464  -1.46495  -0.159174  -0.106991  -1.27915  -2.17371  -1.95483  -1.42079  5.17744  2.46543  0.104239  -0.607912  19.5139  -0.912951  5.92331  2.59264  0.371052  -3.75218  -6.87885  -11.7518  -0.223107  -0.895349  -6.31604  
0.31138  1.48628  7.85723  1.49064  0.478603  3.55025  0.900889  14.0411  1.36499  -5.34996  0.8528  -2.72668  -2.20482  -3.30219  -1.18047  1.87763  2.82833  -0.0676768  -3.08412  16.528  2.50304  0.836386  3.97701  -1.90742  -3.69334  -3.47677  -28.2549  -0.925267  -0.311808  -5.81933  
0.0145777  0.668807  3.14808  -0.252362  0.778806  4.85429  4.66395  3.78494  1.62807  -3.21176  1.49646  -2.91327  -1.90489  -3.00433  -0.77316  -2.33959  2.61842  -0.677909  -4.87345  6.84538  4.56849  0.286632  4.11606  -4.33807  -2.29684  -1.81904  -28.7233  -1.50826  0.818642  -4.05911  
-0.00735164  0.793032  -0.618481  -1.63739  0.636394  3.96084  5.24584  -4.03433  -0.738347  3.25632  1.55915  -1.45975  -1.7775  -0.448108  -0.161611  -4.01406  1.8673  -1.42436  -5.55937  -3.86417  3.25012  3.90198  3.41324  -4.33315  -0.339201  -1.9947  -21.0648  -1.04895  1.41046  -3.28266  
0.370744  1.32538  -1.38317  -1.36135  0.098251  2.48966  3.64875  -5.12653  -3.6108  7.0445  1.28925  0.369412  -2.43492  2.79502  0.435487  -1.79536  0.756237  -1.71788  -4.39793  -7.86255  -0.481409  7.58071  2.41448  -1.3672  0.63166  -2.39223  -15.378  0.549501  0.950331  -3.21045  
0.714541  0.992805  -0.519542  -0.00859613  -0.693772  2.05189  2.32281  -1.93304  -5.03773  4.38384  1.16024  0.898952  -3.43178  4.12408  0.801934  1.62096  -0.344548  -1.31815  -1.25988  -1.63036  -3.44462  7.18754  1.22354  2.57865  -0.26896  -1.74557  -11.2102  2.24746  -0.0846875  -1.93816  
0.518187  -0.551929  -0.390612  0.673853  -1.52472  2.24655  3.04299  0.268537  -4.77022  -2.02412  1.31653  -0.0369703  -3.23604  2.42354  0.868663  2.46237  -0.98868  -0.548956  2.34294  10.1077  -3.32218  1.93822  -0.333453  4.78128  -2.02516  -0.679789  -1.71989  2.82116  -0.921241  1.16336  
-0.216395  -2.14665  -1.63152  -0.177234  -2.18176  1.04769  5.54073  -0.557603  -3.65115  -6.68747  1.33274  -0.913353  -0.806491  -0.788646  0.598381  0.345873  -0.987399  0.0760013  4.17662  17.5988  -0.604619  -5.32237  -2.1595  4.00572  -2.44838  -0.437307  13.8303  2.04304  -1.39344  4.31374  
-1.00977  -2.42714  -3.44036  -1.69149  -2.51812  -2.70752  8.03842  -2.69805  -2.54506  -7.40331  0.658534  -0.498838  2.94303  -2.91352  -0.0576363  -1.683  -0.721633  0.323288  3.64058  14.1297  2.43785  -11.0325  -3.72661  1.27866  -0.68039  -0.0930851  27.6285  0.758439  -1.93764  5.15326  
-1.45028  -1.37493  -5.62025  -2.50972  -2.43855  -7.65484  8.94652  -5.1992  -2.22309  -7.04646  -0.691082  0.420999  5.65114  -2.78564  -0.944588  -1.5898  -1.00865  0.308969  2.72687  1.52909  4.16559  -13.964  -4.46977  -1.18733  1.49838  3.87157  33.0348  -0.12245  -2.75317  3.20209  
-1.54022  -0.263503  -8.73527  -2.26928  -1.91432  -10.9472  8.08098  -9.60886  -3.31557  -9.4996  -2.00794  -0.0636784  5.59143  -1.4258  -1.61636  -0.987405  -2.33303  0.233907  3.89516  -11.9335  4.58167  -15.2712  -4.24361  -1.82103  1.28654  13.613  31.6662  -0.440884  -3.33039  0.152047  
-1.47731  -0.0997796  -12.0293  -1.63657  -1.07456  -10.7405  6.26601  -15.8584  -5.42139  -14.5248  -2.52739  -2.37436  3.19675  -0.439683  -1.67222  -2.17856  -4.06249  0.175994  6.9624  -18.69  4.3022  -15.6834  -3.36202  -0.759994  -1.81575  25.2559  28.3936  -0.579032  -3.01266  -1.93132  
-1.26554  -0.54292  -12.4309  -1.14995  -0.243158  -7.43131  4.18917  -18.8311  -6.51477  -17.2463  -2.10597  -4.35704  0.510625  -0.222955  -1.15915  -4.0933  -4.62095  0.107351  8.63816  -16.818  3.31534  -13.6616  -2.26909  0.5678  -4.9362  29.6051  22.7444  -0.729742  -1.80226  -2.27809  
-0.734638  -0.528704  -7.05687  -0.727955  0.268708  -2.67521  1.8925  -12.4235  -4.36207  -13.0642  -1.1735  -3.40316  -0.717571  -0.0366673  -0.472758  -3.3284  -2.75437  0.00350262  5.69392  -9.23347  1.15115  -7.08645  -1.23385  0.843259  -4.69588  19.5071  9.9278  -0.726636  -0.273606  -1.44639  
0.110421  0.272695  3.21698  -0.166802  0.455052  2.32294  -0.653424  2.69936  0.836236  -2.74468  -0.144873  0.496275  -0.465485  0.588698  0.130181  0.909123  1.12313  -0.126584  -1.43639  0.499588  -2.06253  3.41273  -0.292391  0.00702862  -0.9311  -2.43575  -10.3219  -0.476632  1.17249  -0.22453  
