-2.3042  -1.91916  -1.85546  -1.86301  -1.85625  -2.30914  -3.3767  -2.45323  -3.26501  -29.1322  -3.37203  -1.69515  5.53946  -2.21  -1.96971  46.5582  -2.33527  -2.90415  -2.5827  -2.47989  -2.32267  -2.81261  -2.59367  -4.06529  -1.96649  -2.55598  -1.89898  -1.22404  -0.948724  -3.2023  
1.54215  0.873168  0.619292  2.50839  0.982859  0.117288  1.6896  2.07537  -1.53954  302.581  3.13239  3.31472  9.80347  0.0194262  2.41982  128.139  0.937369  0.517798  1.41649  0.405293  2.10969  2.20094  0.866195  3.36242  3.20288  -0.509472  1.54161  6.12532  2.81469  0.526865  
4.59708  3.62102  3.32615  5.9269  2.32519  2.18154  5.72116  5.46506  2.20328  370.718  7.15519  5.84457  8.52248  1.84103  5.35564  156.821  3.802  3.91691  4.61665  3.54488  5.70383  5.79856  4.15993  7.48218  6.35864  2.56642  5.1656  9.02209  5.1754  4.13036  
6.18118  5.71532  5.73535  7.54177  2.65115  3.6848  7.8633  6.67138  6.955  162.864  7.84743  5.53058  2.84647  2.94557  6.24684  112.113  5.72015  6.41957  6.30072  6.07703  7.38928  7.35811  6.45964  7.50503  6.89766  6.12334  7.66737  7.10922  5.64834  6.73146  
6.07565  6.36967  6.84154  6.99351  3.77671  4.77221  7.9546  5.35392  9.51746  -94.983  6.32525  4.01559  -0.981991  3.20698  5.56526  24.4546  6.26813  6.94396  6.19656  6.58647  6.60607  7.08735  6.79202  5.32413  5.75962  8.41468  7.34885  3.8524  4.88377  7.24622  
4.76388  5.46813  6.16589  4.76564  6.34689  5.60351  6.73202  2.58572  8.04485  -181.074  4.44239  3.00513  0.791876  2.73279  4.2684  -40.956  5.48422  5.53513  4.75917  4.76471  4.18093  5.50076  5.16786  3.39502  4.31964  8.22745  4.457  2.59194  4.01233  5.64245  
3.15927  3.75628  4.32891  2.06181  8.68152  5.77177  5.22353  0.453192  4.0005  -83.6082  3.17624  2.75  4.96649  1.87599  3.04441  -36.3121  3.9346  3.53143  2.89636  2.12601  1.90896  3.21223  2.83766  2.65325  3.26755  5.99787  1.42967  3.52009  3.70796  3.28226  
1.93688  2.11915  2.52768  0.104002  8.55989  4.39401  3.80072  0.24235  0.467791  34.1042  2.1502  2.41901  5.37439  1.11687  2.0111  26.5817  2.29738  2.21099  1.31638  0.735711  0.971251  0.929744  1.20522  2.3889  2.45378  3.24023  0.371425  4.454  3.7554  1.74858  
1.1313  0.857122  1.50374  -0.642137  5.82576  1.22404  2.19703  1.00137  -0.800794  34.0968  0.643429  1.46826  0.415603  0.750773  0.98404  88.0766  0.915847  1.61945  0.152992  1.20236  1.01242  -1.02582  0.628439  1.64948  1.5352  1.19865  0.839548  3.72696  3.44604  1.45323  
0.400423  -0.234811  1.05651  -0.636345  2.61881  -2.4609  0.392058  0.537729  -0.352377  -67.0233  -1.1829  0.235843  -4.92466  0.614568  -0.0766468  100.376  -0.195487  0.970125  -0.785326  2.09364  0.955137  -3.10515  0.445499  0.327925  0.529871  0.154104  0.792258  1.71791  2.39722  1.5676  
-0.410114  -1.26953  0.513576  -0.648206  0.860957  -4.66224  -0.827563  -1.80592  0.365644  -153.96  -2.31399  -0.638926  -4.66275  0.221825  -0.923298  70.8901  -1.01043  -0.0962307  -1.57648  1.4747  0.429512  -5.83575  0.0230065  -1.06709  -0.246822  -0.270344  -0.600736  -0.147206  0.954679  1.18625  
-1.06249  -1.99303  -0.431251  -0.937722  0.06201  -4.45169  -0.663104  -3.94334  0.573819  -156.177  -2.08189  -0.976927  1.54001  -0.670274  -1.26867  44.2953  -1.34066  -1.07927  -2.0921  -0.954454  0.0510027  -8.33818  -0.53578  -2.20511  -0.584626  -0.534872  -1.89067  -1.05791  -0.224311  0.299279  
-1.24306  -2.09846  -1.37593  -1.04728  -1.78125  -2.64851  0.580359  -3.34027  0.376762  -107.541  -1.0108  -1.02473  8.20866  -1.61394  -1.11635  49.4728  -1.09828  -1.39663  -2.20604  -3.37367  0.389041  -8.27756  -0.745814  -3.05854  -0.581079  -0.873143  -1.28961  -1.26356  -0.874411  -0.426714  
-0.958947  -1.64582  -1.66495  -0.446095  -5.16695  -0.674593  1.57536  -0.294893  0.147579  -77.9359  -0.246062  -0.959916  10.0314  -1.79058  -0.781825  74.9001  -0.614891  -1.16061  -1.92214  -3.60096  1.1039  -4.14819  -0.4963  -3.46111  -0.4929  -1.256  0.951377  -1.36725  -1.29331  -0.541893  
-0.549542  -1.06609  -1.10973  0.703951  -7.75379  0.754777  1.32515  2.0544  0.148269  -81.2825  -0.267941  -0.702864  7.2597  -0.887861  -0.595898  93.6693  -0.489931  -0.944906  -1.3164  -1.36765  1.31015  2.4548  -0.195534  -3.06041  -0.48428  -1.50858  2.71682  -1.70393  -1.79134  -0.242404  
-0.356292  -0.774085  -0.242618  1.55592  -6.77046  1.49158  0.163359  1.32424  0.482904  -72.2014  -0.494676  -0.222629  4.48378  0.3891  -0.625045  95.1121  -1.01647  -0.995087  -0.525307  1.25665  0.584029  7.69361  -0.228092  -1.92935  -0.543673  -1.54561  2.43602  -2.22247  -2.13217  -0.00183568  
-0.432894  -0.801092  0.13942  1.46488  -2.57138  1.27776  -0.794326  -1.35386  1.02975  -19.6358  -0.183746  0.254005  4.81098  0.904741  -0.661476  86.2268  -1.79083  -1.00209  0.167452  1.83309  -0.627925  9.04861  -0.511033  -0.877117  -0.56875  -1.56957  0.723909  -2.59539  -1.7262  -0.0356197  
-0.569162  -0.794974  -0.308378  0.720669  1.13227  0.0793527  -0.971814  -2.84717  1.3957  44.9254  0.565405  0.459445  6.37831  0.223098  -0.496756  70.9514  -2.00647  -0.640339  0.401535  -0.0489309  -1.52256  7.40934  -0.671133  -0.706945  -0.489433  -1.93085  -0.607284  -2.34009  -0.43777  -0.22866  
-0.54245  -0.405833  -1.20179  0.235054  1.17637  -1.03881  -0.942891  -1.7913  1.22415  65.8302  0.957052  0.405442  4.9143  -0.938807  -0.176926  45.5084  -1.21237  -0.0528544  0.0708548  -2.44354  -1.66149  5.26964  -0.542123  -1.20413  -0.325597  -2.65266  -0.717736  -1.16934  0.987713  -0.389102  
-0.330066  0.278626  -1.81916  0.501234  -1.36328  -0.507966  -1.65565  0.113651  0.614764  33.0955  0.523468  0.305145  -0.67928  -1.49425  0.0434712  13.9837  0.225944  0.307521  -0.495503  -3.08609  -1.18487  3.2989  -0.342419  -1.26593  -0.163937  -3.10985  -0.458157  0.585596  1.5382  -0.424467  
-0.112019  0.713868  -1.75761  1.10356  -2.26764  1.75367  -3.32999  0.491864  0.0396326  -6.14303  -0.329674  0.236882  -6.6755  -1.10549  -0.0166873  -4.98734  1.39569  0.173463  -0.822656  -1.6288  -0.526594  -0.210549  -0.357396  -0.234675  -0.0953899  -2.39695  -0.973532  2.00844  1.05016  -0.356589  
-0.074969  0.419802  -1.18783  1.34789  0.880765  3.68215  -5.0825  -1.00337  -0.200532  -14.6666  -0.847432  0.0310852  -8.6961  -0.393611  -0.247098  0.659207  1.62663  -0.295001  -0.792349  0.245862  -0.00391293  -6.45118  -0.564211  1.09095  -0.147069  -0.253664  -2.08017  2.29917  0.486984  -0.302834  
-0.224341  -0.44448  -0.545362  1.13428  5.6639  3.22764  -5.61467  -2.80812  -0.281127  -19.2444  -0.779925  -0.394399  -6.36545  -0.151962  -0.34602  15.2681  0.99604  -0.704871  -0.73259  0.733001  0.382162  -13.5728  -0.666366  1.13074  -0.264997  2.27417  -2.45669  1.45051  0.853282  -0.439416  
-0.376072  -1.14306  -0.0614731  0.95272  7.39345  0.871503  -4.19337  -3.51737  -0.517441  -74.7055  -0.502972  -0.749993  -3.07311  -0.524392  -0.117121  9.96318  0.151999  -0.769726  -0.949784  -0.337824  0.837045  -17.599  -0.454167  -0.716392  -0.353986  3.38402  -1.37567  0.191281  1.90726  -0.847793  
-0.350105  -1.07835  0.303675  1.08757  4.3422  -0.987206  -1.34075  -3.031  -0.899518  -172.781  -0.419706  -0.60354  -1.41883  -1.04851  0.337661  -20.3929  -0.295954  -0.506164  -1.2959  -1.64559  1.43653  -15.8024  -0.0679604  -3.19557  -0.339056  2.05138  0.179835  -0.669645  2.28871  -1.35546  
-0.175383  -0.415267  0.562904  1.21137  -0.50701  -1.15641  1.41183  -1.93946  -1.12399  -213.94  -0.488099  0.0706916  -0.410609  -1.29417  0.696526  -45.4479  -0.271594  -0.209832  -1.34076  -1.92029  1.87309  -9.02195  0.126587  -4.29137  -0.226048  -0.85499  0.506259  -0.795203  1.11639  -1.62827  
-0.0513323  0.145279  0.555851  0.934675  -3.01895  -0.935308  2.64417  -0.686035  -0.950423  -103.783  -0.402043  0.725789  2.20172  -1.23977  0.693989  -34.6632  -0.157753  -0.196201  -0.929583  -1.05015  1.66126  -0.928679  -0.060143  -3.17013  -0.114675  -3.12599  -0.692942  -0.339287  -0.748973  -1.47718  
-0.109359  0.149678  0.20956  0.485696  -2.39204  -1.95287  2.24237  0.470986  -0.401779  124.136  -0.0806447  0.76217  6.20652  -1.06093  0.330365  1.12901  -0.323102  -0.496185  -0.420426  0.190276  0.660991  4.65738  -0.419642  -0.88073  -0.124777  -3.16431  -1.5481  0.298412  -1.43265  -1.06285  
-0.255992  -0.224589  -0.181084  0.409325  -1.39826  -3.73408  1.49384  1.26719  0.327114  304.341  0.207899  0.191339  8.90942  -0.800308  -0.156414  19.0411  -0.732035  -0.778437  -0.307257  1.0735  -0.671412  6.1925  -0.552838  0.823676  -0.263496  -1.36914  0.149117  0.709835  -0.0273874  -0.729328  
-0.284523  -0.527646  -0.132345  0.740216  -2.48969  -4.44293  1.71435  1.57932  1.00663  281.709  0.212671  -0.39126  8.6236  -0.404366  -0.472653  -0.165449  -1.02035  -0.648316  -0.662832  1.39305  -1.66135  5.10522  -0.292152  1.17018  -0.376145  0.541079  4.2943  0.671015  2.43599  -0.631317  
-0.130871  -0.56838  0.471396  0.862877  -4.63517  -3.52463  2.72458  1.57474  1.43223  62.3373  0.0451312  -0.454663  6.66363  0.0206291  -0.471525  -20.6942  -0.957622  -0.084549  -1.06743  1.21089  -2.03796  4.19003  0.108483  0.760527  -0.287685  1.3884  7.92833  0.279441  4.13654  -0.566659  
0.0362448  -0.47469  1.11744  0.380027  -4.49204  -2.33551  2.95821  1.53452  1.44707  -187.541  0.0353124  -0.0954231  5.28724  0.152864  -0.230042  6.61147  -0.746438  0.46145  -1.09228  0.512405  -2.06783  4.9364  0.219435  0.525271  -0.0192185  1.39749  7.76678  -0.063956  4.34599  -0.200471  
0.0114624  -0.390917  1.12808  -0.228487  -0.362595  -2.01355  1.39284  1.61902  1.05396  -295.987  0.294493  0.190089  4.85499  -0.242397  0.0418386  75.5223  -0.749594  0.485948  -0.764193  -0.701659  -2.07485  6.07415  -0.132059  0.656488  0.18663  1.35691  3.45478  0.0330822  3.82956  0.535997  
-0.204259  -0.359514  0.410198  -0.129239  5.51617  -1.90613  -0.986124  1.77511  0.496347  -231.189  0.502013  0.114798  3.91635  -1.02983  0.173054  117.108  -0.937127  -0.0464182  -0.491664  -2.03566  -1.9624  5.13191  -0.680792  0.594433  0.119136  1.5278  -1.84594  0.569263  3.43058  1.27331  
-0.398287  -0.463846  -0.369559  0.736571  8.76453  -0.905171  -2.08201  1.70555  0.140766  -97.3715  0.203027  -0.107961  1.99014  -1.74028  0.127964  75.1451  -0.772943  -0.665354  -0.57266  -2.68211  -1.34469  1.52754  -0.965399  -0.116767  -0.119372  1.72284  -4.27533  1.08542  2.81894  1.44244  
-0.390692  -0.824444  -0.479379  1.407  6.83462  0.402762  -1.10767  0.977596  0.187613  -7.99152  -0.696006  -0.119849  0.482238  -1.94282  -0.0254615  -23.726  0.148499  -0.892399  -0.867641  -2.04025  -0.112766  -2.33688  -0.743512  -1.26969  -0.186416  1.94099  -2.75236  1.10834  1.0266  0.736115  
-0.227027  -1.31825  0.0897341  0.894425  1.32652  0.279159  0.448295  -0.447703  0.511991  16.4464  -1.75633  0.12713  0.730922  -1.54929  -0.186827  -92.1423  1.41369  -0.707859  -0.999811  -0.404503  1.25811  -3.46504  -0.187537  -2.24088  0.115441  2.21181  0.308765  0.666821  -2.01167  -0.584409  
-0.105532  -1.51582  0.638574  -0.723607  -3.46668  -1.43063  0.549018  -1.70834  0.793544  26.3315  -2.33207  0.32373  1.86475  -0.808828  -0.274513  -76.2719  1.99267  -0.479672  -0.804478  1.13404  2.0504  -1.49428  0.30139  -2.55503  0.573486  1.92692  1.61772  0.303179  -4.96724  -1.82376  
-0.146922  -1.1711  0.538645  -2.36697  -4.3509  -2.32344  -1.00764  -1.68177  0.836767  52.7008  -2.11186  0.170073  1.46513  -0.0291216  -0.225395  -9.08731  1.29772  -0.486374  -0.482377  1.59887  1.92207  1.15996  0.437062  -2.10925  0.748075  0.204656  0.178716  0.485874  -6.31227  -2.32974  
-0.289249  -0.720138  -0.147629  -3.00247  -1.83891  -0.124958  -2.48091  -0.512309  0.711466  65.7349  -1.34202  -0.300401  -1.56983  0.625126  -0.0367374  35.9334  -0.0636651  -0.626164  -0.303001  0.925026  1.16526  2.29442  0.236428  -1.06632  0.430043  -2.69447  -2.15012  1.02609  -5.6755  -1.94166  
-0.394365  -0.914674  -0.850962  -2.46048  0.725229  4.13919  -2.41776  0.0859175  0.556568  28.2154  -0.571824  -0.735427  -5.63675  1.1167  0.15477  28.0908  -0.816973  -0.599674  -0.256192  -0.218635  0.383529  2.38494  -0.0624202  0.248181  -0.139468  -4.94446  -2.96543  1.19428  -3.84194  -1.04389  
-0.387033  -1.77566  -1.14752  -1.28193  0.50751  6.65489  -1.33866  -1.19558  0.362821  -39.8118  -0.144615  -0.732253  -7.69854  1.37458  0.132855  -0.0685506  -0.314061  -0.286069  -0.0923617  -1.23978  -0.0327314  3.48301  -0.232036  1.33189  -0.495231  -4.85149  -1.79201  0.511581  -1.75243  -0.208037  
-0.279676  -2.16794  -1.08266  -0.0881446  -2.29263  4.78524  -0.852619  -3.25628  0.0960887  -73.8069  0.0110914  -0.171986  -5.84126  1.23172  -0.163998  -8.3696  0.773299  0.114197  0.317077  -2.00747  -0.136356  6.15079  -0.224001  1.7073  -0.36104  -2.81998  -0.190169  -0.66594  0.0637683  0.241462  
-0.111745  -0.860405  -0.915734  0.7645  -5.07379  0.0211179  -1.44964  -3.52285  -0.0164062  -41.8785  0.161668  0.619648  -0.892839  0.597473  -0.495536  1.11103  1.19828  0.293948  0.770189  -2.44865  -0.22184  8.33703  -0.148437  1.26767  0.138507  -0.918266  0.277893  -1.5071  1.17697  0.376982  
0.0694201  1.93593  -0.751715  1.12135  -5.63048  -3.55148  -1.9981  -1.09197  0.447661  10.3494  0.405042  1.02901  4.3644  -0.357855  -0.525181  -0.606207  0.488079  0.146103  0.927588  -2.18391  -0.475014  7.4429  -0.126863  0.396043  0.59719  -0.418459  -0.234858  -1.64675  1.00828  0.48313  
0.187572  4.38782  -0.486263  1.06424  -4.0988  -3.44673  -1.3116  1.94265  1.52844  9.80485  0.611033  0.666988  7.25379  -1.22915  -0.22311  -18.2351  -0.616385  -0.16876  0.6661  -0.968617  -0.825217  3.13118  -0.164829  -0.2996  0.618265  -0.436903  -0.30941  -1.59183  -0.623585  0.746268  
0.158295  4.66602  -0.0268288  0.956696  -2.20656  -1.18958  0.27551  2.83577  2.50287  -58.3158  0.64376  -0.218672  7.18233  -1.6466  0.047203  -21.1994  -1.07869  -0.421336  0.166435  0.592858  -1.07987  -2.13611  -0.163703  -0.379912  0.0867515  0.550229  0.877035  -2.00763  -2.84391  1.06529  
-0.0303041  2.69984  0.535232  1.28961  -1.11655  -0.47549  1.37058  1.21817  2.43952  -129.631  0.529923  -0.882136  5.65598  -1.51928  -0.0618278  13.6909  -0.736785  -0.527124  -0.32529  1.28024  -1.14253  -5.13548  -0.0729412  0.235362  -0.716002  2.40818  2.57508  -2.7701  -4.12193  1.12042  
-0.283523  0.13019  0.959914  2.0686  -0.400973  -3.09863  1.16283  -0.982979  1.27102  -133.341  0.369177  -0.805993  4.37685  -1.06577  -0.427298  65.1915  -0.371479  -0.550196  -0.747708  0.493546  -1.05868  -4.4292  0.00131082  1.24727  -1.27076  3.37325  3.41318  -2.9595  -3.53566  0.661487  
-0.454023  -1.35611  1.02632  2.6266  0.939209  -6.96523  0.185845  -2.09666  0.0445408  -68.9296  0.197939  -0.220718  3.68308  -0.625057  -0.553899  85.7322  -0.625414  -0.541788  -1.19219  -0.930255  -0.867601  -1.24582  -0.104439  2.10363  -1.20764  2.28165  2.93165  -1.90518  -1.54688  -0.196309  
-0.448481  -1.42843  0.678774  2.14626  2.93822  -8.23042  -0.515054  -2.03876  -0.227266  1.31072  0.00653572  0.196415  2.93229  -0.445331  -0.175048  54.0771  -1.173  -0.438418  -1.67075  -1.4831  -0.49711  1.61623  -0.389226  2.36988  -0.65236  0.0125444  1.84322  -0.0511652  0.601568  -0.969796  
-0.290229  -0.918849  0.0728207  0.632046  4.46826  -5.26886  -0.412143  -1.2454  0.155066  31.0784  -0.165277  0.116504  2.12515  -0.547059  0.371996  0.512694  -1.20186  -0.158783  -1.97698  -0.60316  0.097002  1.99521  -0.617735  2.14781  -0.157745  -1.53139  0.897848  1.41324  2.05321  -1.18935  
-0.112505  -0.633238  -0.507283  -0.942432  4.43573  -0.206202  0.325628  0.212059  -0.0681562  35.6304  -0.269528  -0.104975  1.85766  -0.714752  0.49759  -19.8448  -0.608938  0.217312  -1.81982  0.718041  0.68239  0.0333454  -0.554608  1.98904  -0.19029  -1.42195  0.0314126  1.72375  2.62342  -0.848096  
-0.075207  -0.662904  -0.809271  -1.47579  2.78722  3.49105  1.24752  1.74904  -1.36776  55.9369  -0.403278  0.0453929  1.62589  -0.640138  0.0334164  23.5147  -0.269583  0.444405  -1.1026  1.09082  0.776912  -1.99868  -0.260104  2.14876  -0.651029  -0.29939  -1.15088  1.18472  2.2365  -0.413762  
-0.232136  -0.700673  -0.737957  -0.899809  0.371893  4.3843  1.95136  1.81728  -2.51543  91.5755  -0.778017  0.560211  -0.475992  -0.189433  -0.590858  110.99  -0.875964  0.3442  -0.0971246  0.299481  0.0773266  -1.80528  -0.0681428  2.12703  -0.940342  0.688368  -2.3798  0.681734  0.771072  -0.309401  
-0.447028  -0.610606  -0.36781  -0.270307  -1.84334  3.69073  2.14209  -0.23993  -1.88894  93.9397  -1.43396  0.930344  -5.11015  0.417258  -0.867627  182.642  -1.75172  0.00742876  0.674861  -0.543893  -1.10778  0.667031  -0.210134  1.24252  -0.582511  0.917785  -2.76059  0.762205  -1.34191  -0.43552  
-0.484339  -0.490361  0.141582  -0.76345  -3.25409  2.94685  1.75641  -2.3712  0.445552  27.0294  -2.05251  0.795086  -9.14471  0.751564  -0.752827  174.728  -1.33458  -0.301603  0.777549  -0.396481  -1.99977  3.08846  -0.524328  -0.291982  0.239726  0.360206  -1.8702  1.28062  -2.82942  -0.326413  
-0.25226  -0.397389  0.606141  -2.43692  -3.71321  2.04714  1.00956  -1.5945  2.51401  -80.761  -2.15163  0.326736  -8.09325  0.569455  -0.596317  65.4539  0.961844  -0.45704  0.181679  0.434139  -2.05016  3.08753  -0.62108  -1.37688  0.840119  -0.740163  -0.42168  1.757  -2.48034  0.209155  
0.0514541  -0.28879  0.837202  -4.0498  -3.54908  0.0676412  0.214432  1.97821  2.50977  -157.859  -1.53007  -0.0676616  -1.64431  0.0772643  -0.626013  -96.1754  3.70839  -0.603455  -0.716729  0.62359  -1.47648  0.84281  -0.343358  -1.41231  0.711253  -1.85383  0.475369  1.86645  -0.49498  0.774049  
0.100843  -0.224085  0.694903  -4.06946  -3.46794  -2.78591  -0.565877  4.43418  0.745011  -160.113  -0.448536  -0.288742  4.76041  -0.271817  -0.729625  -210.665  4.66048  -0.907868  -1.39971  -0.59423  -0.971875  -0.932952  0.0219585  -1.31124  0.0252835  -2.17087  0.503863  1.55503  1.4322  0.83206  
-0.199702  -0.375006  0.208256  -2.00637  -4.01756  -5.12971  -1.43049  2.56027  -0.768666  -108.483  0.58412  -0.574963  5.45247  -0.223347  -0.723955  -200.1  3.01906  -1.21031  -1.59101  -2.41578  -0.841126  0.187338  0.0540778  -2.48343  -0.584743  -1.19792  0.237818  0.914524  1.67883  0.368233  
-0.566083  -0.737226  -0.351855  1.07768  -4.89331  -6.28668  -2.25629  -1.8948  -0.535256  -57.7332  1.16707  -1.06542  1.12237  0.0283209  -0.624307  -78.6866  0.206733  -1.07812  -1.34561  -3.19225  -0.576869  3.68904  -0.324732  -4.79077  -0.677566  0.553157  0.15735  0.135934  0.294614  -0.0998002  
-0.610263  -0.957446  -0.601908  3.31197  -4.91931  -7.00914  -2.62323  -4.06214  0.989454  -38.0478  1.15089  -1.52332  -2.01046  0.0816299  -0.523652  48.1812  -1.69075  -0.319602  -0.871471  -2.10717  0.518902  6.63795  -0.761966  -6.17571  -0.365968  1.75782  0.0170485  -0.464536  -1.12528  -0.185313  
-0.255708  -0.630655  -0.344079  3.47496  -3.07575  -7.6656  -2.31968  -1.90174  2.13562  -28.2128  0.635864  -1.54291  0.225609  -0.209667  -0.375223  71.5425  -1.88382  0.629405  -0.344393  -0.00471962  2.29678  6.85495  -0.877848  -4.85881  -0.0833015  1.45118  -0.612786  -0.588711  -1.16808  -0.0955336  
0.170222  0.224623  0.215576  1.984  0.356635  -6.63518  -1.7299  1.4305  1.84044  17.3523  -0.070627  -0.986253  5.34279  -0.567005  -0.0969169  -23.7978  -1.21668  1.00966  0.0935574  1.46464  3.55009  5.11519  -0.691198  -1.49852  -0.0875364  -0.00908229  -1.53537  -0.262464  -0.0339213  -0.269549  
0.282865  1.0789  0.590076  0.490005  3.7824  -1.93953  -1.34681  1.84854  0.520512  117.311  -0.563424  -0.110294  7.86421  -0.580442  0.140209  -146.683  -0.838598  0.51912  0.296793  1.39049  3.0758  3.82084  -0.561422  1.39254  -0.265074  -1.22642  -2.10098  0.0581062  0.842276  -0.686202  
0.0337976  1.33595  0.439534  0.377265  5.55919  5.2582  -1.07174  -0.587726  -0.60725  233.594  -0.61624  0.642934  6.4523  -0.162572  0.0118751  -189.498  -1.00257  -0.301905  0.209979  0.26863  0.973786  3.7481  -0.71344  2.0852  -0.348096  -1.06434  -2.0603  -0.158282  0.405305  -0.806172  
-0.268667  0.859686  -0.0831629  1.65204  5.31158  10.2594  -0.338271  -2.3784  -0.766103  294.832  -0.382266  1.02762  4.79925  0.335511  -0.48388  -126.611  -1.17152  -0.58563  0.00639094  -0.693362  -1.26575  2.81529  -0.938931  1.12935  -0.210365  0.299996  -1.85257  -1.00073  -1.01107  -0.263208  
-0.313346  0.0480881  -0.425835  3.08617  4.09199  9.14556  0.994661  -1.5815  -0.173548  258.46  -0.209593  1.12014  5.64089  0.457369  -0.849737  -27.8102  -0.924174  -0.0508507  0.00228669  -0.734951  -2.09055  -1.36168  -0.874773  0.153683  0.0425064  1.55847  -1.87836  -1.96498  -2.19365  0.602235  
-0.0998406  -0.549274  -0.188754  3.448  3.32109  3.24833  2.22  0.0374032  0.346954  155.758  -0.18272  1.18748  6.63091  0.124882  -0.638837  19.7545  -0.396112  0.691059  0.33316  -0.0240929  -1.30673  -7.94993  -0.542157  -0.156812  0.211064  1.42858  -1.83798  -2.38581  -2.31985  1.09447  
0.0978589  -0.679814  0.423828  2.37603  3.54745  -1.81917  2.4747  0.234681  0.195984  60.6717  0.00663113  1.33029  3.58683  -0.267062  -0.0751409  -6.09333  0.030005  0.7857  0.742198  0.745051  -0.120386  -12.7289  -0.420167  -0.369957  0.163685  -0.16924  -1.04472  -2.04565  -1.59139  0.95274  
0.0495836  -0.534317  0.79395  0.394714  4.0019  -2.02284  1.70641  -0.330491  -0.474058  12.9418  0.62677  1.33738  -3.04601  -0.242907  0.131206  -52.098  0.194249  0.0351113  0.78529  1.00543  0.186967  -11.9472  -0.828878  -1.03976  -0.0690244  -1.93047  0.585195  -1.28449  -0.773394  0.580627  
-0.197386  -0.491838  0.573757  -1.7713  3.28656  0.953734  0.663803  0.514327  -0.936001  -19.6862  1.38475  0.908994  -7.80043  0.201061  -0.310887  -47.6996  0.196208  -0.91535  0.269899  0.654579  -0.482663  -6.09802  -1.33327  -1.92014  -0.312281  -2.2578  2.1741  -0.585766  -0.353056  0.453231  
-0.386542  -0.744662  0.0655362  -3.49649  0.67283  2.08156  0.0234216  2.68173  -0.577944  -83.376  1.55639  0.110306  -6.22709  0.548033  -0.815896  26.9244  0.160212  -1.2397  -0.542257  -0.0204087  -1.1372  0.528911  -1.02368  -2.53591  -0.395757  -0.696414  2.6141  -0.07351  -0.23335  0.496665  
-0.332387  -1.11264  -0.174847  -4.31525  -3.01538  -0.943376  -0.266635  3.47842  0.463813  -160.754  0.752762  -0.580816  -0.138227  0.289416  -0.575411  121.73  0.106061  -0.731486  -1.19093  -0.620251  -0.901986  4.1834  0.449305  -2.82153  -0.3043  1.63666  1.64172  0.497881  -0.178751  0.22114  
-0.101384  -1.22322  -0.00855027  -3.87445  -5.86401  -5.09992  -0.767302  1.26156  1.39837  -177.579  -0.539045  -0.740929  4.66811  -0.462916  0.43895  156.615  0.0158936  0.0431919  -1.42915  -0.915484  0.0483212  4.99483  2.2537  -2.79037  -0.187472  3.07867  0.106068  1.34787  -0.349025  -0.620071  
0.0715511  -0.892423  0.18767  -2.28526  -6.42695  -5.79739  -1.81339  -2.14105  1.49423  -98.9956  -1.36485  -0.512015  4.9451  -1.03907  1.36893  91.1439  -0.0881012  0.326977  -1.35126  -0.926866  0.77784  5.77833  3.01429  -1.94694  -0.173051  2.90802  -0.798068  2.29014  -1.06019  -1.65852  
0.0238389  -0.3436  0.0840727  -0.258837  -4.94578  -2.0972  -3.02115  -3.61635  0.724789  12.2643  -1.27621  -0.453294  2.56949  -0.914593  1.38435  -35.3226  -0.199505  -0.120128  -1.13757  -0.779173  0.631134  7.90878  2.14363  0.243139  -0.193534  1.70907  -0.585385  2.79228  -2.08351  -2.22916  
-0.190697  0.00281158  -0.147319  1.22504  -2.92436  2.62226  -3.4488  -2.50359  -0.293049  60.2414  -0.788004  -0.843578  0.993735  -0.261427  0.537341  -132.6  -0.346058  -0.836378  -0.782054  -0.533159  -0.183491  9.32783  0.397739  3.28565  -0.0927861  0.358687  0.197007  2.39667  -2.5322  -1.98305  
-0.379033  -0.0373487  -0.0497086  1.65108  -1.57299  4.62461  -2.34442  -0.875239  -0.92134  28.4762  -0.759712  -1.31496  0.581917  0.305438  -0.382051  -136.955  -0.529346  -1.13469  -0.140986  -0.230818  -0.986919  6.91534  -0.942343  5.58406  0.124784  -1.01853  0.630023  1.1665  -1.71015  -1.1688  
-0.391948  -0.244544  0.571145  1.34518  -0.874267  3.35948  0.0268589  -0.540324  -0.993664  -5.992  -1.4149  -1.25498  -0.917822  0.45775  -0.68399  -68.0161  -0.639037  -0.768503  0.743998  -0.0412664  -1.35363  0.468519  -1.27524  5.78176  0.233195  -2.78768  0.394464  -0.230366  0.027863  -0.376088  
-0.241637  -0.304838  1.46095  1.0269  -0.197483  1.05089  2.15029  -1.15487  -0.773766  19.7172  -2.09817  -0.558915  -4.1944  0.444167  -0.357258  -8.23819  -0.544137  -0.145254  1.46378  -0.165033  -1.32685  -6.26063  -0.988249  4.01804  0.0316656  -4.62982  0.0168414  -0.938719  1.4856  -0.0543036  
-0.0648412  -0.20773  2.14696  1.01078  0.579792  -0.0513776  2.22764  -1.51272  -0.551122  67.7692  -2.00821  0.246203  -6.32867  0.637829  0.0948748  -20.0311  -0.28672  0.144122  1.49696  -0.478524  -1.07305  -8.73787  -0.742461  1.62602  -0.392417  -5.25055  0.0971862  -0.631141  1.79181  -0.238895  
0.00495848  -0.213426  2.17906  0.7979  0.939117  0.567341  -0.110266  -1.41593  -0.355201  54.6897  -1.03641  0.589697  -3.98938  0.998048  0.216708  -82.4005  -0.0840037  -0.0233626  0.742767  -0.437502  -0.594178  -5.77401  -0.743255  -0.189192  -0.749387  -3.68264  0.395506  0.0864539  1.20166  -0.635194  
-0.0522745  -0.43451  1.24556  -0.270432  0.640404  1.8646  -2.96805  -1.27345  -0.0488953  -29.6743  0.189036  0.443216  2.30164  1.20392  -0.0331153  -116.023  -0.110437  -0.213449  -0.23077  0.416341  0.133973  -0.506369  -0.765028  -1.05656  -0.838051  -0.70878  0.024458  0.0896271  0.628783  -0.886723  
-0.133326  -0.606093  -0.579453  -2.08063  0.268615  2.22593  -3.57324  -0.643378  0.333058  -107.616  1.00553  0.239279  8.089  1.22835  -0.369458  -72.478  -0.240779  -0.0146939  -0.605237  1.7995  0.904997  2.56652  -0.636547  -1.10568  -0.700073  1.53752  -1.33025  -1.23636  0.595566  -0.801726  
-0.108443  -0.386176  -2.53452  -3.41331  0.54698  0.579544  -1.02322  1.44288  0.46999  -122.048  1.27831  0.308913  9.49078  1.45092  -0.49455  10.9506  -0.196864  0.43323  -0.0999863  2.73793  1.33216  1.5991  -0.453692  -0.477671  -0.497119  1.62336  -2.65649  -3.21943  0.81177  -0.435233  
0.0442615  0.189431  -3.4199  -2.94616  1.34041  -2.46163  2.47189  4.58532  0.029542  -112.786  1.27917  0.558143  6.92088  2.04119  -0.345828  57.2366  0.0173149  0.636722  0.662295  2.42107  1.16301  -1.24242  -0.345628  0.552187  -0.324446  0.267451  -2.52807  -4.29771  0.733528  -0.0561264  
0.190825  0.696557  -2.55584  -0.643311  1.81034  -4.53027  3.5649  6.5016  -0.904632  -146.268  1.19978  0.642535  3.92353  2.46449  -0.107398  39.6468  -0.0462968  0.391454  0.703949  0.954034  0.475229  -2.10569  -0.253059  1.33487  -0.19762  -0.483724  -0.734106  -3.33033  0.215349  0.0043398  
0.155615  0.785278  -0.582633  1.90675  1.61655  -3.51761  1.15962  5.20684  -1.80582  -199.646  0.978342  0.380477  3.05455  1.96418  -0.0234042  7.43588  -0.755741  0.00899615  -0.292289  -0.779694  -0.420808  0.681481  -0.0469366  1.17455  -0.100658  0.474536  1.33617  -0.741549  -0.524128  -0.387484  
-0.0862162  0.528252  0.98806  2.81034  1.5553  -0.104407  -2.3875  1.40186  -2.1938  -173.162  0.545294  -0.103013  3.45327  0.562036  -0.184865  11.361  -1.73126  -0.137928  -1.54037  -1.90406  -1.16635  4.86582  0.235468  0.0188895  -5.18851e-05  2.18453  2.1061  1.69348  -1.30074  -0.932711  
-0.345292  0.240659  1.17964  1.61688  2.52392  2.48874  -3.61598  -1.93738  -2.09196  -22.3251  0.0463882  -0.519841  2.6896  -0.715708  -0.493921  27.4984  -1.96595  -0.101732  -1.8391  -2.10174  -1.45988  6.31211  0.40007  -1.43612  0.145052  2.79256  1.32396  2.32057  -1.98503  -0.995051  
-0.396275  0.0943168  0.393178  -0.412797  3.95798  1.87918  -1.41568  -2.42265  -1.89273  162.228  -0.32641  -0.697153  -0.158194  -0.912461  -0.773752  -11.3136  -0.865125  -0.242466  -0.780619  -1.53112  -1.1489  3.09792  0.337601  -2.42447  0.289845  1.60731  0.0535652  1.02778  -2.25867  -0.134146  
-0.224949  -0.0161497  -0.199939  -1.66646  3.85966  -1.00664  2.11259  -0.477945  -1.75192  244.717  -0.582768  -0.648842  -3.48545  -0.272029  -0.916619  -108.649  0.927322  -0.69187  0.757663  -0.546948  -0.383604  -2.46267  0.15946  -2.72466  0.251268  -0.249223  -0.671615  -0.698488  -1.79841  1.33308  
-0.0640209  -0.247886  0.0635461  -1.85295  0.89078  -3.52012  4.02809  1.43288  -1.38182  190.958  -0.869206  -0.486799  -5.16079  -0.0298477  -0.925239  -163.451  1.99384  -1.12168  1.39746  0.40264  0.362636  -5.92891  0.0526933  -2.55168  -0.109509  -1.17568  -0.828036  -1.17957  -0.87757  2.39715  
-0.134436  -0.5885  0.819554  -1.90337  -3.63866  -4.61208  3.42904  1.56244  -0.493507  90.5181  -1.16675  -0.241332  -4.58672  -0.938089  -0.85954  -71.6945  1.54086  -1.07425  0.559038  0.856011  0.595532  -5.06951  0.048532  -2.05836  -0.66351  -0.736408  -1.07027  -0.0636311  -0.375528  2.16528  
-0.383293  -0.860859  1.26115  -2.59526  -6.39678  -4.95815  1.69862  0.44402  0.673743  39.5219  -1.22805  0.108055  -2.85561  -2.30629  -0.761731  138.273  0.229557  -0.446791  -1.01485  0.641168  0.234326  -1.74604  0.00287145  -1.18324  -1.06049  0.203572  -1.72226  1.42303  -0.779248  0.723613  
-0.529321  -0.87177  0.972707  -3.37784  -5.05678  -4.10451  0.384548  -0.393159  1.46719  47.5503  -0.881271  0.463872  -1.41692  -2.73791  -0.609247  306.89  -0.555496  0.387875  -2.01211  0.0802803  -0.29984  0.520611  -0.192998  0.0225056  -1.05579  0.70069  -2.34194  1.7407  -1.38627  -0.858989  
-0.381335  -0.53579  0.159949  -2.98949  -0.667244  -0.0553903  -0.582795  -0.723545  1.50204  69.9197  -0.329073  0.555885  -0.725823  -1.71656  -0.316836  304.112  -0.145829  0.891697  -1.78558  -0.311796  -0.50891  0.477508  -0.442265  1.19111  -0.728379  0.665742  -2.17819  0.474093  -0.920678  -1.48333  
-0.0525834  0.0344888  -0.665831  -0.912697  3.29534  6.93311  -2.20836  -1.65111  1.05871  88.378  0.0155846  0.176613  -0.3097  -0.164161  0.176089  168.243  0.805036  0.780984  -0.814481  -0.371609  -0.312975  -0.161278  -0.518248  1.83675  -0.321031  0.488833  -0.938274  -1.38593  0.925352  -1.00188  
0.175128  0.488786  -1.06541  1.91459  4.27799  11.9349  -4.46223  -3.36843  0.704079  115.598  -0.0248574  -0.490812  0.509966  0.645812  0.780649  56.1004  1.15663  0.227788  -0.0387404  -0.382849  -0.0539967  0.363811  -0.296495  1.73829  0.022193  0.193086  0.870498  -2.51354  2.90874  -0.254372  
0.162797  0.410784  -0.890775  3.94451  2.83892  9.5326  -5.66409  -3.95146  0.601904  136.56  -0.19949  -0.952551  1.72687  0.430881  1.24441  63.6403  0.503638  -0.287253  0.139518  -0.586185  -0.0266085  1.32633  0.10931  1.05743  0.265926  -0.548594  2.23646  -2.38136  3.46192  -0.172906  
0.0365611  -0.304313  -0.365084  4.36775  1.40414  0.651037  -4.18368  -1.45263  0.325876  99.0484  -0.135325  -0.837402  2.50864  -0.0544181  1.32268  131.448  -0.520419  -0.378643  0.138259  -0.762063  -0.107544  0.775814  0.464637  0.162792  0.327227  -1.63369  2.39261  -1.3905  2.35226  -0.897055  
-0.00247095  -1.20411  0.0736438  3.49095  1.24667  -7.0713  -0.502578  2.98598  -0.556063  -16.4571  0.203775  -0.285152  1.931  -0.132446  0.993736  132.327  -1.02418  -0.115651  0.580305  -0.46978  0.0668848  -1.43558  0.615239  -0.585869  0.0941906  -2.34366  1.43308  -0.0906497  0.800401  -1.75167  
0.0781879  -1.56166  0.149771  2.14669  1.27626  -7.10249  2.8334  5.4518  -1.76674  -146.832  0.44291  0.197309  -0.0669239  0.0889412  0.483134  21.7629  -0.773014  0.0352624  1.52345  0.364569  0.59252  -3.19049  0.547914  -1.00682  -0.319288  -2.2167  0.290626  1.30656  -0.040654  -2.01092  
0.129432  -1.02724  -0.00520464  0.866392  -0.233951  -0.883165  3.48882  3.39623  -2.35642  -198.92  0.190309  0.238844  -2.31404  0.161839  0.0679775  -124.612  -0.289348  -0.286616  2.36263  1.27441  1.07722  -2.90627  0.307131  -1.17936  -0.539782  -1.75106  -0.0912458  2.60441  -0.20293  -1.60018  
0.024747  -0.0049667  -0.0694416  -0.216893  -3.35705  4.47322  1.4883  -1.15079  -1.56377  -145.579  -0.541736  -0.0776037  -3.3599  0.0760219  -0.119733  -205.989  -0.202615  -0.898646  2.46154  1.67782  0.996903  -1.54629  -0.0526077  -1.31838  -0.313341  -1.72704  0.325495  3.19681  -0.435672  -1.01463  
-0.188624  0.702308  0.0508548  -1.12184  -6.36994  4.47399  -0.984155  -3.54803  0.237143  -49.0571  -1.28614  -0.365432  -2.60073  0.220608  -0.144974  -192.99  -0.593295  -1.24461  1.78906  1.35054  0.25658  -1.01924  -0.412444  -1.47927  0.153775  -2.0093  0.616786  2.36379  -1.00506  -0.653921  
-0.355267  0.644941  0.175105  -1.775  -7.60689  1.28204  -1.8582  -1.66248  1.60039  14.4512  -1.48259  -0.353787  -0.82076  0.697982  -0.178316  -124.853  -0.985696  -1.01263  0.912682  0.477485  -0.668942  -1.48852  -0.585925  -1.38796  0.37315  -1.66891  -0.101605  0.15463  -1.46941  -0.414733  
-0.381439  0.119235  0.209508  -2.08986  -6.86264  -0.494207  -1.05199  1.91849  1.28646  29.4109  -0.935241  -0.105218  0.555033  1.07506  -0.345088  -45.4407  -0.899184  -0.464383  0.392579  -0.575168  -1.17476  -1.51135  -0.466072  -0.774612  0.145016  -0.453895  -1.62337  -2.31146  -1.50334  -0.0320282  
-0.303337  -0.190286  0.306006  -2.01437  -4.91869  0.220661  -0.0783826  3.04946  -0.445359  35.4366  -0.0087076  0.106075  0.47806  0.960151  -0.612605  26.5523  -0.355128  -0.0616747  0.253361  -1.41693  -1.09246  -0.612606  -0.161267  0.169505  -0.20969  0.498585  -2.74654  -3.59189  -1.44655  0.359238  
-0.208685  0.0888298  0.510149  -1.54941  -2.4002  0.73589  -0.0646282  0.63896  -1.9149  64.5276  0.61291  0.11875  -1.16884  0.55093  -0.783913  75.1951  0.160312  0.111461  0.0763029  -1.72011  -0.797655  -0.233884  0.0911403  0.844072  -0.263821  -0.0790089  -2.46066  -3.03001  -1.73963  0.276537  
-0.133851  0.704818  0.45314  -0.797658  0.331428  -0.879314  -0.624161  -2.55213  -1.6595  101.4  0.451731  0.000700394  -3.64365  0.361093  -0.634028  72.6214  0.228525  0.370117  -0.431219  -1.37775  -0.748575  -1.39443  0.170247  0.898735  -0.0264326  -1.81581  -0.999965  -1.10343  -2.14411  -0.41097  
-0.0480839  1.09621  -0.240766  0.0308928  2.47603  -3.26389  -0.602888  -3.32881  0.0427179  105.316  -0.340297  -0.0473447  -5.81777  0.536101  -0.132792  6.91075  -0.0682462  0.896124  -1.0446  -0.594817  -0.953292  -2.61478  0.167911  0.674819  0.0534049  -2.83775  0.335649  1.09857  -1.95665  -1.06795  
0.0789292  0.946779  -1.26058  0.709291  2.87037  -4.07233  0.314516  -1.33978  1.42011  56.8495  -1.08671  0.0948573  -6.73947  0.735368  0.449536  -85.4798  -0.267641  1.35831  -1.26759  0.294724  -0.946055  -1.35539  0.222712  0.745516  -0.35171  -1.8224  0.421724  2.57556  -1.04124  -0.873311  
0.215881  0.420463  -1.66708  1.20063  1.22057  -3.16978  1.185  1.11175  1.022  -26.5417  -1.18644  0.361438  -6.33166  0.681021  0.724546  -141.486  -0.0570925  1.22378  -0.930809  1.0921  -0.326971  2.55134  0.31661  1.08941  -1.03174  0.471753  -0.660817  2.75861  -0.216978  0.186229  
0.275029  -0.0854321  -0.879333  1.50734  -1.07998  -2.24337  0.836363  1.73683  -0.874599  -109.39  -0.643625  0.548665  -5.55637  0.535802  0.535099  -132.516  0.354847  0.403681  -0.427449  1.69707  0.719853  6.12203  0.317459  1.03645  -1.42642  1.98644  -1.83114  1.60995  -0.31334  1.1629  
0.184927  -0.333819  0.555808  1.50075  -1.92879  -2.05378  -0.81676  0.300115  -2.70158  -165.542  0.00853712  0.438765  -5.68765  0.578915  0.107903  -93.8421  0.453912  -0.54495  -0.278844  1.85106  1.51049  6.20757  0.17335  0.151401  -1.2099  1.47349  -2.1575  -0.264038  -1.04593  1.15329  
-0.0305658  -0.384785  1.45262  0.869318  -0.539178  -1.48422  -2.66327  -1.56262  -3.18153  -185.14  0.27943  -0.0217979  -6.88805  0.748285  -0.170017  -82.2935  0.0190728  -0.944172  -0.527304  1.21381  1.48095  2.7153  -0.0196955  -1.06389  -0.614652  -0.391557  -1.68287  -1.82362  -1.2234  0.31913  
-0.244141  -0.421309  1.24576  -0.387129  1.8177  0.564658  -3.37386  -2.00286  -2.34312  -162.416  0.141109  -0.658496  -7.80386  0.719778  -0.12778  -113.395  -0.565559  -0.653575  -0.699791  -0.091755  0.681609  -1.3885  -0.155134  -1.6348  -0.170169  -1.89526  -1.13324  -2.31191  -0.160508  -0.300003  
-0.32189  -0.528587  0.521174  -1.72294  3.26699  3.2395  -2.50249  -0.514687  -1.1196  -90.6174  -0.145041  -1.11067  -6.66366  0.422664  0.0420699  -146.226  -0.662439  -0.12166  -0.42001  -1.20358  -0.360842  -2.77153  -0.241378  -1.1977  -0.164765  -2.00052  -1.00884  -1.93389  1.43556  0.00252039  
-0.241968  -0.633883  0.219483  -2.35985  3.30846  4.44162  -0.790111  1.78838  -0.308097  22.622  -0.441216  -1.11369  -3.09641  0.175547  0.0273618  -130.287  -0.0444635  0.163326  0.100465  -1.17742  -1.19314  -0.261574  -0.333149  -0.455703  -0.3822  -1.14906  -1.17325  -1.58319  2.22042  0.81019  
-0.105979  -0.593241  0.532749  -2.01225  3.00842  3.16909  0.468171  3.23942  -0.0105105  136.594  -0.770508  -0.781935  1.38822  0.287243  -0.212763  -60.2221  0.841127  0.128585  0.328413  -0.0423655  -1.72059  4.5134  -0.396211  -0.436256  -0.384777  -0.546445  -1.23853  -1.77056  1.65197  1.11125  
-0.0260683  -0.299575  0.798568  -1.08842  3.36633  0.703936  0.496984  2.99164  0.18072  192.794  -1.03007  -0.591213  4.90175  0.647295  -0.357525  20.6644  1.31351  -0.0258922  0.117514  1.04708  -1.97135  8.15005  -0.335799  -1.39976  -0.004274  -0.804526  -1.09663  -1.94724  0.421828  0.470691  
-0.0118152  0.226933  0.361743  -0.206974  3.92033  -0.709086  -0.259535  1.5382  0.636345  167.267  -0.919492  -0.872381  6.75426  0.898977  -0.0817278  67.6139  1.09301  -0.231407  -0.0534839  0.977554  -1.78435  7.84319  -0.146156  -2.51289  0.505157  -1.30591  -0.907156  -1.2003  -0.487746  -0.524548  
0.0123769  0.779211  -0.694209  0.274062  3.26738  -0.104682  -0.607552  -0.0045792  1.26861  104.301  -0.32897  -1.25762  7.56831  0.871527  0.502551  73.227  0.47405  -0.572109  0.372302  -0.069198  -0.944049  3.62752  0.041898  -2.55341  0.773649  -1.08127  -0.801985  0.474836  -0.757832  -0.957309  
0.0952776  1.0281  -1.69848  0.242016  0.819854  1.38288  0.130967  -0.915844  1.52865  77.206  0.377308  -0.882532  7.63718  0.733401  0.864758  56.3979  -0.0601101  -0.928164  1.36326  -0.792718  0.36923  -1.6263  0.107852  -1.03057  0.706549  -0.282495  -0.754885  1.89508  -0.6476  -0.533896  
0.193622  0.76786  -2.05827  -0.397505  -2.25035  1.92221  1.26852  -1.17796  0.856239  105.097  0.673973  0.648266  6.25247  0.712706  0.597622  26.9474  -0.282395  -0.882086  2.30092  -0.277406  1.47466  -5.06644  0.0823775  1.25889  0.503251  -0.333592  -0.646926  1.84136  -0.267854  0.202463  
0.224646  0.146129  -1.69418  -1.47589  -3.9891  0.987451  1.49044  -1.01215  -0.681829  120.338  0.453405  2.50312  2.68261  0.840314  -0.0836277  -19.8552  -0.275858  -0.183073  2.60535  0.891601  1.69807  -6.64958  0.093032  2.79538  0.3142  -2.09545  -0.283024  0.291442  0.535186  0.460752  
0.154803  -0.400344  -0.960757  -2.28179  -3.49186  -0.302743  0.393481  -0.478399  -2.19623  39.9889  0.0863925  3.18367  -2.03538  0.982626  -0.519633  -72.1111  -0.194126  0.797503  2.2217  1.20755  0.988183  -8.16417  0.18647  2.61224  0.0427243  -4.08658  0.555413  -1.61725  1.58553  -0.0953211  
0.0134238  -0.523927  -0.32739  -1.92195  -1.69734  -0.863388  -0.956907  0.327844  -2.64385  -125.496  -0.100551  1.98424  -5.4544  1.00963  -0.341743  -87.6626  -0.123038  1.32244  1.49199  -0.0839162  -0.0501517  -9.74927  0.262499  1.20284  -0.451801  -3.51381  1.76514  -2.73802  2.13038  -1.10518  
-0.150187  -0.265214  -0.083902  -0.336949  -0.364093  -1.16179  -1.25664  0.900832  -1.81128  -257.257  -0.192055  -0.165138  -6.14175  0.841908  0.113351  -36.9901  -0.156771  1.04293  0.724679  -2.07018  -0.729728  -8.8853  0.211355  -0.0015246  -1.03727  0.367552  2.6541  -2.69456  1.59554  -1.79428  
-0.284063  0.0832174  -0.177455  1.35076  -0.303412  -2.40492  -0.449068  0.462528  -0.611971  -241.127  -0.388647  -1.5761  -5.42046  0.448685  0.239552  42.6193  -0.403096  0.330777  0.0189509  -3.00405  -0.828587  -3.83205  0.0755202  -0.155265  -1.33321  4.64038  2.3323  -1.70896  0.34944  -1.52989  
-0.324015  0.318083  -0.2609  1.79839  -0.693259  -4.1559  0.384927  -1.23033  -0.237233  -94.7763  -0.57906  -1.39262  -5.88464  -0.0864422  -0.0828686  66.6017  -0.808979  -0.204081  -0.580688  -1.96682  -0.607454  2.86009  0.0119296  0.178947  -1.10447  5.40498  0.679826  -0.10774  -0.694005  -0.313483  
-0.224619  0.444295  -0.0209151  0.816912  -0.256836  -3.66299  0.438457  -3.14348  -0.986644  38.6479  -0.476015  -0.273071  -8.00922  -0.466381  -0.372619  -3.14287  -1.04328  -0.381347  -0.980194  0.30997  -0.430051  6.15673  0.0993573  -0.0727314  -0.522876  2.07874  -1.25631  1.60905  -1.17777  1.12391  
-0.029135  0.513515  0.465692  -0.492745  0.953068  1.33145  -0.0219308  -3.45966  -2.01972  29.865  -0.153282  0.481658  -9.19609  -0.362358  -0.196152  -99.0172  -0.749733  -0.461602  -1.12496  2.19199  -0.437703  3.99138  0.232148  -0.977943  -0.0110219  -1.8321  -2.14126  2.5402  -1.5963  1.81632  
0.122438  0.488757  0.781315  -1.02146  1.30398  9.02059  -0.391005  -1.28806  -2.23639  -106.046  -0.0772341  0.292572  -6.79397  0.174712  0.256696  -111.028  0.00338193  -0.629146  -1.08102  2.58638  -0.494942  -0.366498  0.245579  -1.45778  0.145397  -2.68609  -1.72124  1.81943  -2.31151  1.35384  
0.112862  0.327673  0.645044  -0.806426  -0.507775  13.7751  -0.692743  2.09853  -1.33803  -228.985  -0.472313  -0.314157  -1.78281  0.701389  0.420676  -16.3999  0.66177  -0.7342  -0.923413  1.69578  -0.32413  -2.12079  0.106566  -0.738321  -0.0414549  -0.75801  -1.05793  -0.362605  -2.76853  0.265983  
-0.0151557  0.081546  0.277362  -0.817511  -3.44851  11.0838  -1.36733  4.17754  -0.0467461  -215.237  -0.847332  -0.458081  1.57446  0.938994  0.100423  79.7281  0.683597  -0.587701  -0.60277  0.53756  0.264448  -0.333742  -0.0635939  0.469771  -0.375041  0.421843  -1.28722  -2.48554  -2.09627  -0.446872  
-0.0923035  -0.170249  0.143802  -1.57302  -4.61722  2.36442  -2.32018  3.53527  0.60757  -71.4151  -0.477263  0.0953809  0.0343027  1.1493  -0.281203  56.662  0.0681218  -0.274308  -0.0312169  -0.10151  1.10123  1.57465  -0.153978  0.705904  -0.623925  -1.51832  -2.28552  -2.88376  -0.357501  -0.234589  
-0.0234243  -0.394903  0.369692  -2.44957  -2.15972  -5.84348  -2.80288  1.17517  0.156823  91.2982  0.674725  0.779121  -5.01932  1.60039  -0.25406  -76.6614  -0.682199  -0.0193059  0.701174  -0.203683  1.57163  0.11687  -0.190372  -0.438335  -0.585518  -4.9635  -2.75851  -1.28452  1.26339  0.521877  
0.0801043  -0.522852  0.580413  -2.38699  2.43326  -7.74736  -2.39434  -0.719977  -1.01706  178.183  1.75063  0.838577  -8.91072  1.74359  0.0977194  -181.035  -1.1013  0.132148  1.28565  -0.165448  1.00037  -4.46489  -0.255876  -1.69405  -0.174227  -6.25332  -1.59788  0.943303  1.66742  0.939822  
0.0216702  -0.40566  0.371899  -1.19823  5.35677  -3.30435  -1.56904  -1.10994  -2.01724  190.013  1.82718  0.0662883  -8.21387  0.599754  0.278693  -140.452  -1.18515  0.325578  1.41052  -0.112114  -0.625027  -8.63545  -0.346889  -1.45022  0.404561  -3.82219  0.959928  2.17378  0.974184  0.48091  
-0.227507  -0.0478731  -0.211625  0.204246  4.00124  2.64356  -1.02291  -0.846244  -2.08614  189.428  0.81162  -1.03159  -3.57742  -1.70955  0.0443112  9.72457  -1.18778  0.611096  1.00158  0.267537  -2.33533  -8.85375  -0.387024  0.469642  0.702234  0.255578  3.4581  1.9906  0.237539  -0.603758  
-0.453413  0.181682  -0.81297  0.901421  -0.695534  5.46255  -0.712529  -1.16354  -1.17506  212.201  -0.537594  -1.70336  1.77576  -3.3424  -0.291283  125.949  -1.12134  0.819103  0.269178  1.17273  -2.8352  -4.21892  -0.369588  2.59536  0.410477  2.71437  4.39798  1.23843  0.207402  -1.55192  
-0.41915  -0.134724  -1.26021  0.999052  -5.1969  4.5457  -0.124733  -1.97597  0.0254809  229.43  -1.38768  -1.56783  5.46094  -2.62698  -0.251542  113.901  -0.617039  0.780467  -0.428103  2.11277  -1.68637  2.86588  -0.372239  3.2623  -0.26797  2.38643  3.39358  0.821028  0.671207  -1.71101  
-0.128557  -0.795353  -1.69751  1.2876  -6.34181  2.53711  0.70704  -1.97878  0.635053  189.752  -1.49791  -0.8675  7.30511  -0.470625  0.247658  13.2614  0.596869  0.518364  -0.782746  2.13057  0.199653  8.06529  -0.355318  2.11319  -0.746827  0.836793  1.45844  0.768473  0.976732  -0.991451  
0.176433  -0.895043  -2.1675  1.87255  -3.50289  1.82635  0.890001  -0.324471  0.327695  84.5604  -1.22764  -0.118782  8.12846  0.228962  0.821295  -73.6537  2.12808  0.152798  -0.711565  0.779048  1.39007  7.99793  -0.0619349  0.267382  -0.644557  0.223222  0.187488  0.497077  0.848607  0.0903647  
0.287553  0.254189  -2.32302  1.77161  1.31931  2.33327  -0.286393  2.12442  -0.391688  -38.3546  -1.04544  0.330899  8.01285  -1.61362  1.01044  -100.457  3.00533  -0.26112  -0.401327  -1.16008  1.23072  2.98231  0.714042  -0.794324  -0.171822  1.05837  0.378364  -0.339238  0.536151  0.776158  
0.249909  2.14299  -1.75611  0.0924062  5.01227  2.40338  -2.3431  3.40213  -0.756914  -119.162  -1.11729  0.491098  6.49776  -2.8869  0.654086  -95.288  2.47913  -0.692153  -0.132873  -2.16829  0.259705  -2.91044  1.72036  -0.510807  0.140911  2.12221  1.34721  -1.41941  0.409367  0.63549  
0.28035  3.31671  -0.595476  -2.42367  5.38714  1.18543  -3.90545  2.30831  -0.585129  -137.232  -1.2579  0.562137  3.74858  0.75728  -0.0312187  -88.1608  0.800973  -0.978387  0.0174706  -1.39155  -0.587605  -5.42756  2.27105  0.371584  0.0452097  2.15823  1.69699  -2.19223  0.612463  -0.0603031  
0.48608  2.76226  0.447799  -3.81577  2.72681  -0.205175  -4.03007  -0.292233  -0.459406  -121.172  -1.17488  0.754841  0.988915  9.18058  -0.59956  -67.6059  -0.878287  -0.893638  0.277465  0.478209  -0.936524  -3.85764  1.8532  0.507241  -0.223459  1.31606  0.836163  -2.45453  1.00144  -0.560562  
0.713235  0.916067  0.724313  -2.93579  -0.348935  0.100252  -2.97921  -2.06189  -0.977597  -115.087  -0.735254  1.12791  -0.733523  16.2908  -0.669851  -20.2495  -1.45646  -0.4189  0.88214  1.87081  -1.02981  -1.07184  0.699473  -0.797836  -0.326024  0.870733  -0.45331  -2.51698  1.21379  -0.36389  
0.684984  -0.880972  0.267134  -0.864939  -1.11155  2.4588  -1.74459  -1.28778  -1.89464  -135.84  -0.0563275  1.46876  -1.73907  15.5464  -0.270621  23.903  -0.819856  0.150222  1.65504  1.92563  -1.05656  -0.111428  -0.382974  -2.76124  -0.239085  1.58854  -1.05906  -2.79493  0.849411  0.264335  
0.285297  -1.71344  -0.320164  0.261565  0.674812  4.83133  -0.993357  1.3688  -2.23326  -160.468  0.620652  1.30119  -3.31145  6.82058  0.0804666  20.979  0.140049  0.449989  2.02433  1.21538  -0.796029  -1.369  -0.786764  -3.63758  -0.182255  2.66194  -0.923578  -3.339  -0.158232  0.586017  
-0.300447  -1.68576  -0.518054  -0.421476  2.56105  4.53912  -0.563748  3.37553  -1.38314  -155.341  1.0688  0.319717  -5.87799  -3.24442  -0.152404  -21.9041  0.438936  0.402208  1.60708  0.784893  -0.041107  -3.1981  -0.637925  -2.26506  -0.235498  2.54413  -0.984234  -3.63488  -1.29353  0.225971  
-0.728311  -1.35056  -0.344986  -1.79971  2.15839  1.0644  0.239099  2.96858  0.0481703  -112.76  1.14213  -1.07745  -8.01987  -7.86749  -0.858201  -45.7117  -0.101196  0.247465  0.718894  0.691795  0.857933  -4.22845  -0.53897  0.737802  -0.212422  0.807173  -1.80476  -2.93327  -1.75351  -0.383949  
-0.793753  -0.952424  -0.221675  -2.36139  -0.190106  -3.20956  1.95652  1.04214  0.72087  -54.3216  0.826483  -1.96793  -7.89838  -6.29723  -1.26544  -11.326  -0.845375  0.231622  0.129025  -0.0529496  1.16798  -4.25869  -0.874682  3.4116  0.0361023  -1.12621  -2.71493  -0.953886  -1.21922  -0.487574  
-0.624102  -0.416834  -0.525667  -1.91105  -2.01322  -5.40665  4.44046  -0.182461  -0.0038372  3.59463  0.384034  -1.92074  -5.9185  -3.24261  -0.851056  52.6621  -1.13638  0.327935  0.225286  -1.95905  0.536886  -3.45185  -1.45571  4.15292  0.346354  -1.37077  -2.64199  1.53428  -0.257296  0.125193  
-0.57707  0.180343  -1.31448  -1.32864  -1.76046  -5.15752  6.78538  -0.158574  -1.27228  75.855  0.357316  -1.73758  -5.28062  -3.10914  -0.172355  89.0613  -0.984741  0.287283  0.543152  -3.8871  -0.571952  -1.73336  -1.80801  3.0266  0.375614  0.387101  -1.55486  2.96951  0.166806  0.86095  
-0.893243  0.48665  -2.30764  -1.24474  -0.423508  -4.57825  7.83785  -0.607753  -1.62271  184.063  1.15248  -2.64827  -8.7994  -5.89745  -0.379761  79.0432  -0.892233  -0.0505199  0.291818  -3.94941  -1.30923  0.611241  -1.6782  1.4551  -0.0107865  2.56862  -0.580066  2.23034  -0.383849  0.966839  
-1.39563  0.313803  -3.0123  -1.37228  0.138587  -5.15591  6.96253  -2.70943  -0.63744  300.603  2.42122  -4.56137  -14.9509  -8.41219  -1.71682  49.5071  -1.10081  -0.525071  -0.649821  -1.69081  -1.25632  2.50007  -1.191  0.692969  -0.563791  3.44281  -0.591654  -0.182882  -1.40231  0.339986  
-1.56636  -0.03485  -2.92611  -1.18649  -0.357924  -5.52267  4.44953  -4.7261  0.530862  339.3  3.02929  -5.49514  -17.8015  -8.10063  -2.85533  25.2825  -1.23475  -0.752163  -1.45198  1.08181  -0.727989  2.81411  -0.620003  0.777099  -0.877509  2.80836  -1.11574  -2.28152  -1.91998  -0.378821  
-0.993128  -0.0652192  -1.83049  -0.560151  -0.661484  -3.11106  1.122  -3.70548  0.409757  227.131  1.97513  -3.37752  -12.1957  -4.90906  -2.15866  2.90507  -0.735203  -0.454746  -1.17546  2.0679  -0.305104  1.28157  -0.126909  0.942496  -0.723599  1.70621  -0.982595  -2.28274  -1.35528  -0.49183  
0.202847  0.321495  -0.0154523  0.284236  -0.0987153  2.2761  -2.3843  0.629173  -1.13648  -10.1226  -0.527157  1.53593  0.751759  -0.231323  0.39003  -26.3792  0.409279  0.264511  0.16005  0.988958  -0.181524  -1.39614  0.28724  0.777346  -0.21597  0.859549  0.122664  -0.296397  0.0524625  0.0349219  
