1.55296  1.74413  2.33329  6.67659  0.641654  -0.02665  0.297302  0.933236  2.26231  1.90361  -1.39094  1.95604  4.64119  0.741672  1.35874  2.53398  5.53664  -5.94414  1.58115  3.09776  -1.4413  0.368961  8.33769  -1.18724  3.20313  4.10695  0.979843  2.00158  3.73404  2.72563  
-2.56622  -3.44177  -3.20172  11.6212  -4.18898  0.246832  0.787024  -1.91694  -5.52936  2.05111  -4.96221  -3.5386  -6.78884  -3.05503  -0.147832  -1.90862  70.769  -2.87435  8.83629  -4.5741  -0.932622  -4.12299  4.17967  -5.4054  2.25417  -4.67603  -7.3548  -2.9684  1.74633  -2.48805  
-5.22389  -6.2843  -6.70948  6.60018  -6.92341  -3.14964  -0.680275  -4.43232  -8.64696  -0.0169096  -7.07908  -6.46023  -11.8461  -4.74394  -2.95268  -5.48762  73.5626  -2.50137  6.93908  -7.94939  -0.475951  -5.76838  -1.92771  -6.89422  -1.43371  -9.57167  -10.4184  -6.25297  -1.70934  -5.72878  
-5.89862  -6.34911  -7.59077  -6.38643  -6.52753  -8.87301  -3.97489  -5.93733  -6.86013  -3.58161  -7.62313  -6.2738  -7.54151  -4.09328  -6.22596  -7.33753  12.1515  -4.48265  -3.40504  -6.69447  -0.652921  -3.91776  -8.30807  -5.59879  -6.7974  -9.44605  -7.70721  -6.95297  -5.93153  -6.28933  
-5.15979  -5.0552  -6.78266  -16.037  -3.70883  -11.8679  -7.01536  -5.77154  -3.78165  -6.24751  -7.37259  -4.59398  2.22783  -2.65208  -7.834  -7.05459  -57.0862  -5.67424  -12.9488  -4.03986  -2.16582  -0.628916  -10.7873  -3.85048  -9.95454  -6.17642  -3.01386  -5.47307  -8.45949  -5.18703  
-3.9849  -3.93212  -5.61303  -14.8777  -0.620953  -9.11154  -7.68481  -4.0723  -2.42758  -7.16272  -6.63057  -3.36181  7.82969  -1.95442  -6.88992  -5.22948  -78.2682  -3.55181  -14.0315  -2.82319  -4.74986  1.0376  -7.36636  -3.62191  -8.59722  -2.59049  0.0517177  -3.30781  -7.56665  -4.32765  
-2.96824  -3.25241  -4.70908  -6.76131  0.640845  -2.61208  -5.72559  -2.01158  -2.51069  -7.48791  -5.084  -3.11369  2.10837  -2.08822  -4.6475  -3.20301  -46.4179  1.00907  -7.71065  -2.81515  -6.77106  -0.32468  -0.924041  -4.46135  -4.4291  -0.30942  1.2067  -1.9489  -4.1136  -4.84338  
-2.11092  -2.38519  -3.92533  -0.861666  -0.268389  3.3097  -2.80432  -0.901262  -2.04336  -7.82235  -3.04599  -2.97153  -10.9725  -2.04541  -2.7786  -1.99183  -1.36259  4.51093  -0.990505  -2.07219  -6.38402  -3.10063  3.49012  -4.43066  -1.02321  0.693742  2.29227  -1.71935  -0.729365  -6.03202  
-1.20217  -1.04376  -3.05158  -1.0914  -1.66636  6.16888  -1.17837  -0.937007  -0.395861  -6.85411  -1.96578  -2.13052  -18.5644  -1.16181  -1.60492  -1.44958  18.5739  4.25347  1.09686  -0.00665701  -3.37931  -4.23414  3.62631  -2.72619  -0.0394066  1.22175  4.23705  -1.67895  0.635981  -6.08197  
-0.247926  0.238773  -2.24855  -3.58379  -1.54452  6.02497  -2.04162  -1.02983  1.21778  -3.24987  -2.97444  -0.958404  -12.3492  0.123725  -0.498027  -0.662785  10.313  0.71497  -0.687216  1.827  0.287628  -2.35102  1.71192  -0.781501  -0.261211  1.88225  5.94335  -0.797892  0.221394  -4.03873  
0.496726  0.836473  -1.80953  -3.21734  0.299809  3.62569  -4.77271  -0.120938  1.7124  1.96916  -5.18729  -0.474883  1.66101  0.908015  0.612764  0.802325  -2.26061  -3.50039  -2.51524  1.93287  2.14304  0.614217  1.17371  -0.518535  0.030414  2.72506  5.83497  0.784661  -0.276931  -0.92437  
0.811894  0.793445  -1.72997  0.325229  1.92632  -0.224466  -7.28746  1.42803  1.4113  6.23916  -6.19306  -1.01019  9.59382  0.886352  1.00207  2.26873  0.921305  -6.27585  -2.10385  0.896983  1.4562  1.61686  2.7306  -1.87678  0.866143  3.3798  3.63427  1.82667  0.416514  1.3188  
0.731941  0.643379  -1.68436  3.48472  1.25255  -3.48597  -7.44379  2.09006  1.18986  8.23071  -4.52222  -1.66303  5.63582  0.575268  0.30687  2.75835  18.5698  -7.1557  -0.231677  0.572784  -0.294216  0.0862805  4.31275  -2.72691  1.10568  3.39146  0.521944  1.33805  2.01242  1.80194  
0.466557  0.646698  -1.31437  3.71765  -1.58739  -3.24849  -4.66409  0.915578  1.15563  8.95412  -1.22022  -1.34109  -1.79994  0.553324  -0.773042  2.20474  35.3687  -6.48201  0.983999  1.56833  -1.29914  -1.3765  4.32973  -1.4101  0.371269  2.72126  -1.87184  -0.282506  3.10384  1.32543  
0.18937  0.538452  -0.399611  1.78089  -4.12221  1.30226  -0.712952  -1.26508  0.812864  10.0795  1.3607  -0.0901736  -1.03789  0.791239  -1.25069  1.50598  39.4478  -4.43624  0.282275  2.35374  -1.49616  -0.45733  3.85053  1.10954  -0.343231  2.07844  -2.48516  -1.6338  2.61819  1.11276  
-0.0628965  0.0552707  1.17307  -0.170466  -3.97598  6.82468  1.34709  -2.6752  0.126195  11.8101  2.03897  0.839206  8.51254  0.784126  -0.947749  1.38165  30.4609  -1.42581  -1.83718  1.21026  -2.39879  1.37703  4.93801  2.09461  -0.012737  2.43323  -1.39721  -1.74692  0.877762  1.38917  
-0.313315  -0.574625  3.25385  -1.09791  -1.46689  8.30482  -0.493869  -2.47872  -0.331048  12.7213  1.65952  0.414086  16.4734  0.259612  -0.432624  1.54036  15.2954  1.28265  -3.73386  -1.35873  -4.91157  0.24395  7.62379  0.0953599  1.11364  3.8015  0.104169  -0.992555  -0.739529  1.53157  
-0.533496  -0.857869  5.11385  -1.38392  0.516365  4.22396  -5.24928  -1.48531  -0.226699  11.047  1.57238  -1.01933  14.5328  -0.456558  -0.159386  1.23366  0.18575  2.08459  -3.92914  -2.80566  -7.75797  -5.13446  9.27771  -3.2986  1.9202  4.7092  0.413919  -0.490446  -1.10034  1.27057  
-0.637895  -0.665403  5.62324  -1.59114  -0.505465  -1.37126  -9.06912  -0.934274  0.0668775  6.01958  1.89965  -2.15429  4.92349  -0.779386  -0.0979537  0.382126  -12.7085  0.556682  -2.38481  -1.30884  -8.49478  -10.7463  7.51681  -4.98878  1.73293  3.5161  -0.878087  -0.802825  -0.248676  1.14566  
-0.558659  -0.380679  4.23723  -1.73531  -3.74  -2.69042  -7.89177  -0.981934  0.0974434  -1.21073  1.70767  -2.27817  -4.68116  -0.468908  -0.121364  -0.257577  -23.0732  -1.9575  -0.399122  2.00739  -6.04056  -10.7815  3.19267  -3.51384  0.860407  0.491075  -2.28986  -1.40767  0.811538  1.60092  
-0.301441  -0.366024  1.92195  -1.55602  -5.65859  1.79466  -0.802864  -0.732597  0.0429006  -7.46121  0.576316  -1.96577  -10.6811  0.177931  -0.279007  -0.096364  -29.5973  -3.53939  0.83372  4.0704  -1.86893  -3.69037  -0.0108968  -0.402692  -0.0422437  -1.98351  -1.88012  -1.46286  1.08911  2.15031  
0.0658683  -0.449183  0.61271  -1.0276  -3.66341  7.34564  8.40928  0.36481  0.372397  -8.98739  -0.57297  -2.10677  -14.7559  0.686685  -0.520888  0.544137  -29.6221  -3.30317  1.50895  3.03544  1.48426  6.04803  0.692897  1.59564  -0.689444  -1.71246  0.424951  -0.841033  0.36426  1.89985  
0.444172  -0.147063  1.32237  -0.306586  0.896019  7.31396  13.5781  1.63946  0.994438  -4.53  -0.466338  -2.50483  -17.779  0.828178  -0.488935  0.956219  -22.1895  -1.69307  2.62176  0.165081  2.84084  12.2705  4.09407  1.31579  -1.02615  0.952068  2.37351  -0.214668  -0.71135  0.725312  
0.716054  0.632268  2.88275  0.48859  3.84758  -0.352331  10.8437  1.92639  1.18102  2.75882  1.008  -2.10131  -17.9561  0.71889  0.0953654  1.03156  -11.7013  0.250201  4.24003  -1.65569  3.00462  12.5116  5.89956  0.0665194  -0.868879  3.52365  1.834  -0.19062  -1.15583  -0.536127  
0.763995  1.29912  3.02766  1.40818  2.61076  -10.8383  2.11604  0.942401  0.472029  7.10455  2.5727  -0.590286  -15.4849  0.566287  0.939467  1.28638  -6.70423  1.46867  4.95098  -1.00712  3.09926  8.88613  3.02884  -0.0884491  -0.0810848  4.06148  -0.596461  -0.580582  -0.472482  -1.12632  
0.543461  1.15697  0.82211  2.44617  -0.854573  -16.673  -6.25654  -0.406929  -0.622769  4.92638  2.88814  0.732717  -14.5854  0.440024  1.3526  1.94118  -12.622  0.813519  3.47602  0.838184  2.85768  4.75509  -2.80801  1.35014  0.97701  2.95737  -2.12719  -0.678449  0.888338  -1.24632  
0.150387  0.194472  -2.27112  3.15102  -1.93851  -14.2205  -8.74785  -1.10511  -1.11078  -2.05389  1.88042  0.349329  -17.7328  0.284898  0.934043  2.42942  -24.3767  -2.25114  0.302468  1.67837  1.04682  1.45096  -6.39101  2.89386  1.47935  1.98262  -1.04871  -0.124188  1.93271  -1.58082  
-0.208973  -0.830516  -3.90751  2.69534  1.65556  -6.38256  -5.15201  -1.09007  -0.611957  -8.30956  0.649966  -1.41069  -20.0567  0.0704491  -0.0242842  2.06211  -27.3206  -6.3152  -2.65823  0.84482  -2.50394  -1.69275  -4.09231  2.76423  0.94201  1.99821  1.05232  0.682989  2.09301  -2.15154  
-0.351532  -1.14147  -3.15047  0.850675  7.2439  0.739822  -0.130076  -1.00668  0.193232  -9.20412  0.156444  -2.35361  -13.8473  -0.149366  -0.913132  0.980939  -10.0923  -7.98904  -3.91651  -0.392102  -5.95113  -5.31465  2.3615  0.80926  -0.0446726  2.26826  1.10432  1.08884  1.71389  -2.12133  
-0.245385  -0.694547  -1.01198  -1.31561  9.79137  3.51743  1.61203  -1.09965  0.361041  -4.50696  0.253941  -0.882574  1.36445  -0.307801  -1.437  0.068671  21.8344  -4.8825  -3.55052  -0.595742  -6.94766  -8.54282  7.57067  -1.43368  -0.236676  1.80137  -1.5429  0.928982  1.51771  -0.898543  
-0.00776784  -0.126482  0.902141  -2.10898  7.04844  3.32621  -0.468782  -0.805175  -0.233238  1.79988  0.10769  1.9931  16.3881  -0.363936  -1.71913  -0.0627339  46.472  0.753846  -2.62745  0.31315  -5.00163  -9.7623  7.8812  -2.41674  0.90456  0.756371  -3.77666  0.608873  1.79359  0.910838  
0.207041  -0.00675056  1.74561  -0.990205  1.64066  3.97453  -3.10491  0.328502  -0.764978  5.21022  -0.673872  3.56865  21.7065  -0.301979  -1.81035  0.305614  43.8612  2.72139  -1.9355  1.37596  -1.93991  -8.20457  4.74875  -2.06647  2.40007  0.21047  -1.96129  0.521793  2.38616  1.9284  
0.316201  -0.252335  1.50031  0.633721  -1.97694  7.29911  -3.25509  1.63462  -0.392599  4.51583  -1.60046  2.50622  17.3207  -0.120593  -1.40098  0.462678  16.4802  -3.0348  -1.50658  1.92429  0.0244539  -4.88874  2.63505  -1.47151  2.56048  0.815201  3.70561  0.564433  3.24293  1.37097  
0.302191  -0.34355  0.479643  0.728194  -2.10938  11.1907  -1.15764  1.79953  0.763535  2.66562  -1.99474  0.240152  11.001  0.0713823  -0.202357  0.0673358  -10.7215  -12.9749  -1.00759  2.07396  0.355779  -1.77819  3.98006  -1.35977  0.745244  2.17553  8.85939  0.308815  4.33326  -0.104314  
0.164338  -0.0143805  -0.784584  -1.11987  -0.960826  11.6513  0.434106  0.481559  1.70856  3.78614  -1.81261  -0.798247  8.46905  0.0777096  1.41158  -0.617188  -13.2138  -18.1179  -0.29691  2.05653  0.178611  -0.226848  6.90636  -1.2893  -1.76143  3.41949  9.18499  -0.449834  4.80386  -0.984467  
-0.0958336  0.414161  -1.53995  -3.18633  -1.49309  6.72056  -0.477857  -1.01316  1.55807  8.91411  -1.5469  -0.0112528  8.31113  -0.224975  2.43526  -1.09595  8.37111  -13.1118  0.398157  1.64985  0.558795  -0.187394  7.82145  -0.547752  -2.91939  3.92503  4.61939  -1.4038  2.99749  -0.298534  
-0.41826  0.455424  -1.4005  -3.4015  -3.95622  -1.13164  -3.19828  -1.12497  0.338678  14.5068  -1.47998  0.963494  7.06169  -0.680662  2.17701  -1.03914  27.99  -2.2557  0.579394  0.580571  1.23822  -0.833753  5.68938  0.646056  -2.03366  3.51728  -0.950718  -1.98391  -1.79409  1.57787  
-0.656423  0.085187  -0.893955  -1.54236  -5.91833  -6.4651  -5.30988  0.07679  -1.09429  15.4143  -1.38046  0.423463  5.54585  -0.934733  1.0818  -0.365757  20.1781  4.699  -0.127267  -0.83245  1.13005  -1.68862  2.93661  1.33269  -0.382749  2.39098  -3.84133  -1.83917  -7.49982  3.41124  
-0.656656  -0.213048  -0.875281  0.786641  -5.24135  -5.45148  -5.12639  0.993577  -1.84701  9.74859  -1.0377  -1.38221  7.18542  -0.762521  0.344579  0.747045  -14.0252  2.87228  -1.48034  -1.84037  -0.280524  -2.79961  2.41966  1.15326  0.303203  1.1675  -3.91802  -1.09679  -10.3048  4.24327  
-0.406529  -0.0713958  -1.20199  2.12385  -2.30312  0.320433  -2.97184  0.560636  -1.63365  0.868466  -0.695857  -2.77509  11.7979  -0.324895  0.583063  1.82934  -47.5264  -3.06472  -2.46607  -2.06564  -2.29663  -4.06232  4.16012  0.855569  -0.184317  0.650015  -3.80663  -0.254706  -8.23923  3.97913  
-0.0861502  0.253805  -0.593146  2.61575  0.769113  4.79843  -0.556321  -0.444224  -0.812741  -5.50386  -0.686651  -2.70029  14.5363  0.00966683  1.10729  2.2881  -53.3093  -4.92842  -2.07857  -1.72941  -3.68796  -4.92292  5.47049  1.15773  -0.492049  1.08544  -5.40831  0.176115  -3.39332  3.06862  
0.0596747  0.150077  1.68524  3.13882  2.41225  3.08166  0.515952  -0.601018  -0.000914168  -6.15811  -0.749015  -1.74851  12.1561  0.0792896  0.759391  1.93365  -28.6107  -0.32517  -0.439939  -1.08202  -3.78001  -4.99418  3.98438  1.5617  0.320304  1.69036  -7.7802  0.0250953  0.178575  1.87137  
-0.0557617  -0.563776  4.37265  3.65893  2.64644  -3.61128  -0.154856  0.13473  0.3523  -2.73342  -0.262009  -1.1516  7.66587  0.0873832  -0.614584  1.27394  4.992  5.45122  1.06805  -0.0295525  -2.88241  -4.53739  0.146786  0.958864  1.42753  1.32596  -8.31174  -0.43556  0.668041  0.457541  
-0.263883  -1.28049  5.262  3.15133  2.17756  -9.03322  -1.68098  0.427637  0.260877  0.417791  0.801957  -1.27832  6.20432  0.318081  -1.86498  0.987062  23.3236  6.18106  1.17946  1.31073  -1.79792  -3.97978  -3.37184  -0.642129  1.23221  -0.0856041  -5.55378  -0.747101  -0.150949  -1.0824  
-0.292646  -1.17838  3.79901  1.43813  1.3904  -8.27598  -2.52134  -0.451814  0.17985  0.294982  1.55972  -1.41748  7.9915  0.74371  -1.82392  1.0889  20.2176  1.59943  0.124842  2.04469  -1.05407  -3.10438  -4.23891  -1.71403  -0.469779  -1.12064  -0.666825  -0.682634  0.0969201  -2.41649  
-0.0421605  -0.138452  1.9141  -0.0159523  0.485593  -2.42937  -1.75709  -1.52674  0.569233  -2.53678  1.24099  -0.828926  7.87078  1.0379  -0.631552  0.948444  7.76472  -3.15912  -0.673971  1.22087  -0.612476  -1.38209  -2.19838  -0.93235  -1.99734  -0.235493  3.68796  -0.448853  1.03833  -3.19497  
0.295892  1.03879  1.77419  0.296621  0.0585951  3.08068  0.114031  -1.47344  1.322  -5.19756  0.270426  0.26124  2.26399  0.943999  0.514076  0.285463  -0.217823  -3.8706  -0.242308  -0.695815  -0.232902  0.728471  1.12977  1.11604  -1.73874  2.47201  5.64249  -0.426243  0.131937  -3.31529  
0.424508  1.41178  3.14774  1.58705  0.726737  4.1428  1.39019  -0.482891  1.73223  -5.3851  -0.13523  0.861446  -5.97618  0.553704  0.758037  -0.175922  -2.44969  -1.79026  1.01397  -1.68818  0.034746  1.62084  3.7288  2.5406  0.0110075  5.14085  5.3535  -0.734191  -3.73117  -2.86228  
0.248732  0.830577  3.72422  1.45306  2.21968  1.32682  0.730612  0.0551395  1.2684  -3.11912  0.509675  0.221586  -11.4127  0.145275  0.354842  0.516057  -8.39757  -1.70856  2.13566  -0.156789  -0.130714  0.145193  4.33636  2.37665  1.54609  5.96912  4.33282  -1.09158  -8.28305  -1.91253  
-0.0278806  0.00720909  2.04331  -1.02988  3.37931  -1.67247  -1.41015  -0.46679  0.351438  -0.067317  1.34871  -1.30447  -12.5971  -0.134093  0.0266896  2.11241  -22.9368  -6.22383  2.8764  2.97969  -0.736356  -2.62211  2.7601  1.58904  1.79746  4.77603  3.81443  -1.13881  -10.0489  -0.575003  
-0.129312  -0.296058  -0.675521  -3.4811  3.30891  -1.82622  -3.00359  -1.09603  0.0356463  2.21782  1.27725  -2.4415  -12.4442  -0.351848  -0.0429072  3.08179  -37.3277  -12.307  3.63261  4.83956  -1.13381  -4.01875  -0.137547  1.66973  1.32011  2.73749  3.81025  -0.837233  -7.88028  0.780261  
0.00859272  -0.00131401  -2.0643  -2.878  2.18015  1.17877  -2.38965  -0.788335  0.786182  3.35269  0.310415  -2.08394  -12.2117  -0.561468  -0.222232  2.34298  -37.4509  -13.8399  4.32129  3.50154  -0.585402  -2.29124  -2.73385  2.7137  1.15453  1.03811  3.53704  -0.444045  -3.6709  1.51457  
0.210089  0.36846  -1.52184  0.462268  0.69088  5.59799  0.120949  0.103037  1.78582  3.66015  -0.504591  -0.368343  -9.23121  -0.63713  -0.634358  0.745539  -21.3114  -7.84313  4.01149  0.0925317  0.730517  1.40285  -3.44193  3.39439  1.4293  0.131978  2.4759  -0.138645  0.0834236  1.22698  
0.283596  0.352864  -0.832492  2.6276  -0.908115  9.12443  2.54557  0.481676  1.74974  3.51186  -0.399587  1.33335  -2.656  -0.427239  -0.786272  0.229345  -3.42725  1.82386  2.0866  -2.43882  1.55579  3.9912  -1.90222  2.67158  1.46648  0.0592965  0.900868  0.179857  2.52254  0.273862  
0.207517  0.00234571  -1.81348  0.876962  -2.69834  9.92778  2.98512  0.171783  0.383173  3.43  0.302419  1.68338  1.60806  -0.0163769  -0.217711  1.45587  0.707826  7.63811  -0.576036  -2.48217  0.71705  3.45827  0.72157  0.973492  0.903779  0.624626  -0.503345  0.634853  4.0811  -0.454498  
0.0808522  -0.289756  -3.99572  -2.56948  -4.16709  7.36193  1.09024  0.0421825  -1.28262  4.3571  0.74955  0.699884  -3.85095  0.278729  0.768556  2.77112  -6.9587  5.5113  -2.11594  -1.22608  -1.51462  0.974855  2.76311  -0.486886  0.156388  1.06905  -1.20135  1.01557  4.89727  -0.364836  
-0.030214  -0.247112  -5.11935  -2.70851  -4.18838  2.33375  -1.94554  0.46651  -2.00735  6.89537  0.601079  -0.278307  -17.1338  0.245897  1.40489  2.02258  -8.47973  -1.24374  -1.52167  -0.904208  -3.50787  -0.176465  3.64333  -1.03442  -0.302011  0.340542  -0.998128  0.875046  4.40632  0.270458  
-0.133796  0.041133  -3.70636  2.03212  -2.43884  -3.1291  -4.43271  0.590726  -1.5671  9.77347  0.310552  -0.0553538  -25.5994  0.0306193  1.40228  -0.78158  8.72082  -5.81698  0.284648  -2.08895  -3.82544  2.04385  4.22362  -0.809902  -0.546806  -1.65234  -0.0165938  0.0418031  2.51258  0.659431  
-0.209747  0.273099  -0.603958  7.38259  -0.340439  -7.05078  -5.45694  -0.347361  -0.732841  9.91396  0.493225  1.19194  -18.5899  0.0135335  1.24849  -3.2411  35.7891  -5.09641  1.452  -3.13207  -2.58759  6.09209  5.42325  -0.0982951  -0.911499  -3.21008  1.16722  -1.03802  0.284017  0.41638  
-0.184487  0.230921  2.10009  7.88313  0.0851305  -8.51574  -5.26571  -1.59841  -0.263273  5.04003  1.25976  2.16527  -0.366128  0.367372  1.40036  -3.16193  50.6301  -2.09426  1.15359  -2.19078  -1.17718  8.12307  6.70575  1.021  -1.38899  -2.18721  1.58258  -1.63956  -0.958536  0.00936871  
-0.0324515  -0.0308981  3.22747  3.20968  -1.53626  -7.88491  -4.79339  -1.66223  -0.219183  -3.3576  2.0685  1.90152  12.6936  0.848421  1.56543  -0.989054  41.4719  -1.11775  0.28341  0.667569  -0.698049  5.76125  6.35777  2.22157  -1.63185  1.4493  0.600889  -1.43336  -0.957186  0.120765  
0.134529  -0.25131  3.22798  -1.50805  -3.33596  -6.31055  -4.47604  -0.310576  -0.175658  -10.4779  2.18689  0.645128  8.75926  1.00754  1.13637  0.778177  18.169  -2.24153  0.19947  3.4217  -0.926649  0.49074  3.55917  2.67853  -1.48855  4.89181  -1.22579  -0.742908  -0.507215  0.664637  
0.181598  -0.19133  3.0712  -1.59026  -3.09313  -4.98391  -3.54937  1.00258  0.140664  -12.3473  1.35132  -0.613425  -7.54221  0.644684  0.252934  0.383619  -0.408096  -1.88945  1.07089  3.98915  -0.809922  -4.04345  -0.268172  1.77127  -1.06895  5.07011  -2.34553  -0.112775  -0.250883  0.75456  
0.128526  0.141127  3.03596  2.15437  -0.496531  -4.24665  -0.692162  1.02667  0.566191  -9.43973  0.165154  -1.2069  -20.976  0.00209972  -0.155724  -1.45745  -5.32649  1.55776  1.67336  2.03238  0.193549  -5.80397  -2.75089  -0.0452318  -0.368359  1.95313  -1.7209  0.254122  0.0289725  -0.158005  
0.130494  0.471699  2.80784  4.94391  2.74161  -3.08146  4.38367  0.253633  0.701397  -5.92077  -0.330706  -1.22346  -21.3685  -0.470669  0.390809  -2.67523  -2.90076  5.0423  0.743821  -0.886085  1.39051  -5.79396  -2.92002  -1.52725  0.766625  -1.31581  -0.00929971  0.534904  0.746587  -1.29204  
0.25026  0.494633  2.34796  3.52872  4.68506  0.213113  9.91897  -0.0230316  0.311994  -5.27935  0.241217  -1.04043  -11.5545  -0.510074  0.998547  -2.24915  -3.86401  4.6352  -1.70645  -2.68546  1.51695  -5.80991  -1.70188  -1.92262  2.11002  -1.72672  1.09724  0.862942  1.52455  -1.10074  
0.332409  0.175116  2.10611  -0.846875  4.71451  5.84458  13.0434  0.343495  -0.368631  -7.20954  0.9495  -0.901684  -0.957654  -0.207732  0.304758  -1.09419  -11.3916  0.747974  -4.38605  -2.38238  0.115249  -5.66128  -0.203464  -1.67907  2.78111  0.582465  0.744195  1.05462  1.40094  0.956357  
0.201464  -0.208752  2.32045  -4.72905  3.43744  11.1687  11.7256  0.301737  -0.72193  -8.67009  0.411411  -0.832441  5.19827  0.163835  -1.6749  -0.645878  -19.6226  -2.2789  -5.78578  -0.659846  -1.75675  -3.40274  1.54972  -1.60738  2.05021  2.92835  -0.274377  0.838918  0.164352  3.50582  
-0.0611859  -0.345639  2.48479  -6.06707  1.78268  12.2504  6.14635  -0.539339  -0.290599  -7.2044  -1.50979  -0.862266  8.1809  0.393151  -3.09507  -1.08959  -21.5263  -1.63943  -5.05934  0.905323  -2.29829  1.88896  3.67631  -1.64823  0.306391  3.248  -0.663879  0.258614  -0.994768  4.48183  
-0.15578  -0.19202  1.94  -5.30358  0.437537  7.76902  -1.58139  -1.0859  0.68185  -2.73254  -3.14983  -0.881617  10.4446  0.447055  -2.15352  -1.32712  -15.6451  0.584026  -2.22537  1.19404  -0.636007  8.5077  5.19901  -0.940132  -1.13477  1.92386  -0.113065  -0.322889  -0.665682  3.24152  
0.072034  0.040792  0.826485  -3.67011  -0.176118  1.09575  -8.61699  -0.379098  1.35308  3.17577  -2.66121  -0.615791  11.416  0.419444  0.735896  -0.512039  -7.57367  0.430647  1.93505  0.378988  2.17128  13.4244  5.08269  0.795968  -1.33586  0.581678  0.685248  -0.648154  0.954394  1.14884  
0.410322  0.164237  0.0627777  -1.89823  -0.0244365  -2.48282  -12.4235  0.696505  1.13435  8.64934  -0.132647  0.213635  9.94929  0.474254  3.05038  0.902983  -4.47088  -2.67028  5.94966  -0.426104  3.93994  14.6236  4.14528  2.48286  -0.663315  -0.04738  1.2097  -0.847798  1.90291  -0.0225335  
0.506238  0.204409  0.263865  -0.19599  0.360023  -1.24812  -11.7185  0.330288  0.375334  11.8042  2.2719  1.43118  7.75786  0.720883  2.65247  1.79357  -7.95998  -5.25145  8.11597  -0.263056  3.37995  11.8967  4.40071  2.75428  -0.103102  -0.487683  1.6999  -1.22688  0.544354  0.0765887  
0.287051  0.293355  0.989605  1.25966  0.210739  0.763975  -7.37784  -1.6753  0.00420878  11.0922  2.47821  2.42826  8.55781  1.09684  0.0051304  1.69563  -11.5554  -4.29593  7.56668  0.857057  1.3305  6.3445  5.69078  1.62414  0.000412274  -1.01034  2.44465  -1.76668  -2.33831  0.379232  
0.0266028  0.449137  1.34538  2.57119  -0.659084  -1.81457  -2.25069  -3.31166  0.501589  6.49911  0.581277  2.58096  13.7321  1.28833  -2.25583  1.11375  -7.28184  -1.07488  5.10666  2.06287  -0.138578  -0.103403  4.64541  0.506621  0.122778  -0.933517  3.0376  -2.00752  -4.05461  -0.0797476  
-0.0113638  0.524775  1.15519  3.99945  -1.5458  -8.91969  0.890622  -2.73016  1.35825  0.488887  -1.39553  1.83424  20.2544  0.948644  -1.86599  0.592685  5.03155  0.418417  2.6587  2.41674  0.163876  -5.05663  -1.27042  0.509528  0.60375  0.147837  2.73688  -1.51498  -2.92668  -1.05105  
0.10766  0.392512  1.16846  5.37936  -1.64698  -13.8149  1.69528  -0.529615  1.68381  -3.26831  -1.65901  0.705489  23.4067  0.069764  0.988462  0.0149395  16.6384  -1.65032  1.53284  1.58856  1.47952  -6.83407  -8.8767  1.22146  0.981804  1.05726  1.37854  -0.441667  -0.282742  -1.61222  
0.112382  0.0977999  1.98925  5.77376  -1.13394  -9.70324  2.10503  1.02623  1.18153  -2.73323  -0.273468  -0.143503  20.3686  -0.874484  3.91469  -0.927663  19.0048  -4.80772  1.17267  -0.0324269  2.131  -5.89494  -10.9138  1.63119  0.703582  -0.0426198  -0.418146  0.509337  1.03787  -1.39351  
-0.0901823  -0.178957  3.13373  4.40709  -1.07762  2.3353  3.48639  0.766567  0.363097  0.787491  1.27612  -0.425774  10.9362  -1.27049  4.44716  -1.88824  13.3363  -5.1807  -0.0927663  -1.67133  1.31036  -4.38371  -3.86867  1.77342  0.115627  -3.16216  -1.92177  0.768703  0.0273888  -0.91288  
-0.306617  -0.310636  3.49687  1.8165  -2.18338  13.033  4.58687  -0.301281  -0.0937249  3.99323  1.78978  -0.386656  -3.91268  -0.949705  2.09847  -2.03119  7.94618  -1.96308  -2.95717  -2.61848  -0.346906  -3.70297  6.89858  2.72018  0.135252  -5.67703  -2.86493  0.478779  -1.38264  -0.81321  
-0.32688  -0.307275  2.69504  -0.463972  -3.68577  13.397  3.15825  -0.687409  -0.0205606  4.56102  1.34135  -0.454351  -21.7877  -0.367538  -1.26576  -1.06183  8.08757  1.84359  -5.95424  -2.6232  -1.68871  -2.88193  11.5343  4.71496  0.940441  -4.68197  -3.35734  0.29412  -0.797827  -1.14634  
-0.200522  -0.239846  1.56015  -1.45342  -3.86181  3.66835  -0.373724  -0.285724  0.228163  2.9149  0.77441  -0.768209  -37.096  -0.181218  -3.01545  0.250346  10.4121  2.90804  -6.6936  -2.15284  -2.09079  -0.0256569  5.43764  6.13328  1.42953  -0.0556621  -3.59522  0.59356  1.6177  -1.42832  
-0.141463  -0.13604  1.11002  -1.69974  -1.78117  -6.54306  -2.25619  0.0429921  0.262617  1.43828  0.567348  -0.852607  -41.9479  -0.600492  -1.9646  0.784637  8.94696  1.19873  -4.44793  -2.17554  -1.57694  4.71299  -6.38369  5.02327  0.525288  5.26288  -3.69297  1.01164  3.29816  -1.21629  
-0.222043  0.0103927  1.25974  -2.24118  1.48607  -7.3182  0.497345  0.224249  0.0204963  1.9534  0.417491  -0.0215325  -32.1573  -1.2079  0.648032  0.25116  3.77378  -0.398774  -1.30857  -3.327  -0.416195  8.49849  -14.7957  1.56004  -1.24682  8.02336  -3.57841  0.8355  2.32418  -0.479641  
-0.26954  0.159772  0.904364  -3.10304  3.66392  2.189  5.89499  1.23186  -0.279168  3.79826  -0.173917  1.82997  -12.7678  -1.36703  2.3881  -0.43637  -0.0706277  0.369724  -0.275383  -5.00624  0.970132  8.51411  -15.1607  -1.82339  -2.0774  7.36775  -2.8331  -0.180554  -0.444284  0.51679  
-0.0910595  0.226915  -0.633344  -3.14817  3.36731  13.0258  8.16984  3.43776  -0.467829  4.57572  -1.08303  3.76485  4.74438  -0.799814  1.95495  0.00941608  0.30447  2.46721  -1.92934  -5.47292  1.90471  4.91379  -10.1844  -2.99542  -0.900743  4.93625  -0.998854  -1.52651  -2.54682  1.45611  
0.266601  0.172807  -2.55415  -1.71008  1.37191  14.8882  3.94614  5.4164  -0.625652  2.76628  -1.52133  4.40485  12.5228  0.204148  0.309831  1.97191  2.304  2.82041  -3.41656  -3.32583  1.7327  0.670304  -5.57543  -2.37428  1.19038  2.79455  1.70502  -2.38038  -2.67786  2.09193  
0.545405  0.0634184  -3.24837  0.327778  -0.325501  5.73198  -3.5663  5.10028  -0.848405  -0.302773  -0.836586  3.26319  13.4828  1.03838  -0.54857  4.28216  2.95241  0.0979053  -1.34094  0.90181  0.429307  -1.30531  -4.49102  -2.16778  2.06755  1.70379  4.08678  -2.2732  -1.64368  2.33983  
0.545746  0.0155785  -2.03031  1.37379  -0.617169  -6.443  -7.39469  2.07588  -0.871265  -1.95778  0.652862  1.31136  16.4621  1.23089  0.22523  4.85318  3.77838  -3.03744  4.1845  4.86002  -1.21462  -0.626827  -5.98616  -3.65829  0.926467  1.08125  4.85963  -1.30483  -0.82173  2.30236  
0.326928  0.103018  0.0863723  0.9209  -0.286892  -11.1352  -3.93514  -1.69299  -0.128519  -1.53128  1.79588  0.104522  24.8221  0.756355  1.54202  2.47615  8.65723  -2.15294  9.02739  6.45945  -2.18563  0.894823  -7.21824  -5.71909  -0.901123  0.09553  3.86619  0.00108822  -0.433196  2.15853  
0.146497  0.318129  1.3968  0.111962  -0.748506  -5.13118  3.32874  -3.56741  1.53308  -1.39842  1.68479  0.172094  31.6308  0.0337315  1.84404  -1.57689  17.285  4.16535  9.09985  5.74974  -2.00452  1.32362  -6.0549  -6.12495  -1.5835  -1.39529  2.14  1.01469  0.255548  1.9629  
0.213989  0.58361  1.14575  0.3019  -2.10591  4.7322  7.49655  -2.55358  3.23661  -3.57506  0.600206  0.67527  27.8966  -0.388633  0.966371  -4.07001  23.3877  11.9534  4.72457  4.44867  -0.904333  0.0490341  -2.23058  -3.84586  -0.844581  -2.72467  0.702954  1.32012  1.52906  1.6011  
0.504865  0.775091  0.0204846  1.537  -2.84529  8.52831  5.10688  0.080544  3.60074  -6.14374  -0.263347  0.575538  13.5567  -0.280329  0.215095  -2.79993  20.4043  14.8087  0.239873  3.68411  0.561994  -2.31882  2.65596  0.0972141  0.12282  -3.03387  -0.410279  1.03167  2.67827  1.01549  
0.799007  0.758676  -0.94252  2.54168  -1.55228  3.04614  -0.958576  2.26895  2.09971  -4.57602  -0.0464291  -0.0182551  -1.91497  0.123353  0.701412  0.667057  8.18799  9.74154  -0.800188  2.78311  1.88941  -4.71838  5.89842  3.70068  0.442612  -2.02047  -1.71141  0.791385  2.87985  0.465045  
0.872591  0.483015  -1.57313  2.33291  1.35564  -5.33182  -4.97219  2.93762  -0.175836  2.30395  0.911158  -0.159009  -9.93512  0.365029  2.06934  2.01033  -6.30143  0.182177  0.709059  0.595653  2.69193  -6.02248  5.46568  5.47555  0.556838  -0.327948  -3.04757  1.19901  2.19578  0.371161  
0.681425  0.0565255  -2.47606  1.20417  3.90788  -7.39144  -4.16159  2.40605  -1.44978  9.17661  1.53711  0.644094  -11.2474  0.264634  3.05166  -1.32483  -15.034  -6.99181  1.1368  -2.44571  2.72529  -5.32351  1.84477  5.1835  1.20977  1.03949  -3.30867  2.11146  1.3734  0.871123  
0.373542  -0.292396  -3.88452  0.32065  4.55068  -0.317551  -0.621515  1.51825  -0.974717  8.72723  1.20331  1.72844  -12.5651  0.077611  2.97494  -6.88519  -15.7515  -7.83833  -1.10429  -4.38342  2.07093  -2.46894  -2.00591  3.60457  1.98765  1.78683  -1.55734  2.64497  0.853294  1.52767  
0.152713  -0.395035  -5.03617  0.312007  3.59394  9.87272  1.73183  0.850341  0.390725  -0.407845  0.296897  2.20518  -17.0121  0.164148  2.28172  -9.28428  -12.7331  -4.84765  -3.62738  -3.97959  1.19992  1.27716  -3.10358  1.93667  1.70129  2.55309  1.68968  2.08817  0.228514  1.60155  
0.12042  -0.261622  -4.96794  0.698317  2.61362  14.4469  1.38196  0.690542  1.22079  -11.584  -0.365959  2.03147  -20.2394  0.548537  1.58907  -5.6962  -10.5676  -4.1058  -3.13915  -2.27703  0.671178  3.85797  -0.972461  1.06172  0.124655  3.76775  4.55868  0.733124  -1.2165  0.683701  
0.218757  -0.0237815  -3.72848  0.52373  2.65934  9.99347  -0.0816183  1.08745  0.941432  -16.3097  -0.402389  1.82216  -16.2449  0.88506  0.775942  1.2118  -8.79251  -8.56365  0.342842  -1.3759  0.678331  4.01118  2.2358  1.1015  -1.36528  4.53575  5.30115  -0.360289  -3.46549  -0.84577  
0.310408  0.212624  -2.40631  -0.518042  3.31439  0.79051  -0.622493  1.576  0.0800589  -12.174  -0.0435999  1.77621  -4.56544  0.896452  -0.588797  6.15747  -3.66769  -14.0518  3.19456  -1.95721  0.924474  2.5863  3.95577  1.4792  -1.30249  3.27931  3.72375  -0.490713  -5.30464  -2.03486  
0.295826  0.418723  -1.81469  -1.7411  3.38836  -5.65302  -0.230744  1.20882  -0.584095  -4.04818  0.347154  1.35673  9.23698  0.691075  -2.18385  6.37567  4.21289  -12.8168  1.94371  -2.66728  0.967466  1.83707  3.44753  1.56841  0.00784522  -0.286738  1.15363  0.0118976  -5.17023  -2.088  
0.182368  0.563097  -1.44692  -2.21772  2.23554  -5.07411  -0.314375  -0.505886  -0.673466  1.79561  0.622403  0.326073  18.8538  0.610656  -2.86811  3.42195  7.22039  -1.94348  -3.21648  -2.01366  0.659432  3.08308  2.04985  1.20365  0.85222  -4.31839  -0.848901  0.274598  -2.65341  -1.04599  
0.0689428  0.586917  -0.0289196  -1.71644  0.317896  0.680014  -1.35004  -2.58269  -0.238437  3.50891  0.727052  -0.52164  21.8175  0.762005  -1.93652  0.494609  -1.3478  12.125  -8.74033  -0.246965  0.241499  5.15852  1.77927  0.64224  0.281121  -6.46847  -1.6985  -0.0822874  0.911297  0.220231  
0.0639628  0.479581  2.81849  -1.02785  -1.25643  6.08915  -1.91281  -3.16003  0.406418  3.72742  0.520272  -0.0311695  19.853  0.878003  -0.113935  -0.861735  -17.4607  18.6098  -10.9791  1.0578  0.0239218  5.57117  3.64039  0.13553  -0.709142  -6.17669  -1.77403  -0.605507  3.5341  0.834777  
0.195662  0.328932  5.7252  -1.13316  -1.60376  7.01843  -0.38316  -1.50148  0.734852  5.14008  -0.0142315  1.82474  16.698  0.648651  1.10729  -1.15517  -27.0204  12.9797  -8.85377  0.957517  0.0171594  3.11855  6.62852  -0.199599  -0.452775  -4.88277  -1.59505  -0.606387  4.22241  0.754861  
0.375242  0.224297  6.54814  -2.17967  -0.679641  4.04915  2.92491  0.877911  0.265002  7.14799  -0.511239  3.60675  15.186  0.134059  1.09171  -1.10865  -19.8317  1.99271  -3.96212  0.106878  -0.0875555  -0.910313  8.05181  -0.263967  1.19415  -4.03412  -1.20225  0.110582  3.40014  0.705575  
0.464976  0.150701  4.29676  -3.07398  0.650634  1.2061  5.91082  1.69963  -0.821364  7.16745  -0.420672  3.77161  15.1622  -0.263951  0.704411  -0.56925  -1.40214  -2.97133  1.11789  -0.240788  -0.509586  -4.00706  5.33247  0.0427422  2.57602  -3.46453  -0.409746  1.09545  1.84874  1.13574  
0.401746  0.0330133  0.0674022  -2.42104  1.17833  1.47359  6.87199  0.466767  -1.53595  3.98312  0.382383  2.21731  13.4801  -0.221566  1.13812  0.75238  11.5245  2.31011  4.39528  0.306947  -0.969693  -4.56774  -1.51351  0.576279  2.15394  -2.17273  0.720553  1.71689  -0.191358  1.44717  
0.258644  -0.104441  -3.84282  0.0619267  0.302676  3.67917  5.93053  -1.03925  -0.970701  -0.719205  1.33069  0.363662  7.24938  0.162873  2.29756  2.35166  8.39052  10.4963  5.21839  1.11148  -0.81436  -2.60479  -8.99321  0.926785  0.269197  -0.191049  1.82054  1.65566  -2.51613  0.614919  
0.18111  -0.111172  -5.69315  2.9776  -1.32256  3.88588  4.16444  -0.978893  0.668722  -4.34685  1.6569  -0.304968  -2.02455  0.476727  2.79685  3.32734  -4.07357  11.0785  4.30689  1.46327  0.331106  0.669389  -12.4859  0.766978  -1.26347  1.07977  2.54576  1.1299  -4.04304  -1.37912  
0.23632  0.103486  -5.27667  4.24677  -2.29113  -0.362306  1.98821  0.35739  2.09048  -6.09232  1.20349  0.472512  -8.73904  0.378934  1.5971  3.38329  -10.296  2.35589  3.25117  1.32371  2.04023  3.60061  -10.217  0.22842  -1.18962  0.598982  2.68892  0.720519  -3.33217  -3.15363  
0.341403  0.406006  -3.46373  2.8992  -1.87131  -7.53628  -0.75823  1.11244  2.21239  -7.12897  0.675063  1.65978  -9.16265  -0.126861  -0.649582  2.93659  -3.46685  -6.76566  3.33618  1.09166  3.35443  4.88253  -4.88216  -0.230595  -0.0244001  -0.834724  2.04503  0.928802  -0.372989  -3.34479  
0.348005  0.54617  -1.19857  -0.121855  -0.867099  -13.6236  -3.45879  0.333511  1.19628  -8.24313  0.961669  2.08895  -6.70911  -0.744744  -2.12768  2.2983  7.17331  -7.29731  4.38789  0.993568  3.63638  4.74356  -0.849405  -0.236218  0.719531  -1.3603  0.539299  1.66229  2.77058  -2.24045  
0.196509  0.412779  1.03848  -2.71986  -0.750701  -15.4678  -4.34389  -0.875465  0.132865  -8.2158  2.12569  1.47336  -9.01713  -1.12385  -1.69392  1.24452  7.7233  -0.676898  4.8563  0.849734  3.091  5.19653  0.0840593  0.238125  0.219476  -0.192351  -1.37628  2.15828  3.80816  -1.47154  
-0.0133312  0.148322  2.99939  -3.36628  -1.8398  -12.6784  -2.45676  -0.850714  -0.0857777  -5.10842  3.06638  0.467758  -18.9263  -1.05763  -0.0144104  -0.404975  -3.31978  3.42838  3.54392  0.352346  2.36761  7.87315  -0.287989  1.07469  -0.941713  1.51931  -2.69245  1.61834  2.5599  -1.91117  
-0.109339  -0.0187865  4.29801  -2.03468  -2.645  -7.33272  0.624039  0.578685  0.545641  1.06175  2.35917  -0.161336  -29.6501  -0.567512  1.25578  -2.09641  -12.607  -0.615925  1.29007  -0.546197  1.7604  11.1804  0.455632  2.18954  -1.64409  2.08867  -2.61769  0.100469  0.866066  -2.40147  
0.0036032  0.0100259  4.43654  -0.0399604  -1.36831  -2.52536  1.68011  2.02136  1.43358  7.49624  -0.342221  -0.235421  -30.989  0.108324  1.2156  -2.83871  -7.21446  -6.98125  0.461098  -1.44037  0.975263  10.5092  2.44911  3.48412  -1.39334  1.11987  -1.36472  -1.31537  0.200724  -1.11152  
0.265492  0.167643  3.21346  1.16045  1.97408  -0.442296  -0.761457  2.2416  1.92422  10.7578  -3.66108  -0.0163525  -20.4117  0.650671  0.429138  -2.28668  9.27123  -5.16581  2.28502  -1.60171  -0.270429  2.95826  3.95915  4.56179  -0.59828  -0.29507  0.0373528  -1.47799  0.0848417  1.98063  
0.510979  0.34929  0.984246  0.942242  5.30036  -0.632994  -4.6996  1.37221  1.62062  9.52222  -5.38463  0.345153  -6.35563  0.843402  0.0243831  -1.27946  19.1211  7.0891  4.81851  -0.495959  -1.66432  -8.41471  3.92757  4.77183  0.128474  -0.95953  0.722783  -0.307902  -0.74734  4.58431  
0.594552  0.482726  -1.54996  -0.111933  6.45755  -0.109103  -6.55419  0.376375  0.524173  5.04323  -4.27573  1.03984  0.580557  0.727691  0.407344  -0.980303  9.95726  20.2076  4.39558  1.51957  -2.53395  -16.1873  3.13592  3.61523  0.572098  -0.7334  0.593588  1.11622  -2.12085  4.35916  
0.478467  0.508165  -3.83159  -0.881528  5.23885  3.64183  -4.8963  -0.216189  -0.83839  -0.332631  -1.16561  2.01778  -1.19001  0.486446  1.08232  -1.57645  -10.5931  22.7815  -0.435408  3.03787  -2.54697  -15.4725  2.85581  1.32742  0.811728  -0.264913  0.0826714  1.70559  -2.28347  1.48755  
0.24601  0.359428  -5.63289  -0.668002  3.1945  9.19438  -1.47253  -0.641522  -1.59912  -4.62061  1.7755  2.62532  -3.48723  0.248717  1.55075  -2.05594  -22.941  13.4141  -6.71063  2.58791  -1.90254  -8.58534  3.15206  -1.0617  0.882398  0.0485919  -0.354145  1.41272  -0.200384  -1.37714  
0.031346  0.0474272  -6.68531  0.289117  1.7349  11.6022  1.28661  -1.10252  -1.30335  -6.5983  2.89896  2.07137  1.79059  -0.0400434  1.87842  -1.43369  -17.1983  1.27251  -9.54491  0.159884  -0.785028  -2.19281  2.97688  -2.35466  0.721585  0.382116  -0.42294  1.05628  2.64031  -1.79546  
-0.073032  -0.288822  -6.3814  1.21534  0.858948  7.30238  2.9728  -1.21059  -0.479197  -5.85108  2.28268  0.459765  13.5559  -0.450539  2.22846  0.00865189  -3.50331  -4.40856  -7.06281  -2.31974  0.97981  -0.53563  1.41949  -2.17045  0.395771  0.882299  -0.0229733  1.20391  3.46156  0.0994508  
-0.0661899  -0.46033  -4.17332  1.62293  -0.176057  -1.48928  4.757  -0.454033  -0.121933  -3.0575  1.2147  -1.00749  23.2034  -0.890147  2.21559  0.962709  1.73015  -2.99074  -2.40825  -2.55455  3.36471  -2.45575  -1.54219  -1.22316  0.127727  1.1444  0.628449  1.56069  1.37504  1.92567  
-0.0185759  -0.367392  -0.465106  1.57677  -1.47621  -8.24205  6.82403  0.913164  -0.506929  0.0502341  0.729363  -1.10873  23.7063  -1.1205  1.23778  0.603368  -4.32569  -0.400688  -0.443798  -0.256008  5.3884  -4.18684  -5.29135  -0.551853  -0.0216911  0.556595  1.09037  1.42932  -1.24194  1.5356  
-0.00569499  -0.0600963  3.08075  1.31605  -2.31397  -8.33533  7.68678  1.84171  -0.753751  1.71326  0.763342  0.26336  16.0959  -1.01453  -0.539968  -0.453519  -9.41989  -0.75316  -2.69589  2.25057  5.51064  -3.34445  -8.89376  -0.309062  -0.259631  -0.953677  1.10184  0.571989  -1.15781  -0.942008  
-0.0563996  0.317328  4.63689  0.866123  -2.19081  -3.15502  6.2017  1.50044  0.090372  1.45352  0.646522  2.13596  7.3633  -0.713909  -2.02898  -0.890109  -3.27015  -2.21487  -6.12357  2.26915  3.1921  0.00237712  -11.0764  0.299997  -0.713349  -2.68148  0.858873  -0.619967  1.93343  -3.32786  
-0.131752  0.620364  3.95451  0.369041  -1.5493  2.15996  3.55775  0.233285  1.66486  0.50712  0.0463161  3.56791  3.68234  -0.489723  -2.28871  -0.198456  9.83178  -0.880934  -6.82659  -0.339761  -0.094973  4.44083  -10.4946  1.74285  -1.04722  -3.68338  0.614077  -1.5846  4.6283  -3.49553  
-0.135367  0.774142  2.814  0.422601  -1.13368  4.02308  2.23112  -0.68575  2.43401  0.749694  -0.7687  4.25221  6.03186  -0.450455  -1.47951  0.849544  18.3189  3.7524  -4.18928  -2.86151  -1.84158  7.90762  -6.73903  3.03816  -0.645268  -3.55731  0.155702  -1.97952  3.33798  -1.22111  
0.0380663  0.796378  3.20858  1.58013  -0.979021  2.80237  3.31384  -0.288033  1.35817  2.94925  -1.43506  4.204  10.6296  -0.454235  -0.509075  1.19428  18.5474  8.0992  -0.812825  -2.62774  -0.75288  8.51365  -1.17202  2.61486  0.656745  -2.65252  -1.00223  -1.58912  -1.52562  1.77369  
0.414596  0.785452  4.97241  3.2328  -0.418015  0.680383  5.50681  1.19296  -0.727738  6.09  -1.83154  3.22502  12.3725  -0.304372  0.0551766  0.668409  17.0479  8.04997  1.05898  0.0465653  2.02675  6.07778  3.61373  0.413614  2.15287  -1.61296  -2.73337  -0.346486  -5.48407  3.40055  
0.860081  0.849242  5.74056  3.58934  0.931843  -0.987461  6.86823  2.57719  -1.84693  8.2442  -1.82078  1.40445  8.3093  -0.0198173  0.292384  -0.00908788  17.634  2.38096  1.85136  2.29662  4.0456  2.86442  5.56026  -1.39126  2.71092  -0.825185  -3.98336  1.35948  -4.58664  2.86535  
1.11086  0.974178  3.78395  1.46311  2.55302  -1.58529  6.90104  2.73128  -0.993727  8.43527  -0.979088  -0.305384  -0.399804  0.173303  0.234717  -0.225421  13.5212  -6.54505  3.05225  1.99479  3.89026  1.23309  4.71304  -0.528922  1.78802  -0.312999  -3.67638  2.58757  0.267332  1.04735  
0.976324  1.01274  0.468211  -1.96742  3.56048  -0.0139342  6.50511  1.43831  0.8056  7.19465  0.927429  -0.567186  -9.40985  0.0634874  -0.457025  -0.102119  -3.14284  -14.1252  4.36151  0.0451814  2.38775  0.579063  3.08822  2.61686  0.0513268  -0.0590551  -1.84261  2.54182  4.23364  -0.515631  
0.546415  0.826061  -1.00267  -3.8491  3.6368  4.36774  6.42364  -0.427113  1.62392  5.38319  3.19076  0.800674  -14.7795  -0.328063  -1.69397  -0.0673506  -27.8095  -16.1304  3.82673  -0.919631  1.55751  -1.76097  2.72083  4.93458  -1.12607  -0.196087  0.40223  1.44949  3.71821  -0.936842  
0.159045  0.461014  0.465568  -2.61071  3.17961  9.18822  6.35015  -1.49356  0.698691  2.57893  4.31289  2.22713  -16.1571  -0.723808  -2.40342  -0.186192  -45.0165  -11.4224  0.917261  0.332418  2.46489  -6.16893  3.61064  3.74146  -0.856865  -0.877108  1.97628  0.440918  0.0576246  -0.463136  
0.0859152  0.111637  2.09104  0.205333  2.60471  9.27542  5.57438  -0.973576  -0.891214  -2.33913  3.36739  1.94498  -16.1898  -0.74788  -1.54314  -0.248712  -44.3047  -2.67796  -1.79495  2.3997  4.11795  -8.80053  3.87878  -0.22685  0.375051  -1.98807  2.65359  0.343699  -2.32709  0.113  
0.252089  -0.0870413  0.297066  1.31563  1.85734  1.444  3.77511  0.596013  -1.53485  -8.6764  1.13292  0.0573014  -16.4249  -0.206379  0.369614  -0.295271  -30.9356  6.09691  -1.14303  3.05583  4.44644  -5.85131  2.21445  -3.33312  1.17458  -3.12757  2.70693  0.743913  -0.930019  0.295443  
0.325307  -0.18085  -4.69826  -0.802837  0.754283  -10.5717  1.17727  1.72988  -0.755963  -13.0477  -0.487964  -1.36455  -14.8391  0.64566  1.5008  -0.60556  -18.4678  12.8394  2.78197  1.64197  2.40548  1.17872  -0.303913  -2.69083  0.627024  -3.79814  2.13521  0.580103  2.50476  0.170299  
0.0894802  -0.266283  -8.48869  -4.24446  -0.423845  -17.7578  -1.73894  1.35464  0.504838  -12.2535  -0.343504  -0.717911  -8.28762  1.10078  0.867483  -1.16114  -13.0916  17.7801  6.31091  -0.661192  -0.835014  6.23828  -1.7772  0.973119  -0.725142  -3.67091  0.74861  -0.41447  4.44456  0.105503  
-0.302226  -0.328264  -7.15829  -5.47521  -1.08942  -13.8682  -4.22353  -0.114051  0.98782  -7.17325  0.863416  1.1884  3.1222  0.568446  -0.325171  -1.46645  -9.35126  20.7457  6.15944  -2.43737  -2.85187  5.27203  -2.56579  4.13021  -1.42178  -2.6799  -1.13785  -1.17678  3.37774  0.336016  
-0.485905  -0.269266  -1.6798  -2.74252  -1.10601  -1.86251  -5.40584  -1.15258  0.295104  -2.33192  1.477  2.03206  15.3311  -0.724479  -0.166853  -1.15359  0.220799  20.0083  2.97682  -3.29345  -2.17439  0.39243  -5.15949  3.90901  -0.703431  -1.11711  -2.48576  -0.453647  0.804154  0.839082  
-0.254568  -0.0816766  3.09332  2.29155  -1.1184  8.73192  -4.92854  -0.659207  -0.890666  -1.05487  0.728757  0.808542  23.9253  -1.68962  1.42987  -0.502791  15.3393  14.7134  0.184173  -3.53422  0.428142  -3.17381  -10.0351  0.551618  0.625079  0.421369  -2.41699  1.71541  -0.867137  1.447  
0.229679  0.121918  3.60039  6.10959  -1.7737  11.0987  -3.42349  0.984391  -1.48159  -1.85007  -0.603367  -0.902112  27.3969  -1.50114  2.51261  -0.0782572  30.094  7.51971  -0.292118  -3.24249  2.81453  -2.85266  -13.0782  -3.24082  1.03053  1.31041  -1.23123  3.9027  -0.51283  1.83045  
0.565178  0.265227  0.880043  6.30502  -2.70693  6.81003  -2.13272  2.31936  -0.840501  -0.869084  -1.27866  -0.855895  26.4297  -0.728841  1.57232  0.0388487  40.8151  2.44392  -0.0391288  -2.14384  3.4537  -0.29376  -9.6037  -4.97693  -0.0486248  1.3077  -0.343122  4.65893  1.31651  1.48717  
0.441969  0.386628  -1.35624  3.40077  -2.69307  2.15938  -1.72785  2.18033  0.737336  2.81546  -0.98352  1.26226  21.6908  -0.958773  -0.494143  0.234584  47.7244  -0.137283  -1.63585  -0.23416  2.42504  1.50269  -0.931378  -4.22998  -1.52773  0.699118  -0.961232  3.86837  3.27421  0.131286  
-0.0924978  0.52047  -0.940412  0.0908557  -1.12474  0.379195  -1.74336  0.680688  2.18795  6.13354  -0.415139  3.48172  13.4763  -2.8382  -1.51338  0.599313  49.9784  -4.19492  -5.17278  1.88518  0.743132  1.04312  5.26172  -2.42737  -1.8618  -0.0349996  -2.75941  2.5752  4.06985  -1.72809  
-0.603975  0.57389  1.08259  -1.03297  0.921042  -0.729672  -1.00909  -0.972748  2.49391  6.52514  -0.306804  3.89384  3.28516  -4.69896  -0.689989  0.641919  43.369  -12.3654  -8.23566  3.36282  -0.725325  -1.29227  3.08346  -1.25672  -0.706086  -0.728844  -4.04963  1.78265  3.03843  -2.85343  
-0.548658  0.452312  2.38149  0.416797  1.6235  -3.8139  1.0821  -1.54023  1.60614  5.67873  -0.685963  2.6442  -5.8713  -3.78289  0.671395  0.0189936  26.7191  -20.4496  -8.97847  3.64992  -1.44351  -3.88587  -4.33376  -1.32547  0.776192  -1.46541  -3.43432  1.55631  0.703986  -2.31074  
0.278912  0.252177  1.91678  2.51232  0.563772  -7.0051  3.75335  -0.722608  0.576848  6.88092  -1.1084  1.52204  -11.2738  0.758796  1.07055  -0.779011  8.17556  -20.2564  -7.97985  2.71329  -0.902819  -4.32445  -8.039  -1.85412  1.27534  -1.91263  -1.31837  1.35459  -1.29808  -0.628861  
1.47303  0.231499  0.492135  2.65814  -0.503691  -6.08395  5.14764  0.710207  0.540817  9.67134  -1.26603  1.72447  -12.0865  6.36938  0.601759  -0.890838  0.569262  -8.63751  -6.76156  1.00791  1.04676  -0.846329  -3.70588  -1.43372  0.740284  -1.26976  0.558485  0.781274  -1.43223  0.486588  
2.25204  0.529229  -0.469786  -0.141912  0.43035  -0.73745  3.93647  1.71985  1.45388  9.20899  -1.2189  2.55943  -8.80263  9.06014  0.355618  -0.204271  7.75685  7.87159  -5.43177  -0.591691  3.42144  5.69105  3.40075  0.737251  0.183273  0.631688  1.0556  -0.0607319  0.266196  -0.0449232  
2.10913  0.984878  -0.204801  -4.41825  3.1237  3.67219  0.788639  1.98413  2.06592  2.37587  -1.11884  2.27398  -1.91238  7.12505  0.649827  0.42113  18.509  18.719  -2.82324  -1.11113  4.37665  11.677  5.09265  3.94784  0.307365  2.3489  0.827233  -0.875498  2.19958  -1.33115  
1.28392  1.3174  0.94012  -7.34593  5.08836  1.98248  -1.91703  1.98796  1.31826  -7.43434  -0.927377  0.076287  7.73024  2.68324  0.693791  0.179982  17.5475  19.3185  1.33522  -0.16267  2.93154  13.6185  -0.076693  6.18641  0.659879  1.75363  1.26331  -1.40471  2.86325  -1.44248  
0.532483  1.42233  1.78797  -6.87908  4.31015  -4.28704  -2.24975  2.0003  -0.392375  -13.0621  -0.395744  -2.93862  17.2411  -0.485556  0.000388582  -0.754082  2.48224  14.2728  5.51058  1.5427  0.334573  11.0696  -5.93435  5.51624  0.340381  -1.61474  2.50559  -1.3668  2.24017  0.231748  
0.393788  1.41488  1.1842  -3.22929  1.44555  -8.1677  -0.483056  1.38804  -1.6045  -11.2614  0.731317  -4.85838  21.6747  -0.464151  -0.73345  -1.51897  -13.4687  10.9788  7.95536  2.62871  -0.898853  6.25797  -6.79035  1.66095  -0.706701  -5.60361  3.09584  -0.514363  1.42543  2.07631  
0.698757  1.38976  -0.905191  1.30709  -1.16236  -5.14861  1.56721  -0.427613  -1.49992  -6.25766  2.47584  -4.99125  16.7379  1.42244  -0.639774  -1.49237  -17.3076  11.4393  8.53519  2.27352  0.400688  1.49502  -3.79061  -3.5678  -1.53486  -7.49655  1.85198  0.925008  1.14129  2.16252  
0.834447  1.26361  -3.01094  3.85606  -2.27563  1.45699  2.85418  -2.46751  -0.905364  -4.97397  4.46557  -4.64997  2.42078  2.44657  -0.0971022  -0.658972  -11.9617  11.0897  8.40633  1.00742  2.7184  -2.33949  -2.3212  -7.48963  -1.25286  -6.9291  -0.363373  1.9803  1.00711  0.697561  
0.435079  0.914068  -3.31188  3.04457  -2.76193  4.31317  4.01998  -2.62526  -1.26905  -9.8134  5.99943  -5.57272  -15.8402  1.25159  -0.396758  0.651417  -11.8443  5.2504  8.32504  0.138716  3.4751  -4.94443  -5.0561  -8.44351  -0.0331666  -5.99065  -1.38838  1.65708  0.341468  -0.15786  
-0.233224  0.419934  -1.50393  -0.0278931  -3.67362  0.549198  5.67232  -0.193674  -2.76581  -16.3571  6.40915  -7.5346  -29.5884  -1.07916  -1.89494  1.9388  -22.786  -4.38096  7.85703  0.315014  1.89961  -5.80828  -9.47376  -6.70449  1.15661  -6.2911  -0.256839  0.103166  -0.723004  0.945809  
-0.533789  0.0560932  0.65677  -2.56582  -4.29159  -4.826  6.61709  2.66366  -3.79287  -17.7243  5.44423  -7.86179  -31.6974  -2.26993  -3.12172  2.5267  -32.073  -10.3472  6.28334  0.832633  -0.106951  -4.61907  -11.4344  -3.81384  1.59019  -6.62563  1.49574  -1.10909  -1.24116  2.64458  
-0.0481455  0.0523138  1.05071  -2.36636  -2.93211  -4.72486  4.88232  2.92427  -2.58601  -10.3655  3.36423  -3.9669  -20.2709  -0.90949  -2.2215  1.88139  -21.9921  -6.31817  3.54902  0.518651  -0.100747  -1.85819  -9.2597  -1.16601  1.26766  -4.50567  1.55162  -0.373719  -0.404275  2.4621  
1.06469  0.35615  -0.529796  0.316063  0.537828  1.7712  0.483438  0.230836  0.747536  3.39096  0.701783  3.6628  0.133097  2.47517  0.811356  0.217478  7.9619  6.28388  0.18773  -0.835823  2.15857  1.58244  -4.28694  0.908268  0.594858  0.358108  -0.460409  2.24326  1.56563  -0.0239875  
