-2.50803  -2.3962  -2.39818  -2.43787  -23.5652  -2.12475  -2.28253  -6.54314  -2.41742  -1.20201  -2.82499  -4.03371  -3.99712  -1.90792  -2.61394  0.379532  -3.70767  -2.84466  -3.40277  -2.25103  -2.70803  -2.85126  -3.34453  -2.96741  -2.48901  19.0445  -2.81548  -2.11545  -2.2232  -2.27201  
1.44904  1.42657  1.00209  1.84485  -36.294  -1.78066  1.65452  -7.16549  0.55636  1.8832  1.81886  4.48444  -1.01323  1.63215  1.35578  4.11823  2.96823  1.19839  -0.194617  1.39156  1.5196  1.43784  0.794922  0.841918  1.84544  -27.0445  0.579075  2.60617  1.66532  1.43991  
4.62067  4.53494  4.18043  5.07122  -27.1455  0.501338  4.68276  -3.76644  3.83848  4.52196  5.10325  8.51275  3.19442  4.29017  4.51072  7.14591  6.69021  4.60554  3.05724  4.67321  4.77424  4.84142  4.41085  4.30658  5.10124  -31.2764  3.74882  5.36181  4.7236  4.76297  
6.31398  6.25859  6.3807  6.52404  1.83449  4.33514  6.17768  3.29657  6.58346  5.92926  6.36188  7.35015  7.31169  5.52797  6.23585  8.90812  6.843  6.57124  5.62772  6.7466  6.31191  6.52035  6.58392  6.62654  6.57449  1.72441  6.00144  5.83449  6.27191  6.79726  
6.2804  6.32732  6.77209  6.15882  27.3218  7.41682  6.15465  9.37952  7.41618  5.54817  5.89832  4.04951  8.59695  5.38043  6.34477  8.6784  5.4655  6.60334  6.51105  6.84591  6.02624  6.22115  6.61658  7.0068  6.26373  31.7922  6.59275  5.21812  6.11872  6.73654  
4.97643  5.15206  5.38895  4.62674  29.5883  7.92341  5.23394  10.0069  6.01286  3.86033  4.61958  2.02449  6.20588  4.37662  5.17341  5.64475  5.07235  5.12332  5.52653  5.25091  4.62788  4.70778  4.93498  5.51419  4.86034  33.1258  5.55176  4.63579  4.76356  4.89265  
3.31345  3.55994  3.31739  2.86138  11.7517  6.02787  4.10072  5.36545  3.58046  2.21575  3.32114  2.09382  2.431  3.1727  3.44585  0.0533053  6.06331  3.27719  3.62245  3.2707  3.20713  3.27714  2.9154  3.21235  3.28666  18.9737  3.8515  4.11549  3.1172  2.69605  
2.0011  2.16065  1.76774  1.49748  -5.80645  3.19056  2.90062  -0.0225357  1.64899  1.53903  2.21676  2.75565  0.255317  2.1584  1.91251  -5.9092  6.52549  1.97152  1.95414  2.05997  2.42668  2.6092  1.61017  1.32699  2.08395  15.1708  2.56508  3.09015  1.85566  1.39938  
1.13692  1.03819  1.07173  0.634052  -6.69846  0.645278  1.34303  -2.24373  0.751591  1.41206  1.10598  2.4775  0.299538  1.36638  0.965408  -9.39145  4.74536  1.21578  0.941537  1.63343  2.1342  2.21252  0.909132  0.368667  1.20529  23.8897  1.93205  1.46824  1.02489  0.959166  
0.428929  0.062472  0.687264  0.0662084  8.0344  -1.16056  -0.596812  -1.89177  0.462621  0.748729  -0.104827  1.18108  0.746076  0.677087  0.508619  -9.33478  1.5521  0.499604  0.295772  1.22004  1.74947  1.20182  0.120551  0.0783062  0.370689  25.3559  1.37633  -0.129745  0.280286  0.429973  
-0.292463  -0.70088  0.0611405  -0.374088  24.4528  -2.20477  -2.30172  -2.28177  0.313085  -0.724587  -1.14832  -0.236079  -0.0476419  0.0533469  0.170182  -6.95102  -0.411323  -0.376022  -0.303757  0.408017  0.939177  -0.495351  -0.888701  -0.0406434  -0.461407  9.10621  0.389491  -1.07016  -0.567361  -0.642051  
-0.883057  -1.04144  -0.739193  -0.728608  28.5012  -2.58006  -3.02538  -4.35326  0.235932  -2.02568  -1.66789  -1.09659  -1.63171  -0.432544  -0.316215  -3.79973  0.313601  -1.06555  -0.880626  -0.386684  -0.110617  -1.95955  -1.51757  -0.284949  -1.03308  -10.6279  -0.797115  -1.30969  -1.3327  -1.58024  
-1.13272  -0.961675  -1.23081  -1.00065  14.9082  -2.47461  -2.67052  -5.23601  0.215434  -2.1325  -1.61895  -1.35611  -2.33919  -0.700685  -0.878567  -0.296941  2.54911  -1.21585  -1.38151  -0.593588  -0.954575  -2.35806  -1.33903  -0.705087  -1.13212  -13.3136  -1.48577  -1.25457  -1.71089  -1.47771  
-1.04657  -0.763747  -1.14021  -1.17532  -10.9021  -2.04404  -1.82191  -2.53919  0.0286579  -1.31365  -1.29224  -1.2596  -1.49105  -0.732705  -1.21925  3.37364  4.09943  -0.957291  -1.85432  -0.286098  -1.28162  -1.8925  -0.762104  -1.16792  -0.87228  3.01298  -1.33654  -1.2221  -1.60674  -0.453404  
-0.820979  -0.724593  -0.674572  -1.17202  -35.298  -1.26069  -1.06243  1.68315  -0.428624  -0.861624  -0.97862  -0.996113  -0.324623  -0.570933  -1.14947  5.82794  4.08995  -0.722972  -2.2962  -0.0636961  -1.09656  -1.44038  -0.551557  -1.41897  -0.579304  21.753  -0.744926  -1.19266  -1.17465  0.341125  
-0.624137  -0.810497  -0.260259  -0.915289  -43.021  -0.165035  -0.542341  3.16166  -0.859744  -1.49976  -0.72367  -0.73931  -0.629746  -0.314886  -0.78903  5.43121  3.13016  -0.715874  -2.52751  -0.248258  -0.666756  -1.40046  -0.892302  -1.2716  -0.465816  28.6522  -0.386844  -0.998493  -0.637157  0.0148406  
-0.485163  -0.794606  -0.153492  -0.505578  -27.9851  0.757038  -0.231218  1.01836  -0.890774  -2.46283  -0.438648  -0.651758  -2.70473  -0.118828  -0.429565  2.55532  1.72609  -0.742505  -2.39195  -0.47539  -0.330728  -1.25935  -1.23474  -0.831221  -0.486076  25.1928  -0.508499  -0.629089  -0.161171  -1.01026  
-0.366764  -0.580036  -0.304627  -0.213752  -0.763536  0.861187  -0.183421  -1.28094  -0.580512  -2.395  -0.133553  -0.740337  -4.76589  -0.104378  -0.251501  -0.266443  -0.273388  -0.558405  -1.9657  -0.197796  -0.25485  -0.433616  -1.03453  -0.428489  -0.487101  21.2017  -0.759914  -0.284708  0.142701  -1.44015  
-0.26002  -0.30005  -0.486897  -0.221757  18.2769  0.192881  -0.313032  -1.13696  -0.333542  -0.983463  0.0639727  -0.765047  -4.51052  -0.235781  -0.211148  -0.94557  -2.60823  -0.217508  -1.4596  0.541808  -0.316573  0.747141  -0.42822  -0.24897  -0.417027  21.1557  -0.668351  -0.150218  0.228935  -0.547456  
-0.181492  -0.130885  -0.499537  -0.413271  17.5645  -0.303606  -0.150495  -0.559778  -0.331377  0.704772  0.0994385  -0.488025  -1.46236  -0.318742  -0.174385  0.0739484  -4.13791  -0.00703121  -0.933244  1.02229  -0.281625  1.22046  -0.019704  -0.119072  -0.348383  21.1194  -0.176449  -0.133401  0.164604  1.0105  
-0.139601  -0.111518  -0.312073  -0.516739  6.00429  0.240633  0.665602  -2.77412  -0.328711  1.46661  0.074687  0.0549821  2.3303  -0.194274  -0.0990019  1.00658  -4.09992  -0.117094  -0.291454  0.575209  -0.139242  0.363448  -0.149036  0.191114  -0.35726  16.5343  0.321523  0.0610218  0.10283  1.84457  
-0.13636  -0.171698  -0.0726834  -0.420694  3.25497  1.60734  1.63464  -6.65184  -0.089981  1.24471  0.101779  0.532571  4.10636  0.0690004  -0.0347215  1.15162  -3.39574  -0.442143  0.462372  -0.660594  -0.165582  -1.27795  -0.55344  0.549128  -0.431385  9.40128  0.416677  0.506291  0.130727  1.21752  
-0.191043  -0.26668  0.0195824  -0.260167  16.7121  2.75443  1.56529  -7.63664  0.175124  0.89618  0.121569  0.581453  2.9627  0.209966  -0.0161965  1.1106  -3.69755  -0.698889  1.07483  -1.78933  -0.574607  -2.52711  -0.760756  0.520282  -0.509451  6.35045  0.0716273  0.741842  0.1467  -0.287941  
-0.307087  -0.408822  -0.0904942  -0.174048  31.058  2.98546  -0.0740393  -4.3578  0.037698  1.00964  -0.0403125  0.0661582  0.563093  0.0417362  -0.0118421  1.01963  -5.15754  -0.676021  1.26501  -1.95321  -1.16264  -2.68572  -0.643882  -0.0725821  -0.555968  12.1279  -0.380187  0.153998  -0.0272286  -1.40756  
-0.426804  -0.582072  -0.25259  -0.116555  23.3315  2.4506  -2.22748  -1.30256  -0.563718  1.29425  -0.436347  -0.808142  -0.804478  -0.345148  0.00488791  0.049906  -5.77226  -0.383164  1.0231  -1.07383  -1.44447  -1.98501  -0.501107  -0.834558  -0.572709  25.0154  -0.56461  -1.17746  -0.395186  -1.40492  
-0.468594  -0.699445  -0.271542  0.00192229  -11.7616  1.51796  -3.19714  -2.95544  -1.17754  1.11525  -0.863643  -1.55424  -0.555599  -0.671527  -0.0250385  -2.00082  -3.49094  -0.0327778  0.57567  0.144273  -1.17909  -1.10551  -0.670556  -1.17668  -0.569741  37.563  -0.402389  -2.22729  -0.719132  -0.650774  
-0.402166  -0.663984  -0.1047  0.103121  -53.2173  0.231212  -2.50447  -7.07891  -1.28173  0.256711  -1.00544  -1.63043  0.0633429  -0.735483  -0.177718  -3.74862  1.21377  0.137265  0.137205  0.883292  -0.625913  -0.471462  -1.12863  -0.917196  -0.530688  41.5787  -0.141399  -1.91804  -0.740899  -0.0686253  
-0.285639  -0.4791  0.108453  -0.00126098  -70.9355  -1.31731  -1.45189  -6.90717  -0.775663  -0.988609  -0.734265  -0.830672  -0.165755  -0.572664  -0.416935  -3.77213  5.28622  0.0438856  -0.243646  0.847843  -0.243798  -0.0608715  -1.52  -0.39616  -0.42686  33.4597  -0.111999  -0.366415  -0.494675  -0.177683  
-0.213071  -0.276404  0.194546  -0.351316  -51.7806  -2.49757  -1.56682  0.144179  -0.0530763  -2.21656  -0.254902  0.391546  -1.09395  -0.362127  -0.583956  -2.67618  5.83001  -0.190309  -0.592433  0.312445  -0.219828  0.302186  -1.53445  -0.0466668  -0.256991  15.9142  -0.405143  1.06405  -0.308807  -0.718464  
-0.220734  -0.192715  0.108203  -0.739835  -10.4079  -2.59391  -2.77361  8.74277  0.359689  -3.04537  0.0785988  1.10028  -1.85219  -0.231486  -0.536477  -2.48062  3.07992  -0.350644  -0.886775  -0.281146  -0.368565  0.702258  -1.17939  0.0133641  -0.0681935  -3.9532  -0.766282  1.15196  -0.439662  -1.08477  
-0.26077  -0.232077  -0.053337  -0.928  22.7915  -1.69162  -3.50459  11.634  0.239683  -3.05816  0.102618  0.662476  -2.12695  -0.173722  -0.315588  -3.83166  0.501467  -0.319846  -1.06734  -0.67929  -0.422923  1.08609  -0.712672  -0.082838  0.061629  -18.1238  -0.809766  0.0941588  -0.753262  -0.973142  
-0.269746  -0.289635  -0.173785  -0.868375  25.1363  -0.686539  -2.58212  7.53973  -0.172133  -2.08387  -0.0207374  -0.613831  -2.23208  -0.144638  -0.138651  -4.96915  1.42803  -0.170556  -1.14565  -0.871135  -0.299362  1.29219  -0.376223  -0.236123  0.0720844  -21.8027  -0.406813  -0.814472  -0.861486  -0.581614  
-0.243399  -0.303333  -0.210682  -0.679782  -1.41882  -0.318784  -0.573454  1.4049  -0.409308  -0.774137  -0.016662  -1.66549  -2.20311  -0.156352  -0.19128  -3.96644  5.29977  -0.0774351  -1.20243  -0.936581  -0.0888275  1.0658  -0.236777  -0.479442  -0.0354707  -15.6727  0.165353  -0.685544  -0.575882  -0.290478  
-0.226392  -0.330575  -0.187541  -0.461816  -32.3378  -0.468698  0.884937  -1.83246  -0.216059  -0.463523  0.181931  -1.71287  -1.55807  -0.235124  -0.416317  -1.23306  7.49532  -0.133255  -1.26903  -0.901463  0.0819985  0.263565  -0.223803  -0.775242  -0.195916  -4.90155  0.50353  0.0817368  -0.13754  -0.237689  
-0.237479  -0.431496  -0.131801  -0.252291  -40.6792  -0.568611  0.820784  -1.66552  0.18189  -1.92448  0.364451  -0.981168  -0.296319  -0.316583  -0.542047  0.89646  3.8554  -0.256418  -1.25584  -0.718035  0.113962  -0.881328  -0.242034  -0.899136  -0.325703  5.17447  0.498233  0.47997  0.0894085  -0.218598  
-0.236226  -0.523146  -0.0699025  -0.126327  -19.7474  -0.343558  -0.309825  -0.755652  0.239305  -4.17452  0.309233  -0.3674  0.577847  -0.265076  -0.357196  0.970444  -4.42831  -0.289186  -1.05403  -0.338963  -0.0455077  -1.77547  -0.241317  -0.614562  -0.384458  13.4099  0.377543  0.15302  0.086824  0.0628623  
-0.176829  -0.437173  -0.0475344  -0.206187  11.3216  0.152229  -1.35789  -1.44995  -0.395468  -4.9553  0.0565036  -0.372252  0.031619  -0.0301166  0.0541964  0.0819699  -11.1885  -0.175642  -0.677596  0.177598  -0.336406  -1.91395  -0.228632  0.0209761  -0.3913  21.2621  0.318736  -0.314568  0.186305  0.683029  
-0.0773366  -0.13015  -0.113493  -0.490113  26.0896  0.974403  -1.58353  -4.1787  -1.46746  -2.79682  -0.139866  -0.662169  -1.5064  0.268424  0.385028  0.322151  -11.2771  -0.0271478  -0.27918  0.625573  -0.55994  -1.32668  -0.255516  0.613912  -0.382349  26.9365  0.163644  -0.272549  0.577236  1.38931  
-0.0089365  0.243034  -0.253148  -0.764701  16.9857  2.18925  -0.991216  -7.65754  -2.22957  1.36557  -0.126875  -0.649488  -2.25397  0.459669  0.429406  2.01293  -5.88853  -0.00387827  -0.0181793  0.75096  -0.525318  -0.519914  -0.397128  0.731545  -0.365961  23.9006  -0.33223  0.170348  0.971166  1.76989  
-0.0203173  0.504725  -0.373529  -0.797517  2.34395  3.27597  0.0635895  -9.55796  -2.05903  4.83291  -0.0319083  -0.34776  -1.01229  0.487732  0.267959  3.14097  -1.02991  -0.148466  0.0455387  0.473791  -0.262382  0.0241363  -0.663147  0.309872  -0.325174  8.13602  -1.0237  0.331931  0.9226  1.55345  
-0.0949329  0.628505  -0.381249  -0.608902  5.40015  3.19013  1.1901  -7.95383  -1.05252  5.44656  -0.0842597  -0.310254  1.38158  0.409181  0.0934963  1.87666  -0.750965  -0.350187  -0.0654445  0.00325352  -0.0264943  0.226488  -0.917132  -0.274289  -0.263486  -13.2494  -1.35388  -0.184759  0.423389  0.818403  
-0.184697  0.652699  -0.281308  -0.436744  28.2405  1.48481  1.94588  -3.42078  -0.00551742  3.29262  -0.303344  -0.828665  2.81266  0.243637  -0.0485016  -0.822207  -3.12645  -0.462202  -0.323702  -0.328066  -0.0583588  0.317671  -0.939333  -0.519093  -0.215699  -24.4675  -0.943079  -1.02495  -0.0531837  -0.0526757  
-0.264135  0.49314  -0.171128  -0.410487  48.6827  -0.821674  1.8766  0.680558  0.313566  0.294263  -0.481845  -1.49179  2.08955  -0.0785578  -0.240257  -1.92166  -3.48313  -0.439849  -0.687417  -0.37823  -0.361087  0.490955  -0.63788  -0.261464  -0.209376  -15.0835  -0.100428  -1.47386  -0.161496  -0.643899  
-0.333234  -0.00688249  -0.13652  -0.35908  43.9078  -1.95959  0.907452  1.17894  -0.049793  -1.58044  -0.478013  -1.67824  0.0871166  -0.55198  -0.451145  0.159  -0.329831  -0.36038  -1.03757  -0.334881  -0.729769  0.69647  -0.208206  0.187723  -0.233521  10.0495  0.414272  -1.19185  -0.106594  -0.80662  
-0.385818  -0.785405  -0.171298  -0.0514842  13.9395  -1.18991  -0.428808  -1.48202  -0.253038  -1.70131  -0.41924  -1.30412  -1.42961  -0.958788  -0.491324  3.28437  3.31856  -0.324532  -1.18535  -0.48813  -0.949274  0.724968  -0.0225609  0.352573  -0.261519  35.9994  0.179752  -0.503243  -0.269534  -0.726443  
-0.401311  -1.44686  -0.21251  0.44581  -19.8571  0.448351  -1.36341  -3.62987  0.39432  -0.777958  -0.50702  -0.791854  -1.68001  -0.997778  -0.285997  3.62735  4.14956  -0.358518  -1.03818  -0.882975  -0.930019  0.413579  -0.28338  0.0693751  -0.301314  52.2896  -0.479568  -0.0311525  -0.53276  -0.705358  
-0.371835  -1.57281  -0.225218  0.758523  -36.8076  1.26225  -1.58213  -2.35501  1.52785  0.0521536  -0.687824  -0.438096  -1.37292  -0.602511  -0.071203  0.0678934  2.2029  -0.401163  -0.748158  -1.24706  -0.711349  -0.191018  -0.785296  -0.398035  -0.378359  59.1758  -0.900257  -0.0784469  -0.316909  -0.88397  
-0.316308  -1.14386  -0.225284  0.618345  -33.6669  0.676245  -1.44681  1.49679  2.01395  0.113653  -0.663115  -0.0689193  -1.41242  -0.0607681  -0.163095  -4.21811  -0.244221  -0.371246  -0.649985  -1.26574  -0.433933  -0.791447  -1.10435  -0.68435  -0.461101  60.2098  -0.767909  -0.388895  0.591232  -1.14653  
-0.259733  -0.570396  -0.230645  0.163126  -21.0372  -0.344696  -1.44907  4.5259  1.24781  -0.460932  -0.283043  0.511322  -1.68018  0.232782  -0.535392  -5.31638  -1.88517  -0.241098  -0.952197  -0.893962  -0.303057  -0.998211  -1.04325  -0.705071  -0.441217  53.4995  -0.29469  -0.459712  1.52608  -1.2588  
-0.206642  -0.284219  -0.2247  -0.212085  -8.91895  -0.551392  -1.60218  4.21793  -0.0221562  -0.911568  0.186411  1.09305  -1.38117  0.13865  -0.778782  -3.24168  -2.86111  -0.0604296  -1.46297  -0.362453  -0.470196  -0.638682  -0.812026  -0.648657  -0.236944  35.0912  0.148687  -0.0875249  1.5547  -1.0838  
-0.156129  -0.351657  -0.186771  -0.305576  0.326711  0.219566  -1.54848  0.86431  -0.444984  -0.473286  0.321922  1.2912  -0.311345  -0.141342  -0.565589  -1.95945  -2.93325  0.0792112  -1.65468  0.0746465  -0.851533  -0.00565103  -0.75373  -0.675751  0.0665798  8.48373  0.382085  0.391772  0.558281  -0.700231  
-0.125794  -0.498277  -0.131073  -0.27568  7.86583  1.03993  -1.18119  -3.1458  0.370911  0.898151  0.0544926  1.1217  0.680576  -0.319124  -0.0629821  -4.49683  -1.44636  0.114646  -1.14617  0.311504  -1.11102  0.306282  -0.922755  -0.719296  0.24271  -14.5133  0.367569  0.429419  -0.563247  -0.333968  
-0.139237  -0.443601  -0.087538  -0.386216  12.6332  1.06829  -0.858973  -5.28048  1.36881  2.31825  -0.210722  0.994617  0.776424  -0.299238  0.239102  -8.75388  0.476691  0.0540587  -0.137204  0.337494  -0.942571  -0.0640866  -1.0309  -0.629838  0.13986  -23.62  0.0882531  -0.159398  -0.877175  -0.167849  
-0.185033  -0.175201  -0.0626298  -0.641598  11.7687  0.438889  -0.896313  -4.52494  1.29628  2.68322  -0.0579185  1.07082  0.372238  -0.197816  0.0890895  -9.22315  -0.23574  -0.0413304  0.665471  0.137736  -0.415756  -0.822054  -0.80655  -0.366334  -0.135955  -18.9303  -0.359293  -0.958492  -0.407132  -0.178999  
-0.213412  0.0821241  -0.0422995  -0.802017  4.04482  -0.12954  -1.03256  -2.05057  0.147272  1.73267  0.429281  0.929411  0.77912  -0.142477  -0.265541  -3.24541  -4.54737  -0.117963  0.681145  -0.254302  0.0376485  -1.25175  -0.338374  -0.00714017  -0.305407  -8.82014  -0.668588  -1.32112  0.0565284  -0.157767  
-0.192481  0.110108  -0.0327018  -0.702911  -8.53072  -0.267818  -0.732486  -0.208143  -0.959159  0.301837  0.733283  0.117089  2.64984  -0.117583  -0.422963  5.14457  -8.10669  -0.178065  -0.0108488  -0.637647  0.0626494  -0.886193  0.00135627  0.367757  -0.228005  -1.22418  -0.5696  -0.988959  -0.0213389  0.0763131  
-0.154294  -0.0952596  -0.058666  -0.471907  -21.4044  -0.256994  0.00582711  -0.271023  -1.20776  -0.546877  0.471768  -1.09242  4.93428  -0.020823  -0.299582  8.54913  -4.69648  -0.261962  -0.773101  -0.7116  -0.223232  0.0494706  -0.0629538  0.66238  -0.0835898  0.243248  -0.20675  -0.328955  -0.36608  0.467217  
-0.161589  -0.331305  -0.125718  -0.356409  -28.0274  -0.451522  0.399056  -1.18544  -0.93611  -0.531359  -0.184435  -1.86506  5.73193  0.171328  -0.153307  3.53334  6.05351  -0.3998  -1.06161  -0.350808  -0.355067  0.883058  -0.440554  0.729207  -0.166705  -5.19687  -0.0355216  0.0702774  -0.396821  0.734555  
-0.228877  -0.390994  -0.205453  -0.40471  -22.6209  -0.768431  -0.311285  -1.12837  -0.918913  -0.159635  -0.709885  -1.69345  4.07693  0.339623  -0.192465  -5.49276  16.1838  -0.578722  -0.856793  0.196215  -0.0666119  1.12253  -0.7697  0.472214  -0.508967  -16.275  -0.244785  0.0201765  -0.0410213  0.637688  
-0.303375  -0.26335  -0.277935  -0.400869  -5.76247  -0.937911  -1.88808  -0.0889275  -1.22278  0.0772338  -0.773776  -1.02729  0.796135  0.31669  -0.335018  -10.074  16.5497  -0.744972  -0.50185  0.472998  0.359962  0.831386  -0.757037  0.0365437  -0.786902  -28.0605  -0.459205  -0.128237  0.175486  0.211448  
-0.326931  -0.116275  -0.35045  -0.116371  12.1293  -1.047  -3.17921  0.119961  -1.19116  0.156351  -0.522938  -0.697711  -2.21696  0.0472244  -0.386051  -5.73467  6.33765  -0.814941  -0.238955  0.223572  0.378342  0.454438  -0.435402  -0.258665  -0.68382  -32.988  -0.230313  0.0358485  -0.189996  -0.283198  
-0.297664  -0.0815465  -0.408722  0.423272  18.4694  -1.47706  -3.17095  -1.33526  -0.468515  0.151287  -0.340666  -0.946306  -3.44074  -0.35845  -0.323694  3.75165  -5.94787  -0.701248  -0.0964383  -0.335713  -0.19382  0.397026  -0.124492  -0.247979  -0.288288  -26.5914  0.302139  0.436432  -0.924623  -0.632693  
-0.250627  -0.0870832  -0.381415  0.941841  10.9241  -2.23406  -1.8613  -2.66095  0.40068  -0.173044  -0.422091  -1.14436  -2.5859  -0.706889  -0.286024  10.094  -11.2509  -0.373083  -0.0950896  -0.693913  -0.91152  0.744216  -0.116906  -0.144369  -0.0221696  -12.4754  0.547888  0.568813  -1.33999  -0.814228  
-0.198411  0.0374316  -0.218268  1.12842  -0.0469163  -2.64514  -0.0907888  -1.69636  0.593519  -0.985382  -0.613637  -0.534686  -0.549725  -0.838111  -0.330107  8.54204  -8.1831  0.0705101  -0.33218  -0.54252  -1.12932  1.26165  -0.393108  -0.26253  -0.152926  0.252695  0.269448  0.116233  -0.956735  -0.843435  
-0.122129  0.313522  0.00178933  0.847408  -3.95403  -1.99784  1.24865  0.801215  0.0100276  -1.78817  -0.629973  0.889799  1.11505  -0.702722  -0.340514  1.98274  -2.36847  0.415773  -0.717668  -0.0738724  -0.664697  1.5838  -0.662046  -0.586283  -0.465753  4.78741  -0.0654191  -0.618262  0.0309468  -0.587228  
-0.0209455  0.557957  0.103963  0.215394  -2.76001  -0.359717  1.7729  1.68462  -0.642089  -1.69978  -0.35254  2.36279  1.05349  -0.359148  -0.220721  -2.90004  0.744679  0.479084  -0.844347  0.244837  0.0457293  1.47812  -0.685671  -0.729588  -0.512519  2.07827  0.0457847  -1.0369  0.937991  0.0938522  
0.0581068  0.597915  0.00584628  -0.467439  -6.07598  1.38145  1.60249  -0.418457  -0.705769  -0.581892  0.0697063  3.01731  -1.07039  0.0635524  -0.0694907  -2.92678  0.632852  0.271698  -0.367677  0.193582  0.454555  1.04873  -0.530971  -0.432389  -0.146077  -1.02985  0.395637  -0.959  1.18198  0.965781  
0.0603236  0.46213  -0.18125  -0.86589  -15.3896  2.34521  1.07629  -2.94769  -0.288455  0.444184  0.366388  2.65376  -4.1204  0.426144  -0.0811025  -1.07624  -0.0427054  0.0104107  0.434941  0.0222299  0.47159  0.67291  -0.450476  0.0747349  0.293727  1.57191  0.322078  -0.829457  0.726688  1.36033  
-0.0209095  0.29472  -0.272179  -0.841103  -20.0959  2.30334  0.514414  -2.57319  -0.0153535  0.0499824  0.36025  1.77061  -6.06856  0.628395  -0.297147  -1.98559  0.35307  -0.0662049  0.716589  0.0841607  0.450622  0.627024  -0.565506  0.306869  0.351794  9.14344  -0.338483  -1.10217  0.0363397  0.717775  
-0.13889  0.144357  -0.212112  -0.569875  -11.9131  1.63739  0.100261  0.152105  -0.236186  -1.70159  0.0868466  1.10252  -5.42406  0.644877  -0.551116  -5.90618  1.20351  0.0888386  -0.138708  0.326337  0.662035  0.743243  -0.775609  0.0956262  -0.0426093  13.6344  -0.936319  -1.5627  -0.364538  -0.726855  
-0.23996  -0.0695362  -0.102669  -0.420477  1.68495  0.961751  -0.133183  1.22483  -0.655036  -3.18414  -0.240095  0.953447  -2.42098  0.512629  -0.647634  -8.20015  1.54601  0.293197  -1.7669  0.293826  0.931031  0.545522  -1.00711  -0.245545  -0.51384  6.20252  -0.790674  -1.51594  -0.312397  -1.91837  
-0.292584  -0.386905  -0.0392461  -0.592071  5.21024  0.816983  -0.264352  -1.40281  -0.757587  -2.82681  -0.369424  1.00793  0.99008  0.29687  -0.539564  -4.90227  1.47612  0.313522  -3.02484  -0.29366  0.85469  -0.19762  -1.34934  -0.328008  -0.634378  -12.2666  -0.0567999  -0.638631  -0.0560654  -1.8316  
-0.285767  -0.699944  -0.00804451  -0.918005  -5.20741  1.44744  -0.459189  -4.55572  -0.449812  -0.763995  -0.18248  0.602548  2.66008  0.0487311  -0.292986  2.49695  1.34538  0.0816004  -2.9708  -1.08197  0.294933  -1.13139  -1.80108  -0.133392  -0.332896  -27.8917  0.466278  0.552469  0.0497304  -0.439831  
-0.225023  -0.871708  0.0245278  -1.03496  -16.3111  2.59766  -0.889827  -3.71764  -0.113677  1.35958  0.215352  -0.611864  1.93569  -0.20213  0.0221067  8.36867  0.708113  -0.23882  -1.66287  -1.36622  -0.453109  -1.67386  -1.96485  0.0889118  0.077572  -26.2974  0.272257  1.24759  -0.117254  1.18711  
-0.144449  -0.897904  0.00330259  -0.789273  -13.9931  3.60238  -1.54273  0.486855  -0.0850104  2.11977  0.562881  -2.29744  0.158468  -0.433857  0.33757  8.57703  -0.947386  -0.40706  0.0171608  -0.844735  -0.962148  -1.65355  -1.30161  0.206259  0.235513  -10.674  -0.361673  1.23029  -0.413466  1.81967  
-0.0950873  -0.877839  -0.14599  -0.356849  0.35529  3.85543  -2.04192  2.04924  -0.208213  1.60808  0.643881  -3.56146  -0.752851  -0.613571  0.535684  4.09524  -2.90099  -0.344487  1.19385  0.0463907  -1.04995  -1.4049  0.17228  0.320574  0.0554635  -3.01514  -0.850189  1.02525  -0.66173  1.14703  
-0.0995947  -0.847817  -0.358018  0.0152815  13.2752  3.18586  -1.82988  -3.08075  -0.0494776  1.03877  0.461514  -3.65607  -0.241041  -0.695723  0.49985  -0.658089  -3.4802  -0.220305  1.62585  0.608831  -0.843817  -1.20876  1.56956  0.458054  -0.238063  -20.9912  -0.999589  1.13187  -0.802229  -0.00565085  
-0.124941  -0.71649  -0.449264  0.304751  15.7206  1.78365  -0.759406  -11.0176  0.506109  1.3038  0.214042  -2.54859  0.485699  -0.634853  0.238613  -2.29127  -1.89721  -0.277348  1.60214  0.580728  -0.57625  -0.85417  1.81116  0.380472  -0.354048  -53.1341  -1.04999  1.33535  -0.829666  -0.521504  
-0.123756  -0.399164  -0.328288  0.641536  10.6196  -0.0957426  0.536653  -13.5956  1.01036  2.08569  0.0851973  -0.87882  0.0217683  -0.417586  -0.0990801  -0.736884  0.769023  -0.549136  1.41478  0.272327  -0.411233  0.0520175  0.701099  -0.160111  -0.220995  -64.3755  -1.17876  0.947819  -0.695757  -0.0633992  
-0.0977949  0.0199476  -0.116171  1.00194  5.73212  -2.09854  1.12273  -8.18875  0.910304  2.37757  0.0636117  0.585273  -1.42329  -0.103445  -0.359443  2.01951  2.62923  -0.787608  1.02281  0.0988243  -0.409791  1.37446  -0.783408  -1.02586  -0.0321067  -32.0635  -1.21401  -0.300907  -0.365964  0.629477  
-0.0949526  0.31147  0.00410951  1.13916  4.47718  -3.58414  0.766494  -1.46508  0.175619  1.66654  -0.0192597  1.5101  -2.30565  0.175265  -0.501458  3.92478  2.7439  -0.716235  0.276754  0.13469  -0.536914  2.33809  -1.37888  -1.71872  -0.0255039  26.3679  -0.911699  -1.79882  0.0758306  0.514582  
-0.143734  0.305975  0.0112681  0.853414  5.78711  -3.84633  0.290183  -1.6622  -0.6643  0.472147  -0.278019  1.94418  -1.795  0.284749  -0.571973  3.70701  1.63646  -0.345369  -0.681614  0.146489  -0.658347  2.28156  -0.729803  -1.86031  -0.224846  68.753  -0.376909  -2.56633  0.44421  -0.658797  
-0.209258  0.073271  0.0307993  0.256238  6.85294  -2.79089  0.605251  -8.07437  -1.0789  -0.28171  -0.6214  1.98135  -0.994318  0.199199  -0.605806  1.18466  0.493367  0.0353024  -1.38228  -0.0813449  -0.613003  1.40534  0.356008  -1.55638  -0.408537  71.4223  -0.0560615  -2.18982  0.601133  -2.01728  
-0.235402  -0.118402  0.111568  -0.368294  3.33649  -1.19265  1.48565  -10.6744  -0.983701  -0.330837  -0.821576  1.56174  -1.52295  0.0324251  -0.592939  -2.21394  0.426149  0.191386  -1.50605  -0.529867  -0.362128  0.575571  0.79852  -1.19895  -0.357654  51.5755  -0.275305  -1.16899  0.545781  -2.35421  
-0.210116  -0.0466003  0.127877  -0.847804  -9.21844  -0.0398608  1.68124  -1.11434  -0.622656  -0.368094  -0.732328  0.732787  -3.26719  -0.0585987  -0.531304  -4.11229  1.87261  0.203113  -1.29787  -0.979116  -0.0491654  0.387929  0.311833  -1.0223  -0.0983444  42.9141  -0.789893  -0.378999  0.354609  -1.28472  
-0.172047  0.234116  -0.0388698  -1.1792  -29.0183  0.255011  0.421621  17.3537  -0.263825  -1.10074  -0.420051  -0.128306  -4.2683  -0.0140046  -0.466423  -3.56845  4.06727  0.314564  -1.32407  -1.18064  0.140622  0.604265  -0.44179  -0.918374  0.122281  54.7086  -0.894656  -0.265425  0.121742  0.396145  
-0.150804  0.406572  -0.28112  -1.28011  -44.1918  -0.0862803  -1.46695  32.2565  -0.0999853  -2.19506  -0.0946813  -0.591206  -3.1029  0.0738787  -0.440927  -2.53396  4.92961  0.565089  -1.75926  -1.01895  0.157689  0.589839  -0.6522  -0.68372  0.100072  63.7191  -0.0956617  -0.538896  -0.0245932  1.4913  
-0.13145  0.175567  -0.342739  -0.918862  -41.3798  -0.615927  -2.31503  33.8562  -0.272187  -2.46422  0.0793201  -0.655533  -0.674317  0.039865  -0.430933  -3.3818  2.48388  0.687543  -2.09596  -0.585398  0.0860492  0.15826  -0.17047  -0.294771  -0.115559  46.466  1.24732  -0.592151  0.0364698  1.46352  
-0.0888365  -0.435364  -0.116744  -0.0375864  -20.4809  -0.780831  -1.41757  23.6987  -0.700259  -1.32109  0.0936319  -0.817848  0.906466  -0.204994  -0.363441  -4.97336  -2.76326  0.427339  -1.75846  -0.103572  0.00413502  -0.237918  0.480883  0.104058  -0.296613  9.55879  2.08748  -0.11433  0.229206  0.706708  
-0.0390162  -1.07225  0.203776  0.926273  2.29059  0.115344  0.244559  11.314  -0.911141  0.258733  0.0454504  -1.38496  0.880414  -0.563495  -0.202297  -3.2802  -7.21988  -0.116637  -0.939767  0.26953  -0.0709276  -0.159996  0.757855  0.414484  -0.279708  -18.7325  1.64909  0.637075  0.194405  -0.103073  
-0.0318868  -1.35672  0.336485  1.26399  9.124  2.309  1.13798  4.199  -0.357388  0.63066  0.00660816  -1.91153  0.567434  -0.791014  -0.00340898  2.54538  -7.06732  -0.56108  -0.54448  0.543156  -0.0921912  0.185014  0.59628  0.638293  -0.118103  -22.5563  0.245859  1.11961  -0.382844  -0.694621  
-0.0909132  -1.17924  0.226678  0.6629  -1.61529  4.72337  0.738428  2.01909  0.895329  -0.595741  -0.0429987  -1.52092  1.39806  -0.671032  0.109351  6.57819  -2.33482  -0.648026  -1.17102  0.767446  0.0521781  0.141062  0.29973  0.723692  0.00563236  -14.1674  -0.997346  1.00125  -1.26647  -1.19012  
-0.185464  -0.708768  0.0665385  -0.451093  -13.7973  5.41813  -0.268054  -0.0250393  1.97007  -1.95077  -0.17013  0.0249549  3.06265  -0.235059  0.052755  2.29827  2.47469  -0.515124  -2.29083  0.849592  0.381146  -0.579652  0.111743  0.494185  -0.025489  -14.3878  -1.26469  0.428225  -1.69043  -1.59983  
-0.267948  -0.196519  0.0205284  -1.28539  -9.84195  3.5016  -1.0662  -4.29218  1.96419  -1.67498  -0.378837  1.85904  3.97295  0.201435  -0.138123  -7.54357  2.66356  -0.507604  -2.66946  0.613176  0.665753  -1.471  0.0387782  -0.111711  -0.174965  -26.226  -0.795307  -0.161593  -1.14112  -1.61092  
-0.324074  0.181672  0.0226504  -1.41923  12.3444  0.329319  -1.55479  -8.49025  0.934194  0.302756  -0.557325  2.71984  3.24938  0.275064  -0.326388  -10.8813  -1.88611  -0.762189  -1.59467  0.0723918  0.56275  -1.71567  0.019082  -0.806477  -0.316833  -34.7259  -0.470182  -0.426385  -0.108256  -0.96398  
-0.36181  0.35023  -0.107816  -1.04019  37.186  -1.80435  -2.00217  -9.68981  -0.115804  2.38994  -0.542444  2.24341  1.50509  -0.0760977  -0.377664  0.604613  -6.69283  -1.029  0.440602  -0.457958  -0.0221244  -1.06375  0.0837122  -1.08101  -0.367668  -28.3403  -0.791295  -0.380945  0.275052  0.104495  
-0.366402  0.327518  -0.407583  -0.577746  45.3745  -2.02908  -2.29508  -8.41859  -0.344675  3.25872  -0.270409  1.21209  -0.192963  -0.514507  -0.259816  19.8574  -7.33121  -0.930484  2.28365  -0.655813  -0.74104  -0.0947174  0.276145  -0.717304  -0.33975  -11.014  -1.39615  -0.334682  -0.468196  0.981544  
-0.296003  0.240423  -0.709923  -0.20245  30.9063  -1.42891  -1.98254  -7.51362  0.0110133  3.22084  0.124367  0.648809  -1.50603  -0.628316  -0.0395165  29.659  -3.61892  -0.389041  3.15962  -0.552869  -1.05937  0.387716  0.502101  -0.0768397  -0.291775  7.52153  -1.54284  -0.581182  -1.42592  1.21487  
-0.138279  0.254607  -0.819092  0.206497  6.09666  -1.26372  -1.01797  -7.67407  0.00512373  3.49605  0.382369  0.746222  -2.72917  -0.364564  0.202239  20.6953  0.781033  0.232051  3.09535  -0.466266  -0.751803  0.144057  0.582592  0.226235  -0.255087  24.3386  -0.91649  -1.10257  -1.16548  0.871512  
0.0505034  0.400402  -0.677215  0.749758  -10.9118  -1.43957  -0.0848064  -6.4625  -0.819828  4.50445  0.334763  0.855896  -3.83479  -0.0806812  0.424454  1.81636  2.28028  0.445056  2.54526  -0.584121  -0.123794  -0.41891  0.467675  -0.017777  -0.205366  39.0437  0.115164  -1.51421  0.615653  0.365737  
0.183437  0.496289  -0.356033  1.28409  -14.5265  -1.22674  0.107034  -2.21153  -1.84621  5.27594  0.0660545  0.398208  -4.28647  -0.126876  0.589625  -9.85733  0.497786  0.12308  1.91473  -0.763491  0.28038  -0.753985  0.330651  -0.379886  -0.116333  43.4401  0.918951  -1.35491  2.57705  0.020045  
0.218452  0.33805  0.0195647  1.52582  -15.8456  -0.730661  -0.315455  2.45945  -2.07357  4.5168  -0.16031  -0.458667  -3.6975  -0.438288  0.623242  -6.81821  -2.06442  -0.348993  1.40488  -0.773952  0.203685  -0.637207  0.395948  -0.294367  -0.0216508  27.2154  1.12431  -0.501245  3.05601  -0.171292  
0.179262  -0.0222304  0.281132  1.30262  -26.7221  -0.753061  -0.494448  3.04051  -1.24611  2.00452  -0.165271  -0.941769  -2.35969  -0.621922  0.463833  3.25034  -2.75802  -0.456533  1.07347  -0.593588  -0.106936  -0.174813  0.694942  0.283046  -0.00148206  -3.92572  0.78838  0.630508  1.78974  -0.411109  
0.099704  -0.270704  0.241604  0.65012  -41.362  -1.27762  0.145436  -1.1378  -0.133104  -1.17461  -0.0344313  -0.46596  -0.935007  -0.446943  0.15882  8.52505  -1.03436  -0.0985043  0.860045  -0.339239  -0.206012  0.365089  0.994458  0.82015  -0.101792  -24.8846  0.193969  1.36983  0.0997452  -0.776327  
-0.0178922  -0.168341  -0.142287  -0.227566  -40.0773  -1.18772  1.20481  -5.56344  0.291001  -3.49894  -0.0131306  0.808973  0.155585  -0.115311  -0.134633  5.69957  1.42325  0.298151  0.605431  -0.023449  0.0605885  0.659454  0.984199  0.799323  -0.248847  -15.9572  -0.387535  1.32583  -0.61853  -1.06855  
-0.173541  0.146209  -0.613186  -1.07503  -13.144  0.0404275  1.73238  -5.67171  -0.20941  -4.01652  -0.222132  2.05998  0.873224  0.000914362  -0.266708  0.29129  2.47164  0.24511  0.178169  0.405074  0.413225  0.47375  0.543496  0.271422  -0.290094  11.3679  -0.795196  0.693696  -0.251792  -0.997002  
-0.313359  0.279674  -0.740978  -1.65504  24.1687  1.21875  1.24551  -2.1373  -1.00647  -2.8244  -0.513856  2.44612  1.37247  -0.169852  -0.202905  -2.44185  1.37802  -0.262239  -0.390117  0.7825  0.48705  -0.0503851  -0.115734  -0.251719  -0.152644  23.0282  -0.938122  0.0164932  0.25537  -0.548783  
-0.355003  0.0176963  -0.330782  -1.84338  45.5638  0.809775  0.14782  0.521667  -1.34605  -0.845854  -0.625746  1.81687  1.77981  -0.322079  -0.0362465  -2.90532  -0.714684  -0.740569  -0.921943  0.728561  0.258936  -0.346403  -0.566959  -0.383654  0.0472295  0.367241  -0.771674  -0.367325  0.176214  -0.149428  
-0.279541  -0.435053  0.330396  -1.66195  41.3731  -0.920229  -0.803636  -0.0450426  -1.06384  0.795636  -0.456994  0.820098  2.15428  -0.164329  0.0911558  -3.76032  -2.01695  -0.753847  -1.26108  0.0942135  0.0560833  0.0286789  -0.504778  -0.220138  0.0868288  -36.6838  -0.330059  -0.573099  -0.325477  -0.3523  
-0.170213  -0.679071  0.725646  -1.22112  27.0061  -2.03146  -1.21678  -1.40658  -0.539653  1.48709  -0.162923  0.252979  2.35109  0.209063  0.0797748  -4.75755  -1.83822  -0.373379  -1.40788  -0.706831  0.135464  0.780814  -0.0223251  -0.109979  -0.118562  -51.1582  0.215316  -0.908471  -0.705669  -1.29991  
-0.128309  -0.548407  0.623508  -0.598567  23.1907  -1.29075  -1.19613  -0.0845083  -0.115393  1.41011  0.013178  0.17382  2.01748  0.416208  -0.0787446  -3.55875  -1.06908  -0.0361049  -1.50809  -1.02976  0.346357  1.06153  0.440808  -0.189322  -0.382962  -31.2757  0.615038  -1.41421  -0.805851  -2.48769  
-0.157157  -0.252637  0.274464  0.194869  32.9717  0.337883  -0.958458  3.52563  0.250552  1.18172  -0.0348113  -0.164797  0.95559  0.227852  -0.300028  -0.203046  -1.08023  -0.0110082  -1.70519  -0.696092  0.288804  0.446174  0.498729  -0.239565  -0.410492  -2.95808  0.697999  -1.76897  -0.848502  -3.14172  
-0.159932  -0.111246  0.0748881  1.0985  41.4823  1.00123  -0.610731  5.58223  0.721695  1.16438  -0.215032  -1.39582  -0.386896  -0.176631  -0.446391  2.1309  -2.18409  -0.127808  -1.90446  -0.209575  -0.217004  -0.450186  0.179578  -0.00479208  -0.118502  1.69116  0.486772  -1.60626  -0.900405  -2.85855  
-0.0601313  -0.207395  0.142322  1.89678  34.4915  0.201304  -0.314607  3.76081  1.15798  1.11089  -0.345026  -3.00696  -1.04599  -0.413128  -0.420673  1.23057  -3.30732  -0.0585069  -1.71437  -0.183958  -0.893201  -0.619117  -0.144853  0.440287  0.220911  -18.9581  0.162921  -0.89243  -0.733279  -1.88437  
0.0944928  -0.343077  0.274725  2.26482  12.8702  -0.907503  -0.387439  0.155165  1.16888  0.4716  -0.303325  -3.60546  -0.465564  -0.295978  -0.253613  -0.96966  -3.24226  0.229535  -0.803723  -0.660282  -1.26921  0.144668  -0.168296  0.700445  0.228855  -37.5261  -0.072875  0.0663679  -0.285064  -0.82126  
0.170104  -0.307966  0.265776  1.9987  -11.5877  -1.24498  -1.03977  -1.38731  0.597587  -0.924563  -0.105294  -2.33287  0.82263  -0.00686424  -0.096598  -0.815364  -2.0119  0.423439  0.551027  -1.09763  -1.12853  0.972851  0.0508169  0.488637  -0.187191  -31.7476  -0.0951585  0.876445  0.0647132  -0.123659  
0.0887942  -0.117446  0.132746  1.17511  -28.8428  -1.01116  -2.01812  0.202931  -0.191972  -2.44673  0.120373  0.0371085  1.6956  0.133625  -0.0906642  2.10714  -0.904204  0.258552  1.43497  -0.997828  -0.64583  0.911992  0.230904  -0.0239488  -0.69397  -8.75939  0.088202  1.29262  -0.0616234  0.152278  
-0.0793348  0.0419202  0.0194616  0.151602  -37.3498  -0.963064  -2.74432  2.38386  -0.636865  -2.93076  0.236396  1.73239  1.70121  0.00113802  -0.218629  3.97754  -1.05688  -0.140047  1.10746  -0.395925  -0.134063  -0.0798319  0.198673  -0.356833  -0.823803  7.39434  0.299655  1.28824  -0.469632  0.2449  
-0.177288  0.0706012  -0.0257999  -0.666457  -40.2292  -1.08432  -2.84027  2.47355  -0.543285  -1.59941  0.211268  1.74504  1.47843  -0.221615  -0.297545  1.26768  -2.15783  -0.382167  -0.0641208  0.277903  0.247209  -1.25105  0.0485527  -0.258907  -0.412718  6.1474  0.268679  1.01618  -0.576121  0.459855  
-0.116793  0.0794627  -0.0943354  -1.06589  -38.9094  -0.654429  -2.44508  0.762854  -0.257348  0.944909  0.136384  0.749686  1.82071  -0.260432  -0.154142  -4.79024  -2.65863  -0.246091  -0.742075  0.670026  0.516773  -1.93674  -0.0135212  -0.0015585  0.243167  -0.194411  -0.0952811  0.700665  -0.200004  0.971902  
0.0277894  0.230198  -0.272221  -1.14273  -31.2654  0.460262  -1.8402  -0.221999  -0.233342  2.71532  0.105821  0.25564  2.43368  -0.032058  0.167554  -9.36993  -1.39545  0.0898847  0.0642643  0.74322  0.689457  -2.0212  0.103099  -0.0231601  0.652186  3.85859  -0.524764  0.484446  0.137553  1.66478  
0.0901925  0.497245  -0.5176  -1.15618  -14.9975  1.30739  -0.968858  0.990961  -0.554774  1.86811  0.0797142  0.883418  2.11523  0.289951  0.399352  -9.31077  1.10151  0.261637  1.86305  0.639003  0.676442  -1.70011  0.313673  -0.318256  0.557583  15.2003  -0.632066  0.303578  -0.100159  2.13117  
-0.0180604  0.669157  -0.692529  -1.26291  6.84342  1.00644  0.42466  3.34733  -0.920216  -1.28938  -0.0775052  1.80817  0.196954  0.47035  0.305224  -6.24316  3.05952  0.101717  3.09267  0.448701  0.380401  -1.13809  0.46558  -0.343487  0.123075  15.6838  -0.386963  -0.0329408  -0.682174  1.9459  
-0.213327  0.594224  -0.685222  -1.37006  23.9102  0.0803741  2.08275  5.06589  -1.00176  -4.05381  -0.398846  1.76354  -2.49423  0.414523  -0.0472343  -3.84293  3.18788  -0.23678  2.69203  0.189446  -0.142862  -0.486074  0.467379  0.335138  -0.259472  -4.20189  -0.210553  -0.573634  -0.81845  1.08516  
-0.322606  0.364486  -0.495148  -1.26191  24.4446  -0.0248483  3.02385  5.62952  -0.726505  -3.62739  -0.709038  0.49332  -4.29904  0.197533  -0.315583  -3.01527  1.73066  -0.500472  1.0898  -0.0882387  -0.66648  0.0739089  0.342609  1.39871  -0.314405  -31.1939  -0.460695  -1.08556  -0.169715  0.0472201  
-0.270242  0.180636  -0.247395  -0.880729  6.70724  1.17882  2.36201  5.36433  -0.247227  0.0607817  -0.783813  -0.962147  -4.29288  -0.0678938  -0.235419  -1.32511  -0.134713  -0.590379  -0.393913  -0.289055  -0.949095  0.434263  0.177026  1.95661  -0.080002  -42.1885  -0.929718  -1.25046  0.662149  -0.528272  
-0.15325  0.0862592  -0.114149  -0.420022  -15.1954  2.36496  0.407033  3.68459  0.248673  4.131  -0.595931  -1.39415  -2.86564  -0.305775  0.0868272  2.73493  -1.53433  -0.570762  -0.870109  -0.393878  -0.919977  0.598242  0.0482785  1.43363  0.18512  -30.5659  -1.04548  -0.995544  0.817711  -0.408299  
-0.118487  -0.0699217  -0.168426  -0.125637  -20.3025  1.79983  -1.32134  -0.391633  0.613471  5.57613  -0.329325  -0.626523  -1.05805  -0.458914  0.289693  6.73116  -2.35887  -0.508569  -0.473233  -0.50284  -0.725678  0.483438  -0.0155499  0.156205  0.25583  -16.0434  -0.578948  -0.542526  0.224851  0.0779921  
-0.182536  -0.383009  -0.290276  -0.00994984  0.791754  -0.524312  -1.36207  -5.64912  0.724434  4.15094  -0.141425  0.378329  0.421468  -0.477336  0.169659  6.90621  -2.67608  -0.399262  0.162049  -0.683367  -0.588042  -0.10171  -0.0205156  -0.994269  0.10809  -24.2725  0.0638815  -0.140796  -0.315107  0.384791  
-0.219744  -0.693438  -0.264739  0.130887  36.1254  -2.7119  0.36387  -8.28503  0.514656  2.19571  -0.00152592  0.566756  1.3098  -0.388262  -0.115485  3.18172  -2.39809  -0.249231  0.634312  -0.819796  -0.593387  -1.04521  0.0424221  -1.42441  -0.105415  -56.0355  0.37469  0.140929  -0.0942334  0.212497  
-0.136464  -0.737723  -0.0170299  0.426769  61.9267  -3.06324  2.52617  -5.65045  0.0426215  1.82668  0.174014  -0.261466  1.53069  -0.329813  -0.295557  -0.325804  -1.7171  -0.125553  0.931787  -0.718344  -0.605677  -1.72753  0.195931  -1.20974  -0.219814  -80.5136  0.363483  0.297185  0.661468  -0.317277  
-0.0064052  -0.466375  0.271805  0.719998  62.5475  -1.97518  3.62075  0.0940979  -0.479403  2.77184  0.305082  -1.39824  1.22846  -0.431256  -0.332368  -0.127816  -1.48687  -0.0652708  1.12324  -0.398423  -0.423476  -1.56841  0.441443  -0.762586  -0.20069  -64.5379  0.375827  0.242129  1.07322  -0.849052  
0.0119731  -0.106505  0.33374  0.731106  40.7533  -1.30519  3.17441  3.90662  -0.799737  3.12172  0.206967  -2.00471  0.958214  -0.65145  -0.402491  2.57548  -2.2611  0.00426781  1.18813  -0.150362  -0.0425095  -0.776977  0.702457  -0.352134  -0.150245  -8.97274  0.402447  -0.0919889  0.587628  -1.10395  
-0.124815  0.118741  0.097229  0.400692  10.9344  -1.99314  1.87787  3.6427  -0.803534  1.67712  -0.12549  -1.65143  1.27537  -0.809398  -0.572445  3.83041  -3.01209  0.15926  1.11068  -0.197111  0.283102  -0.199951  0.845255  -0.0430965  -0.187788  48.1301  0.00175809  -0.512378  -0.500164  -1.05321  
-0.283584  0.226519  -0.238782  -0.0174849  -12.8956  -2.90646  0.776129  2.1546  -0.56816  -0.83836  -0.426477  -0.466968  1.90482  -0.776179  -0.661152  2.16261  -1.70814  0.291846  0.995165  -0.372337  0.293764  -0.273328  0.774562  0.13119  -0.305213  68.1702  -0.91438  -0.661261  -1.43045  -0.861655  
-0.307807  0.351784  -0.410418  -0.219167  -23.0205  -2.35926  0.402783  2.91078  -0.270339  -2.72315  -0.453056  1.04201  1.77702  -0.590563  -0.499022  0.00892038  2.16269  0.156783  0.998597  -0.296109  0.0254496  -0.460162  0.519775  0.156432  -0.36055  49.3563  -1.54094  -0.427267  -1.69575  -0.673737  
-0.19428  0.471431  -0.328939  -0.149083  -17.7918  -0.285964  0.578694  5.10906  -0.0260112  -2.9027  -0.295063  2.10803  0.317013  -0.401327  -0.207027  -0.289442  6.01937  -0.32651  1.16579  0.113423  -0.22662  -0.0496532  0.246588  0.178128  -0.222901  23.0766  -0.939039  -0.143291  -1.31736  -0.479041  
-0.074109  0.40614  -0.112379  0.00665984  -3.40347  1.5699  0.788778  4.97577  0.173499  -1.54056  -0.259184  2.01567  -1.47745  -0.284323  -0.0544926  0.0477537  6.29041  -0.872127  1.33096  0.48001  -0.267635  0.746785  0.140563  0.392989  0.0567114  15.4261  0.668139  -0.192587  -0.646904  -0.21071  
-0.0394512  0.138585  0.051064  0.02596  5.51489  1.62131  0.719379  1.42865  0.383489  0.381851  -0.43564  0.715031  -1.83989  -0.140213  -0.0697245  -1.6165  2.49646  -1.03619  1.20603  0.430159  -0.222734  0.975125  0.251737  0.720117  0.259078  19.3667  1.79246  -0.504491  -0.0743489  0.0480143  
-0.0464659  -0.0441857  0.036003  -0.165187  -5.26654  0.0996305  0.475555  -1.72138  0.581966  1.7633  -0.528294  -0.867103  -0.244514  0.195633  0.0138192  -4.81773  -1.66162  -0.652238  0.600355  0.0851944  -0.306713  0.246084  0.414268  0.732702  0.208496  7.59768  1.19729  -0.63393  0.154303  0.0949417  
-0.0102947  0.131692  -0.158334  -0.476528  -33.9445  -1.38233  0.395136  -0.327392  0.632835  1.91118  -0.214766  -1.38372  1.79303  0.671731  0.344426  -5.84526  -2.33501  -0.00578933  -0.376926  -0.114875  -0.441788  -0.656281  0.368086  0.106446  -0.0351831  -31.4537  -0.65532  -0.317079  0.0342506  -0.0695447  
0.0578443  0.527385  -0.385146  -0.686037  -58.2053  -1.60427  0.638974  4.63883  0.342505  0.903275  0.3974  -0.371169  2.33399  0.872275  0.640034  -2.47342  -0.231788  0.45371  -1.32219  -0.0510726  -0.281036  -0.737133  0.0241548  -0.903693  -0.230888  -77.7993  -1.9783  0.211098  -0.208606  -0.0441824  
0.0660868  0.703405  -0.414522  -0.528784  -52.9621  -0.753791  1.02557  7.83991  -0.356249  -0.495377  0.819865  1.16225  1.08573  0.342075  0.467727  2.81442  -0.0727971  0.525418  -1.81088  -0.135264  0.319272  -0.015909  -0.399686  -1.60407  -0.224848  -99.8907  -1.54963  0.580226  -0.296808  0.59899  
-0.0138221  0.472012  -0.137704  0.111505  -15.3966  0.150961  1.27109  5.6218  -1.21698  -1.55902  0.703511  1.57601  -0.572794  -0.790505  -0.188343  5.51981  -4.70945  0.360205  -1.70324  -0.727358  0.995423  0.605223  -0.569052  -1.53681  -0.106876  -85.2763  0.0238453  0.755359  -0.14231  1.68593  
-0.0854759  0.171147  0.257008  0.977619  29.8972  0.438208  1.32058  -0.13583  -1.72952  -2.30035  0.205796  0.233199  -1.51474  -1.65806  -0.809145  3.96395  -10.7646  0.211593  -1.17799  -1.52274  1.19031  0.57266  -0.365399  -0.888575  -0.0769244  -48.7141  1.0445  0.95943  0.099425  2.37357  
-0.0611286  0.225628  0.378714  1.47262  52.6596  0.277243  1.30489  -4.64625  -1.47083  -3.2023  -0.219972  -1.80179  -2.07812  -1.50251  -0.877442  0.194544  -11.6504  0.180495  -0.484815  -1.75506  0.74891  0.240716  0.0249805  -0.186847  -0.185186  -14.4389  0.558724  1.20237  0.216966  1.91785  
-0.00682341  0.540679  0.0284375  1.10824  43.2697  0.232808  1.19728  -5.75488  -0.503613  -4.1706  -0.323786  -2.79118  -3.06832  -0.733952  -0.428229  -3.2298  -4.82099  0.197419  0.278346  -1.03407  0.0587649  0.14564  0.374116  0.286975  -0.264049  4.45726  -0.761335  1.17804  0.159824  0.470884  
-0.0853452  0.548949  -0.523777  -0.00285432  17.6634  0.527974  0.708408  -5.44709  0.597389  -4.219  -0.251862  -1.9067  -4.20109  -0.714743  0.024635  -5.47547  5.05545  0.157731  1.07391  0.186683  -0.402833  0.170073  0.641689  0.616853  -0.138858  10.281  -1.49805  0.716408  0.0333307  -1.06649  
-0.327858  -0.0721358  -0.767551  -1.11527  -0.267327  0.749287  -0.294947  -6.15243  1.20854  -2.57756  -0.273122  0.00748772  -4.274  -2.03791  0.063641  -6.32167  10.8515  0.0100204  1.7462  1.04284  -0.49973  -0.216587  0.903547  0.869684  0.149596  11.115  -0.998348  0.122677  -0.0654422  -1.98859  
-0.520013  -0.90831  -0.46937  -1.46456  0.981534  0.276095  -1.40574  -7.05052  1.1713  0.058786  -0.43222  1.27139  -2.89298  -3.23646  -0.241448  -4.74581  9.92907  -0.242777  2.05831  1.04452  -0.345585  -1.09596  1.12644  0.853714  0.375626  11.4798  0.155533  -0.118118  -0.113642  -2.35423  
-0.382519  -1.20499  0.0955569  -0.913915  14.6907  -0.899247  -1.94849  -5.15161  0.843078  2.00834  -0.531583  0.855851  -1.20448  -1.95397  -0.481118  -0.285651  5.61383  -0.536759  1.96521  0.39554  0.0266613  -1.92319  1.15553  0.397737  0.372913  11.2992  0.949917  0.0888403  -0.0927313  -2.53221  
0.115445  -0.714345  0.455337  -0.0380825  24.8116  -1.79825  -1.70144  0.296819  0.669767  2.40044  -0.395859  -0.678055  -0.52068  2.2272  -0.325503  4.96665  2.39387  -0.740734  1.72713  -0.318542  0.647748  -2.16575  0.931739  -0.28637  0.198021  9.6332  0.917893  0.404703  0.0325021  -2.47473  
0.661106  0.0244377  0.40986  0.478819  19.1384  -1.18058  -1.16885  5.83197  0.712424  2.00949  -0.0756364  -1.72336  -0.618273  6.57612  0.209513  7.46612  1.46007  -0.72783  1.66045  -0.622674  1.28735  -1.85217  0.577641  -0.712333  0.0384473  7.5105  0.349198  0.53961  0.211606  -1.7846  
0.852096  0.283551  0.129481  0.471173  -1.85863  1.04849  -0.988617  7.17074  0.65754  1.83212  0.207966  -1.11459  -0.0978801  7.49584  0.797788  5.85633  1.08154  -0.496628  1.78267  -0.414977  1.42217  -1.36447  0.241495  -0.666086  0.000351421  6.01792  -0.210692  0.593816  0.269978  -0.468568  
0.554421  -0.100345  -0.133357  0.332091  -24.5257  3.23517  -1.16973  4.21534  0.243385  1.44563  0.27758  0.672174  1.58172  4.13954  1.0126  2.50359  -0.0501488  -0.19498  1.7934  0.0532971  0.731339  -0.93608  -0.0586017  -0.429264  0.0232293  2.86405  -0.466568  0.757948  0.0677482  0.740514  
0.0110943  -0.64335  -0.299606  0.464436  -31.45  3.23601  -1.09268  1.37839  -0.416604  -0.371897  0.141222  1.9911  3.08286  -0.660146  0.614422  0.789176  -1.23885  0.0268964  1.42393  0.388342  -0.438542  -0.537721  -0.357737  -0.374421  -0.00525186  -7.10967  -0.431337  0.899197  -0.327383  1.07918  
-0.392957  -0.79421  -0.411007  0.765495  -15.1159  0.576381  -0.259911  2.29079  -0.939667  -3.2976  -0.0365372  1.6662  2.70152  -3.26694  -0.216286  1.54371  -1.3732  0.161172  0.748707  0.361023  -1.28332  -0.131997  -0.589412  -0.395874  -0.0940288  -26.0635  -0.22033  0.664973  -0.679128  0.650039  
-0.460407  -0.47636  -0.473968  0.738698  14.7031  -2.89807  1.15599  5.39203  -1.05004  -4.89457  -0.0919758  0.103513  0.620454  -2.65948  -0.931417  2.77585  -0.662992  0.3093  0.10822  0.0905375  -1.2717  0.207718  -0.623229  -0.0119184  -0.146197  -47.2132  0.0864187  -0.000608939  -0.826991  0.34939  
-0.307487  -0.0727108  -0.488006  0.113662  38.0471  -4.76571  2.61337  6.29502  -0.81454  -3.38352  -0.0152454  -1.40394  -0.882716  -0.812722  -1.05462  2.32215  -0.0238445  0.517183  -0.228547  -0.115085  -0.600814  0.416603  -0.434939  0.880132  -0.0916623  -56.8113  0.410443  -0.69063  -0.836718  0.826815  
-0.206898  -0.00256555  -0.569419  -0.726091  40.7145  -4.38144  3.82999  3.91641  -0.522785  -0.424079  0.0340426  -2.2753  0.336146  -0.098258  -0.647036  -0.123793  0.455235  0.683656  -0.289907  -0.120472  0.0851111  0.511541  -0.151741  1.5789  0.00823823  -45.0537  0.620253  -0.967741  -0.88166  1.72307  
-0.320474  -0.346751  -0.872466  -1.07593  24.4557  -3.15263  4.83808  1.95299  -0.393085  0.174898  -0.113038  -3.04238  4.04417  -0.9552  -0.23714  -3.29661  1.49469  0.661597  -0.282145  -0.0984129  0.33825  0.503318  0.0830619  1.18926  0.0247923  -15.765  0.603007  -0.804537  -1.02527  2.09106  
-0.556087  -0.801602  -1.31722  -0.653837  3.22464  -2.56329  5.4481  3.51152  -0.422276  -2.91605  -0.430457  -4.09454  7.64972  -2.08598  -0.224055  -5.57106  3.24005  0.429624  -0.309343  -0.255697  0.215281  0.366192  0.221649  -0.25671  -0.0816552  14.7022  0.397173  -0.491209  -1.15842  1.47459  
-0.65919  -0.927645  -1.50365  0.0663604  -8.91214  -2.44181  4.98692  6.2702  -0.430986  -6.28468  -0.669088  -4.54947  8.24897  -2.23734  -0.437307  -5.6897  4.41856  0.126804  -0.264237  -0.509801  0.0532977  0.157056  0.277704  -1.55124  -0.204343  28.4151  0.16526  -0.213046  -1.12152  0.37058  
-0.44248  -0.47826  -1.04937  0.389112  -6.81219  -1.55687  2.87485  5.11136  -0.252578  -5.26713  -0.581646  -3.09028  4.72852  -1.24596  -0.401098  -3.18321  3.55603  -0.0820539  0.0109997  -0.582769  0.0922825  0.00732146  0.258856  -1.41987  -0.198272  17.7975  0.0523958  0.0881041  -0.855617  -0.393208  
0.0399029  0.410022  -0.0289057  0.170188  4.94213  0.457307  -0.546758  -0.978833  0.101141  0.514856  -0.19041  0.222999  -1.631  0.348927  0.0197199  1.1797  0.796193  -0.170468  0.498666  -0.400785  0.317214  -0.0302922  0.180526  0.116473  -0.0518165  -9.98285  0.0670591  0.479767  -0.434335  -0.600497  
