-2.01122  -3.28106  -1.9678  -6.11092  0.282557  90.6547  -2.25711  -4.28715  -220.987  -2.68606  -2.7187  -1.18219  -7.87522  -1.38743  -2.1495  -3.07168  -0.539972  -2.2096  5.10098  0.706309  -0.701107  -7.69637  -1.52683  0.456995  -3.05674  -2.67567  -2.55106  -1.86401  -3.59237  -2.58193  
1.35412  -0.362207  0.873185  2.77853  1.83297  -51.4903  4.84337  3.93474  -76.2471  2.60552  2.17347  2.50662  4.34027  1.53622  0.176852  2.84664  -0.312888  1.50361  0.522688  0.53664  -0.330588  13.0382  0.602866  4.26288  3.37507  1.50352  1.43698  1.4216  2.02983  2.27322  
4.24517  3.50556  3.58855  7.93351  3.24625  -108.223  8.90447  7.55201  64.1703  6.09615  5.76966  4.71766  11.221  3.71631  2.94371  6.2087  2.07618  4.66686  -0.670512  1.84474  1.27978  20.0083  3.35266  6.48094  7.0542  4.76637  4.9538  4.13106  5.34928  5.61805  
6.05055  7.14368  5.76074  8.32113  4.30107  -76.2577  9.02057  6.03048  136.05  6.9798  7.11192  5.16327  12.2791  4.72257  5.51377  6.51243  5.61769  6.56079  1.57549  4.24068  4.0975  12.0946  6.00749  6.66976  7.326  6.43497  6.93156  5.86914  5.76511  6.32315  
6.31965  8.17418  6.7253  5.79379  4.76751  -24.3814  6.60184  2.70151  79.9667  5.77635  6.1452  4.83837  10.7039  4.65053  6.57079  5.20444  7.25983  6.7245  4.66661  6.0165  6.7054  0.800481  6.98454  5.68816  5.69782  6.40388  6.39872  6.44473  4.51896  4.6637  
5.19843  5.87474  5.97222  2.86989  4.56607  -10.8436  3.75145  0.894849  -53.7455  3.8376  3.92257  4.91749  8.23948  4.02058  5.51763  3.84694  5.71676  5.50012  6.74746  6.17007  7.42833  -1.6239  5.55237  4.80066  4.05163  5.24426  3.70983  5.83088  3.34037  2.71475  
3.43143  2.27897  3.65448  0.695779  3.76212  -24.4152  1.7041  0.890519  -135.528  2.44152  1.91447  5.64148  3.07461  3.41754  3.22743  2.81348  2.91475  3.88905  8.08095  5.24081  5.76993  6.85432  2.74314  4.53726  3.03354  3.78374  0.59857  4.19178  3.00874  2.77332  
1.83455  0.141308  0.779521  -0.965915  2.47204  -10.1112  0.56333  0.793489  -108.256  2.02043  0.889222  6.2682  -6.84112  3.15547  1.27363  1.72673  1.44938  2.71845  8.85833  4.13201  2.88118  18.4717  0.370021  4.36092  2.09357  2.46536  -1.28817  2.01004  3.01654  4.92061  
0.774745  0.265715  -1.28491  -2.34601  0.871841  61.2987  -0.0470581  -0.40107  -59.2194  2.03414  0.53625  5.93597  -19.6604  3.17224  0.534653  0.583383  1.71825  2.03741  7.54993  2.92168  0.602661  24.3949  -0.656086  3.39092  0.688314  1.15784  -1.71157  0.0615444  2.33827  6.62609  
0.146354  1.24215  -1.74116  -2.90881  -0.665886  157.979  -0.414101  -1.63177  -99.2099  1.47915  0.166135  4.58354  -30.2332  3.11803  0.655235  -0.0534685  2.24207  1.39056  2.77519  1.32833  -0.0857906  21.5238  -0.837051  1.45364  -0.923822  -0.351485  -1.54786  -0.953364  0.49494  5.34545  
-0.272622  1.43317  -0.978369  -2.09336  -1.62782  214.918  -0.599403  -1.63517  -203.975  -0.265356  -0.435664  2.92822  -35.2024  2.52787  0.746637  0.169325  2.07332  0.532685  -3.42337  -0.155192  0.246746  11.961  -1.07615  -0.553516  -2.03104  -1.78706  -1.46365  -0.867175  -1.91715  1.38091  
-0.558179  0.599846  -0.174454  -0.445258  -1.69612  188.969  -0.500315  -0.918055  -236.438  -2.84765  -0.955239  1.76241  -36.1242  1.14043  0.346359  0.879072  1.72891  -0.298055  -6.10046  -0.500145  0.307616  -0.578571  -1.53375  -1.43348  -2.26467  -2.48551  -1.30661  -0.168634  -3.62312  -2.36605  
-0.678025  -0.387087  -0.181454  0.558228  -1.1139  91.8903  -0.0418963  -0.99088  -126.938  -5.04197  -1.11727  1.34641  -36.5166  -0.671627  -0.332159  1.34131  1.83971  -0.755817  -2.27995  0.398475  -0.431527  -12.1046  -1.62445  -0.814301  -1.85427  -2.06767  -0.799791  0.421283  -3.74814  -3.46787  
-0.632485  -0.747084  -0.77763  -0.045853  -0.615247  -18.2971  0.536175  -2.06717  24.159  -5.63868  -1.00083  1.39191  -36.3425  -1.87721  -0.842951  1.12331  1.99597  -0.796958  5.40653  1.3047  -1.15866  -18.3515  -0.901536  0.472378  -1.23668  -0.920905  -0.347129  0.503476  -2.68997  -2.33068  
-0.483487  -0.365805  -1.04447  -1.56605  -0.832213  -75.4242  0.678166  -2.68888  61.4681  -4.53371  -0.801988  1.37306  -30.8966  -1.56123  -0.971777  0.306433  1.47719  -0.645641  10.8925  1.21848  -0.702092  -16.9101  0.363402  1.19584  -0.652096  0.0684022  -0.732911  0.115565  -1.83963  -1.34417  
-0.29543  0.40358  -0.437495  -2.27883  -1.6229  -47.9876  0.0972903  -1.93135  -39.959  -3.01848  -0.549578  0.750037  -16.3806  0.0131266  -0.787892  -0.701628  0.53278  -0.495714  10.4996  0.890647  1.00913  -10.5569  1.4909  0.95843  -0.158626  0.25595  -2.12383  -0.555178  -2.21219  -2.13546  
-0.121696  0.953733  0.60926  -1.25329  -2.05829  36.8851  -0.630997  -1.01954  -154.112  -2.72262  -0.196413  -0.708631  3.85033  1.35175  -0.472667  -1.36215  0.128117  -0.375487  5.82151  1.93232  2.66804  -6.52754  2.04492  0.528304  0.151829  -0.298515  -3.69777  -1.38681  -3.30626  -4.12662  
-0.0334905  0.58161  1.13468  0.568375  -1.30763  107.114  -0.444895  -1.82015  -160.659  -4.02112  0.151703  -2.52612  19.6548  1.08995  -0.212194  -1.21367  0.521573  -0.254974  1.28325  4.36582  2.88681  -10.3074  2.05005  0.940714  0.146717  -1.02534  -4.37825  -2.17611  -3.59371  -5.58282  
-0.0934496  -0.926269  0.630798  1.34606  0.445004  98.5941  0.959244  -4.11548  -73.765  -5.57973  0.247375  -3.4998  21.9949  -0.502156  -0.166626  -0.260747  0.745839  -0.155423  -0.339705  5.89658  1.62319  -19.267  1.7057  2.32723  -0.161001  -1.39089  -3.7575  -2.50626  -2.29121  -5.47759  
-0.281068  -2.64636  -0.506168  0.289379  2.09237  14.3106  2.47492  -5.50751  2.82643  -5.78514  -0.0518574  -2.65422  10.8714  -1.68843  -0.357534  0.815818  -0.190302  -0.120885  0.554148  4.24593  0.121978  -23.1289  1.13781  3.6629  -0.547334  -1.27855  -2.24456  -2.05421  -0.44835  -4.1468  
-0.475139  -2.88372  -1.42128  -1.52423  2.73719  -65.6156  2.55401  -4.32114  9.65721  -4.60806  -0.645685  -0.457081  -4.68196  -1.06266  -0.578953  1.15723  -1.99559  -0.159638  1.81428  -0.0459308  -0.526651  -12.0063  0.483885  3.66957  -0.777085  -0.950134  -0.545662  -1.04054  0.171423  -2.49823  
-0.538362  -0.728884  -1.58352  -2.39506  2.60632  -47.5117  0.831963  -1.69612  -24.4835  -3.60453  -1.25477  1.26556  -14.5373  1.00302  -0.515032  0.599972  -3.30887  -0.259051  1.41947  -3.77425  -0.489762  14.6108  0.0325854  1.95281  -0.806804  -0.725013  0.804024  -0.169198  -0.839845  -1.02026  
-0.42722  2.72847  -1.13846  -1.81907  2.58837  84.2674  -1.52119  -0.0520644  -54.5331  -3.85657  -1.60653  1.0428  -15.8025  2.79577  -0.0563874  -0.115869  -3.09343  -0.405186  -1.6872  -4.17725  -0.716698  45.3002  0.045331  -0.588807  -0.745148  -0.684642  1.50931  0.0812749  -2.07549  0.433115  
-0.210469  5.09478  -0.626616  -0.869417  2.87187  237.065  -3.12231  -0.0351117  -82.9623  -4.31779  -1.58763  -0.603843  -13.6418  3.01214  0.529492  -0.230653  -1.50622  -0.514405  -6.98558  -1.53337  -1.55215  63.2089  0.430284  -2.43065  -0.676936  -0.610004  1.50817  -0.00265401  -2.08092  2.22525  
-0.010422  4.80464  -0.496194  -0.829703  2.42841  284.273  -3.61682  -0.0206076  -132.421  -2.96049  -1.2998  -1.62845  -14.4467  1.80249  0.784221  0.074856  0.41689  -0.419801  -12.0605  1.48457  -2.20559  57.5663  0.729499  -2.59261  -0.610515  -0.210933  1.04844  0.283698  -1.037  4.41258  
0.0644927  2.46272  -0.802944  -1.83582  0.28673  181.162  -3.46924  1.28285  -186.15  0.395227  -0.945594  -0.685123  -18.6966  0.211525  0.439915  -0.11265  1.60078  -0.0491033  -13.6537  2.63725  -1.73934  32.1749  0.520904  -1.37054  -0.575087  0.52378  0.588538  1.16919  -0.174651  6.47702  
-0.0219734  0.091202  -1.22047  -2.89891  -2.83974  6.73909  -2.91415  2.75367  -194.191  3.11631  -0.592544  1.61903  -20.8918  -0.959967  -0.325539  -1.24186  1.51929  0.396527  -10.233  1.9926  -0.321439  3.06702  -0.160371  -0.0322663  -0.65627  1.18352  0.428985  2.03179  0.0618857  7.50775  
-0.214643  -0.832522  -1.28169  -3.11977  -4.73453  -115.862  -1.7543  2.23745  -135.212  2.36826  -0.119553  3.85405  -16.3009  -1.53289  -1.02139  -2.61564  0.434866  0.520685  -3.55267  1.21506  0.795425  -13.9647  -0.879923  0.320814  -0.861296  1.19364  0.446626  2.01975  0.375291  6.75112  
-0.405275  -0.46066  -0.754906  -2.56921  -3.82906  -132.487  -0.167453  -0.478086  -44.3452  -1.4385  0.494783  5.53856  -6.60494  -1.54463  -1.2568  -3.1023  -0.623058  0.0941709  2.74275  1.53002  0.576175  -15.4366  -1.25521  -0.251422  -1.00907  0.300327  0.319082  0.958247  1.07415  4.21155  
-0.503485  0.116294  0.140878  -2.02634  -0.939069  -86.2023  0.898068  -3.07529  30.6766  -4.60637  0.918601  7.00228  1.7158  -0.984218  -1.03696  -2.36676  -0.488263  -0.645427  5.9795  2.5376  -0.689122  -10.0778  -1.26868  -0.609591  -0.885166  -1.12797  -0.0477602  -0.483936  1.19464  0.813698  
-0.492681  0.28623  0.867813  -2.04043  1.47064  -43.9162  0.574378  -3.31273  74.5201  -3.87851  0.755499  7.70624  4.33421  0.00618154  -0.715498  -1.16063  0.983027  -1.13791  5.91968  2.73923  -1.7197  -7.58639  -1.1295  0.314479  -0.524536  -2.27773  -0.481494  -1.4323  -0.0853154  -2.08991  
-0.438559  0.32344  1.01907  -2.33255  1.67991  -22.7985  -0.868772  -1.51383  90.5706  0.0679641  0.159776  6.01893  3.88659  0.929766  -0.682879  -0.449213  2.35008  -1.01945  3.98736  1.00425  -1.60679  -9.11943  -0.979156  2.36854  -0.238185  -2.49263  -0.926165  -1.50082  -1.75378  -3.57654  
-0.436207  0.564322  0.647641  -2.06188  0.0943477  1.6936  -2.17291  0.0517318  64.7841  3.26343  -0.0846477  1.50021  6.57596  1.22129  -1.01575  -0.520489  1.81434  -0.497219  1.92106  -2.27801  -0.686324  -9.55948  -0.831024  4.26213  -0.279898  -1.77532  -1.60568  -0.886501  -1.90677  -3.66151  
-0.519062  0.649719  0.162089  -0.716014  -1.60478  37.6713  -2.3142  -0.178309  -24.1267  2.38876  0.625324  -3.34257  14.1007  0.700165  -1.34965  -0.972353  -0.513672  -0.134875  1.23457  -5.24068  -0.0310147  -6.75505  -0.706457  4.71771  -0.541401  -0.758576  -2.58275  -0.0266882  -0.475084  -3.10198  
-0.601691  -0.0494204  -0.0984793  1.19786  -2.17561  58.1577  -1.38044  -1.70542  -152.61  -2.13966  1.87367  -4.86749  20.3402  -0.303622  -1.15748  -1.31455  -1.97681  -0.253511  2.75552  -5.92358  -0.223567  -4.86694  -0.653936  3.52132  -0.646494  -0.131772  -3.29948  0.666843  0.246729  -2.713  
-0.524831  -1.35834  -0.143274  2.34594  -1.49241  43.7908  -0.240763  -3.03855  -245.411  -6.89369  2.51709  -2.1846  17.4913  -1.22515  -0.265953  -1.33746  0.138949  -0.590739  5.91388  -3.94916  -0.770883  -8.24703  -0.60214  1.49932  -0.352685  -0.0536054  -2.92663  0.87457  -1.43206  -2.72426  
-0.204708  -2.19386  -0.179756  1.6608  -0.0568544  18.6282  0.40655  -3.28023  -245.077  -8.64774  1.92728  1.60581  5.52645  -1.59154  0.86664  -1.03528  5.16617  -0.600402  8.73943  -0.822598  -0.727433  -14.6458  -0.350405  -0.324811  0.181562  -0.16128  -1.2973  0.418291  -3.924  -2.6598  
0.23735  -1.80952  -0.273799  -0.628943  1.53441  24.1415  0.569541  -2.39064  -176.937  -6.74566  0.747799  2.58774  -6.48983  -1.26863  1.4674  -0.494552  8.77108  -0.0766417  9.57633  1.63615  0.237659  -17.341  0.174816  -1.39993  0.540681  -0.145971  0.692006  -0.588355  -3.93041  -1.83615  
0.525365  -0.870051  -0.267385  -3.1178  2.69089  66.1064  0.719341  -0.616143  -122.223  -2.77067  0.143389  0.00551464  -9.39747  -0.588592  1.157  0.0613056  6.9002  0.587239  8.66632  3.05551  1.49019  -13.1717  0.713134  -1.68263  0.413986  -0.199526  1.86022  -1.69403  -0.513288  -0.0913558  
0.458496  -0.725194  -0.0648183  -4.53057  2.96441  104.818  1.22772  1.49688  -124.297  1.35563  0.43213  -3.49013  -3.32927  -0.252751  0.324998  0.370918  0.133125  0.78388  7.49879  4.38421  2.09745  -6.19794  0.882081  -1.45836  -0.155398  -0.762401  1.8936  -2.3421  3.63322  1.92539  
0.112841  -1.49271  0.149524  -4.74543  2.44831  100.773  2.00775  2.75225  -141.093  4.74494  0.733115  -5.10666  3.11005  -0.777576  -0.29248  0.451904  -6.51517  0.301737  6.489  6.08985  1.71188  -2.9929  0.622297  -1.23621  -0.809282  -1.84081  1.53779  -2.24082  5.47144  3.2447  
-0.221063  -1.45701  0.0932332  -4.50616  1.86181  57.8707  2.61163  1.95678  -104.117  7.38468  0.0821804  -4.46069  2.52686  -1.88393  -0.362024  0.636705  -8.28843  -0.486761  4.33813  7.04656  0.73767  -5.554  0.301426  -1.56534  -1.13493  -2.77329  1.58917  -1.56446  4.83821  3.41838  
-0.322749  1.03815  -0.242029  -4.15105  1.86905  13.6169  2.67329  -0.49816  -9.24667  9.15065  -1.3959  -2.92805  -4.69231  -2.60618  -0.170769  1.10102  -5.01017  -1.01261  0.107025  5.71392  -0.238407  -10.2649  0.279602  -2.48765  -0.967932  -2.818  1.88871  -0.800172  3.52065  2.84477  
-0.243118  5.2067  -0.545603  -3.05882  2.30196  -8.07917  2.30737  -2.27165  71.5641  9.35294  -2.62061  -1.56672  -13.3267  -2.20667  -0.107793  1.4331  -0.599461  -1.03213  -4.66441  2.17127  -0.959223  -12.755  0.450883  -3.15243  -0.542594  -1.89906  1.52021  -0.364717  2.21195  2.21063  
-0.196689  8.01063  -0.548541  -0.598358  2.30661  -23.3244  1.9624  -1.17665  66.938  7.34687  -2.75585  -0.495141  -20.0022  -0.987151  -0.143203  0.998248  1.16915  -0.769719  -7.02775  -1.56987  -1.40027  -12.313  0.367905  -2.30281  -0.292738  -0.636851  -0.0354697  -0.299015  0.158237  1.68843  
-0.272146  7.03209  -0.30709  2.50255  1.40597  -62.4883  1.7268  2.23488  -22.668  3.58725  -2.0081  0.242368  -24.2596  0.041932  0.00928238  -0.154242  -0.0120485  -0.578077  -5.63616  -3.44085  -1.39791  -11.4638  -0.16075  0.433102  -0.426699  0.3383  -2.20743  -0.292591  -2.21511  0.841384  
-0.32305  2.91857  -0.0729162  4.23655  0.185306  -123.353  1.03578  4.79245  -134.892  -0.170887  -1.23606  0.347733  -24.4808  0.305426  0.334118  -1.01423  -1.6314  -0.532539  -2.03409  -3.19448  -0.689282  -12.6299  -0.749859  3.77711  -0.700726  0.90198  -3.8873  -0.0363782  -2.37859  -0.638304  
-0.175009  -1.43322  0.054736  3.16899  -0.286389  -156.854  -0.62493  3.89805  -207.209  -1.97769  -1.00246  0.0235026  -17.4831  0.280656  0.406194  -0.589758  -1.47597  -0.397708  1.38907  -2.22695  0.593947  -15.5756  -0.850388  5.61043  -0.691655  1.21613  -4.51305  0.421595  1.21274  -2.26878  
0.116912  -3.79591  0.190391  0.184054  0.324875  -108.732  -2.69825  0.279901  -213.215  -1.17357  -1.16013  0.235673  -4.0598  0.796137  -0.0437655  0.86069  0.35072  0.0389649  3.93243  -1.89385  1.66505  -17.5601  -0.419888  4.85999  -0.33245  1.26315  -4.3798  0.71168  6.08063  -3.03496  
0.288825  -4.30179  0.37047  -2.07178  1.15798  17.4078  -3.69909  -2.82217  -155.111  1.12938  -1.17495  1.57644  7.85803  1.90942  -0.660274  1.86778  2.08706  0.652506  6.52247  -2.35227  1.60556  -15.1892  -0.0100675  2.52218  -0.0676647  0.885496  -3.96365  0.541195  7.64913  -2.39145  
0.145574  -4.31643  0.337389  -1.8943  0.996083  143.197  -2.74015  -3.08922  -55.5127  2.97523  -0.644883  3.18362  10.0107  2.74396  -0.810933  1.19607  2.32464  1.0427  9.52553  -2.90746  0.277057  -6.54558  -0.103135  0.58824  -0.360236  0.221039  -3.28017  0.030538  4.4331  -0.939161  
-0.227581  -4.39711  -0.211941  -0.475029  -0.490166  175.833  -0.727814  -1.253  39.3389  2.9577  0.452479  3.41514  4.18216  2.46352  -0.358526  -0.840082  1.18508  0.931851  11.4133  -2.94836  -1.35596  7.05235  -0.498213  -0.0238937  -1.09996  -0.25679  -2.12872  -0.415252  -0.0397662  0.0881269  
-0.542331  -3.82472  -1.15717  -0.635419  -2.33003  97.4065  0.402599  0.241277  76.2787  1.00101  1.78336  1.67648  1.5436  1.19388  0.154472  -2.62713  -0.107116  0.46496  9.84787  -2.32929  -1.96905  20.6299  -0.53552  -0.207662  -1.63482  -0.247418  -0.745398  -0.535879  -1.30707  0.116638  
-0.565589  -1.94375  -1.85844  -3.29701  -3.09048  -10.5061  -0.309137  0.0756587  44.5233  -1.88298  2.81915  -0.814253  9.19473  -0.104815  0.16577  -2.76479  -0.525042  0.0874446  3.9399  -1.11939  -1.06041  27.7068  0.0564824  -1.29861  -1.46373  0.0316802  0.208206  -0.421822  0.902977  -0.137841  
-0.296765  0.651649  -1.6827  -5.90293  -2.13742  -43.5377  -1.9269  -0.927168  2.72224  -4.38407  3.12829  -2.1334  18.9406  -0.571972  -0.242432  -1.26404  -0.133341  0.0926432  -4.58116  0.550156  0.581489  25.1298  0.710734  -3.18707  -0.759777  0.2069  0.394217  -0.280141  2.72342  0.462485  
0.0610835  2.49723  -0.67842  -5.01949  -0.171287  19.6289  -2.78918  -1.33956  23.7919  -5.78121  2.6872  -1.37011  13.7652  -0.128358  -0.513236  0.657458  0.156814  0.304575  -12.004  2.35101  1.61336  16.363  0.601494  -4.2439  -0.0990601  0.287229  0.243718  -0.0982691  0.971594  1.94633  
0.264402  2.60633  0.373001  -0.545728  1.43791  94.4136  -2.27576  -0.90801  106.468  -6.29444  1.87582  0.813453  -13.1724  0.657086  -0.354948  1.68715  -0.267149  0.24526  -14.7385  3.77124  1.36045  9.27329  -0.362646  -3.20603  0.234721  0.520607  0.419474  0.311034  -3.20194  2.86141  
0.194701  1.31384  0.653957  3.62136  1.86975  79.3365  -1.1805  -0.483483  161.537  -6.67196  1.08367  2.93371  -48.0526  1.17929  -0.0935655  1.3102  -0.865806  -0.359989  -11.7624  4.44553  0.337945  9.01248  -1.29201  -0.792208  0.517596  0.766622  0.969482  0.927508  -5.84572  1.796  
-0.0699358  -0.100644  0.0682006  3.63366  1.42671  -35.2935  -0.613147  -0.594434  104.858  -7.21894  0.318172  3.76303  -67.0415  1.27341  -0.202402  -0.0128143  -0.487804  -1.24395  -5.83264  4.34336  -0.408574  13.2226  -1.16545  0.985586  1.08768  0.410558  1.3189  1.29265  -4.60809  -0.779309  
-0.329903  -0.50786  -0.767463  0.0423774  0.929691  -155.158  -0.918612  -0.805398  -44.5559  -7.28037  -0.658579  2.77042  -57.45  1.16861  -0.650474  -1.16978  1.12936  -1.79246  -1.55679  3.53281  -0.407835  14.7477  0.0859771  1.03048  1.72702  -0.843879  1.10132  0.828468  -0.913927  -2.67116  
-0.439684  0.201007  -1.22639  -2.67848  0.650743  -176.083  -1.64556  -0.572207  -180.721  -5.8657  -1.83819  0.152028  -27.62  1.10454  -0.92202  -1.02257  2.60952  -1.60793  -1.0953  1.95108  -0.160067  9.22082  1.44911  0.273561  1.74784  -2.31255  0.673992  -0.538875  2.02198  -2.30417  
-0.426053  1.07186  -1.24752  -1.08173  0.0850996  -82.3548  -2.04983  -0.154679  -221.25  -2.80659  -2.735  -3.23895  3.08953  0.974265  -0.662265  0.756079  2.19258  -0.868955  -1.49192  -0.304961  -0.443573  -0.66785  1.8091  0.354424  0.728454  -2.84212  0.634973  -2.09956  2.48116  -0.60291  
-0.409875  0.906212  -1.15368  3.59153  -1.19545  48.4622  -1.51149  -0.165818  -180.595  0.957813  -2.78782  -6.05345  21.1995  0.429859  -0.125715  3.15814  -0.247676  -0.121127  2.44671  -2.45623  -1.32907  -8.72673  1.00419  1.53384  -0.904843  -2.05363  1.03587  -2.78859  1.35327  0.042662  
-0.420594  -0.689071  -1.07129  6.93133  -2.69194  125.641  0.10598  -0.502434  -128.475  4.35963  -1.9307  -6.97294  25.6794  -0.612426  0.146284  4.33185  -2.70489  0.257335  11.8322  -3.28378  -2.01226  -11.7073  -0.145911  2.34638  -2.14515  -0.778919  1.32246  -2.02984  0.507378  -1.22001  
-0.344407  -2.86613  -0.76083  6.02727  -3.31035  120.021  2.03048  -0.296659  -100.691  7.17279  -0.677452  -5.45263  21.5474  -1.65156  0.0234521  3.09287  -2.94432  0.328993  20.6294  -2.2361  -1.66982  -11.5157  -0.790418  1.38672  -2.26295  -0.101004  1.03094  -0.260819  0.675571  -2.36459  
-0.089815  -4.16553  -0.0619292  2.06692  -2.57078  68.1397  2.76295  0.883567  -74.784  9.61434  0.359403  -2.12308  12.5587  -1.95873  -0.0275788  0.14152  -0.800401  0.382402  20.4227  -0.205468  -0.396682  -11.7119  -0.866421  -0.978593  -1.40294  -0.158967  0.286545  1.36556  1.08504  -0.816389  
0.234909  -3.66629  0.712243  -1.43067  -1.24051  21.6164  1.38685  2.23149  -24.1874  11.2334  0.911619  1.5495  2.00487  -1.34901  0.448214  -2.41543  1.66544  0.526372  8.78381  1.1586  0.820725  -12.8812  -0.903246  -2.90839  -0.369976  -0.182464  -0.437728  1.87149  0.791076  3.10038  
0.382659  -1.71592  1.03466  -2.16753  -0.506848  4.09533  -1.17292  2.49181  37.6077  10.744  1.0107  4.25861  -3.88595  -0.44561  1.22746  -3.00112  2.28215  0.593159  -7.36254  1.05081  1.06942  -11.3392  -1.19302  -3.01907  0.150282  0.364834  -0.919353  1.16282  -0.106714  5.88492  
0.219825  0.386003  0.769757  -0.699354  -0.644769  5.65008  -2.67107  1.45487  82.1  7.29569  0.67346  5.72073  0.680615  -0.0473206  1.54467  -2.00765  0.828895  0.410896  -17.5429  0.201807  0.370415  -1.65868  -1.44391  -1.64863  0.152909  1.03654  -1.39948  -0.0291561  -0.676652  4.53009  
-0.134583  1.39446  0.291081  0.816407  -0.84815  3.094  -1.76008  0.287552  114.08  1.66293  -0.0965975  6.66895  12.5727  -0.275974  0.943568  -1.17718  -1.06798  0.061806  -16.9451  -0.140824  -0.441227  18.7724  -1.33374  -0.261874  0.154232  0.954185  -2.21649  -0.846878  -0.337222  0.0728618  
-0.433004  1.01936  0.00992784  0.860994  -0.416736  -17.4775  0.448254  0.146259  162.099  -4.07372  -0.966021  7.88076  18.577  -0.572499  -0.133128  -1.57667  -1.78805  -0.199454  -9.85675  0.304291  -0.624672  45.4801  -1.09622  0.0795406  0.544566  -0.111127  -3.25292  -0.946195  0.473575  -3.18294  
-0.521849  0.0189553  -0.040424  -0.432423  0.293172  -46.2204  1.48195  0.716334  220.847  -7.86284  -1.13282  9.18936  7.6226  -0.465181  -0.777632  -2.46998  -1.21012  -0.224164  -4.18914  0.696857  -0.24612  65.8628  -1.20284  -0.503843  1.12059  -1.44147  -3.77772  -0.584763  0.888382  -2.07144  
-0.424336  -0.499858  -0.086212  -1.99022  0.432558  -50.8363  0.138291  0.607089  229.906  -8.58594  0.110128  9.46474  -15.9735  -0.164475  -0.598697  -2.32072  -0.433554  -0.104352  -3.36983  0.19603  0.0189613  65.4979  -1.49173  -1.26549  1.30093  -2.08308  -2.95692  -0.260148  0.630032  2.17793  
-0.251725  -0.0320885  -0.252482  -3.02604  -0.0934889  -1.19296  -2.29466  -0.648218  134.711  -6.27486  2.47653  7.69518  -34.5355  -0.183484  -0.09737  -0.694054  -0.43115  -0.00886158  -3.96584  -1.15523  -0.28661  39.4631  -1.02852  -1.80124  0.759906  -1.65823  -0.752826  -0.297668  0.19186  5.33121  
-0.0958164  0.914189  -0.450031  -3.54985  -0.40547  93.2924  -3.56239  -1.43512  -37.3705  -2.19108  4.50422  4.01903  -34.1502  -0.6234  0.000806891  1.16527  -1.126  0.022095  -0.92482  -2.7156  -0.85655  -0.765581  0.825536  -2.25436  -0.194149  -0.508199  1.66509  -0.690303  0.0465675  4.59854  
0.00218085  1.33064  -0.522649  -3.66115  0.208068  171.001  -2.85527  0.383257  -186.661  1.26717  4.61796  -0.373822  -17.3714  -1.0419  -0.40731  1.6943  -1.63473  0.0713377  6.00066  -3.91322  -0.941178  -34.0239  3.35209  -2.74624  -0.913063  0.679912  2.66847  -1.19513  -0.00625178  1.34082  
0.0370185  0.66891  -0.358631  -2.85446  1.35256  160.594  -1.40993  4.55554  -231.646  1.82758  2.60952  -4.16517  2.07357  -1.07382  -0.791751  0.637615  -1.12543  0.168345  11.6211  -4.3617  -0.180323  -45.16  4.83369  -2.81565  -1.06122  1.24196  1.6135  -1.54086  -0.433329  -0.61652  
0.0218386  -0.640513  0.0416389  -0.383394  2.04778  52.6366  -0.846805  7.74113  -177.271  -0.618996  -0.00681177  -6.58075  14.5366  -0.895329  -0.769496  -0.852821  0.436944  0.20558  10.901  -3.76205  0.971236  -35.6354  4.12863  -1.62287  -0.873598  0.792549  -0.497597  -1.57826  -1.10769  0.960437  
-0.0316302  -1.65155  0.477135  3.44741  1.89964  -73.243  -1.28115  6.66203  -87.8142  -3.33893  -1.33171  -7.2821  20.2705  -0.922609  -0.60705  -1.54461  2.1462  0.0620915  4.38123  -2.25199  1.68288  -19.1467  1.72867  1.22878  -0.798494  -0.499402  -1.95472  -1.28814  -1.2337  4.46446  
-0.11987  -1.81436  0.609853  6.83776  1.33826  -110.842  -1.23946  2.07586  -9.31063  -3.06131  -0.870719  -6.24005  21.6914  -1.20405  -0.773445  -1.26215  2.78094  -0.239092  -2.23635  -0.777015  1.56494  -8.33867  -0.860263  4.96931  -0.98333  -1.81692  -1.93896  -0.682554  -0.257147  6.09649  
-0.211631  -1.39508  0.374602  7.82125  0.789304  -31.9  0.655537  -1.30356  54.7489  0.633526  0.0706105  -3.99008  16.9544  -1.35642  -1.21582  -0.633475  1.83863  -0.542073  -3.7704  -0.493455  0.939146  -5.63492  -2.52945  7.81845  -1.17356  -2.16823  -1.05055  0.239759  1.38477  3.61988  
-0.224039  -1.00727  0.293705  6.1175  0.121209  74.8924  4.09955  0.288229  100.807  4.63359  -0.155411  -1.8089  5.28605  -1.15479  -1.36008  -0.135203  0.0984234  -0.713576  -0.162719  -1.5189  0.338004  -5.11971  -3.21764  8.11814  -1.09924  -1.20203  -0.351314  1.37932  2.59547  -1.45977  
-0.106333  -0.905815  0.991944  3.23928  -0.931577  82.0671  7.12743  4.94219  96.3632  5.44984  -1.78003  -0.911139  -5.25417  -0.933574  -0.866581  0.215519  -1.057  -0.757649  4.36665  -2.56863  -0.0804868  -0.617596  -3.40014  5.6016  -0.794691  0.428038  -0.240927  2.41767  2.6987  -5.32616  
0.0281198  -0.84294  2.17605  0.520468  -2.13795  -49.1463  7.72407  6.27406  18.5663  2.85382  -3.42171  -1.32814  -3.40549  -1.25689  -0.132083  0.336241  -1.02637  -0.764025  5.99667  -2.19277  -0.480941  8.61179  -3.37677  1.67783  -0.496998  1.66285  -0.413122  2.90064  2.07188  -5.38642  
-0.0573253  -0.481113  2.41873  -2.32655  -2.9253  -222.997  5.55958  0.0772732  -93.2939  0.057061  -3.58582  -1.88943  10.3324  -2.1703  0.16564  -0.131112  -0.557497  -0.766288  4.30368  -0.263517  -0.850615  18.0782  -3.15337  -1.63779  -0.302553  1.95934  -0.525026  2.53405  1.62675  -2.44018  
-0.454273  0.212817  0.523302  -6.09373  -3.00698  -299.721  2.31948  -10.6652  -156.125  0.306254  -2.15418  -1.56403  20.0164  -2.9403  -0.1143  -1.15958  -0.6928  -0.687571  1.28396  1.96664  -0.855788  22.1411  -2.70877  -3.24075  -0.0541653  1.55722  -0.510247  1.40604  1.78312  0.489751  
-0.905139  1.02833  -2.82268  -9.76438  -2.5287  -229.851  0.335127  -18.1966  -123.853  3.74808  -0.366682  -0.515514  11.0171  -2.64532  -0.439379  -1.85907  -1.3518  -0.449099  -1.31407  3.22295  -0.3151  18.7481  -2.08539  -3.44389  0.376376  0.9408  -0.335751  -0.0434977  2.05172  1.28917  
-0.987333  1.77639  -5.21252  -10.4803  -1.64854  -89.5595  0.639909  -17.5063  -30.1246  7.55285  0.496843  0.501025  -11.5086  -1.10074  -0.292045  -1.30348  -1.46945  -0.0866096  -2.81685  3.33403  0.394111  11.5041  -1.29782  -3.1185  0.818144  0.293427  0.0665181  -1.28026  1.62125  0.467125  
-0.556908  2.34223  -4.73289  -6.50149  -0.355162  15.0826  2.15294  -10.7792  57.1198  8.73672  0.199998  1.34421  -26.2527  0.839051  0.179988  0.147226  -0.546128  0.267619  -2.90041  2.9867  0.673321  6.99044  -0.370802  -2.54455  0.921529  -0.425716  0.516818  -1.90279  0.261833  -0.172793  
0.0599586  2.52537  -1.91395  0.140944  1.15922  60.4408  2.71083  -4.22302  106.542  6.64915  -0.546008  2.42799  -19.3176  1.94626  0.37853  1.01209  0.525674  0.516132  -1.32284  2.66307  0.3909  8.30028  0.524166  -1.40271  0.55888  -1.08672  0.629408  -1.791  -1.43378  -0.0483188  
0.404434  2.0289  0.870266  4.89766  2.28786  106.795  1.00707  -1.44163  135.915  3.07716  -0.949096  3.5864  -0.194812  1.66812  0.0502103  0.567131  0.64469  0.661051  1.2623  2.08233  -0.0346786  10.7784  1.15273  0.278123  0.0351692  -1.3614  0.422472  -1.17278  -2.62937  -0.387399  
0.360935  0.802304  1.8286  4.85284  2.46604  202.164  -2.26224  -0.7828  168.468  0.540751  -0.7304  4.00456  9.17214  0.573721  -0.388813  -0.0215892  0.148592  0.72793  3.37719  0.67821  -0.265687  5.35397  1.47096  1.66748  -0.198399  -1.10853  0.591436  -0.557766  -2.94227  -2.26719  
0.199283  -0.604451  1.24005  1.30419  1.75186  315.016  -5.03175  1.13391  200.471  0.522767  -0.0803981  3.65949  -1.27008  -0.30829  -0.387791  0.782301  0.486614  0.657192  4.15136  -1.51437  -0.453542  -11.3729  1.64431  1.91594  0.00473764  -0.596645  1.74314  -0.450326  -2.60132  -4.67724  
0.174572  -1.27413  0.58515  -2.01172  0.750759  370.394  -5.63696  4.71244  209.388  2.7923  0.664215  4.04697  -19.7238  -0.507562  0.058802  2.31405  2.05045  0.345263  4.22223  -3.47939  -0.823521  -30.7979  1.74409  1.22546  0.36791  -0.22023  3.37043  -0.941993  -2.02123  -5.13053  
0.222915  -0.761461  0.687372  -2.82941  0.0642764  325.929  -4.13239  7.1116  174.249  5.94549  1.23187  6.40828  -26.7422  -0.452186  0.452725  1.72125  3.14908  -0.199179  4.37529  -3.83534  -1.10142  -38.0318  1.56967  0.696337  0.545591  -0.0750133  4.01805  -1.54284  -1.32147  -2.2763  
0.132578  0.323377  1.08808  -1.94303  -0.0894881  192.636  -2.01912  6.15564  85.1634  8.42603  1.51993  9.49512  -15.2065  -0.73004  0.488173  -2.67643  1.84194  -0.772095  3.67804  -2.08442  -0.752208  -26.1128  0.935286  0.972681  0.500788  0.0689995  2.68958  -1.48692  -0.307151  2.44288  
-0.0928149  0.737621  0.997812  -1.29199  0.136151  4.29577  -0.712688  3.1482  -48.1153  9.30161  1.64394  10.2534  5.28925  -1.23801  0.496848  -8.51878  -1.45583  -1.08759  0.0596585  0.600088  0.208804  -3.93271  0.0510641  1.45213  0.42779  0.404211  -0.0409228  -0.357583  1.08403  5.98793  
-0.206737  -0.182906  0.343142  -1.28224  0.321478  -192.11  -0.306784  1.15072  -180.6  8.41437  1.81999  7.12256  20.8533  -1.24689  0.984561  -10.9766  -4.09386  -1.00399  -6.71399  2.06355  1.03414  11.3819  -0.568918  1.09267  0.386586  0.801054  -2.49732  1.43463  2.35613  6.47521  
-0.0556092  -1.74898  -0.289016  -0.610968  -0.0609767  -316.702  0.189364  1.13903  -243.135  6.20048  2.04793  1.87462  26.0359  -0.31568  1.84196  -7.55056  -4.02935  -0.639733  -13.3693  1.08296  1.08045  10.9885  -0.625693  -0.102669  0.168641  0.94511  -3.37254  2.746  2.6527  4.57621  
0.190021  -2.46118  -0.425525  1.72081  -1.19752  -283.328  1.49202  1.11582  -192.67  3.39945  1.95327  -2.44465  24.6477  1.05883  2.25054  -0.736206  -1.947  -0.276988  -15.3981  -1.40336  0.584645  1.9921  -0.325524  -0.905688  -0.385467  0.653629  -2.6518  2.47227  1.54162  2.38709  
0.230002  -1.43759  -0.141798  4.87994  -2.49912  -93.0806  3.08258  -0.72464  -59.9071  0.710652  1.11849  -4.72652  22.3648  1.87594  1.48839  4.60235  -0.215807  -0.109269  -11.3759  -3.26742  0.284404  -1.5654  -0.0729055  -0.295402  -1.05334  0.0194759  -1.27171  0.525166  -0.368798  1.24374  
-0.00811829  0.749797  0.191924  6.93748  -2.97189  115.766  3.68827  -2.95645  63.8875  -1.65662  -0.352378  -6.07332  20.9531  1.59264  -0.235718  5.95125  -0.164681  -0.0818363  -4.59774  -3.42833  0.396384  5.81467  -0.0201709  1.20974  -1.3938  -0.68006  -0.19643  -1.83581  -1.77183  0.811585  
-0.295421  2.65038  0.330013  6.71667  -2.28235  165.164  2.67497  -2.30642  99.0565  -4.09254  -1.72395  -7.25123  18.7159  0.539141  -1.89101  4.75407  -1.00075  0.00903428  -0.17294  -2.71813  0.379767  16.3147  -0.0269549  1.95641  -1.21208  -1.13892  0.186513  -2.82434  -1.73373  0.0870116  
-0.368812  3.26802  0.279206  4.71736  -1.22248  12.3436  0.845903  2.01157  41.8659  -6.92238  -2.22923  -7.36676  13.3228  -0.624564  -2.57156  3.7765  -1.25939  0.246813  -0.441484  -2.35756  -0.18126  18.8948  0.0153819  0.887741  -0.74968  -1.13247  0.0866579  -1.59478  -0.394919  -1.06964  
-0.192222  2.74443  0.149302  2.43053  -0.760043  -195.746  -0.215707  6.50415  -34.1905  -9.45619  -1.77862  -5.56818  3.94087  -1.53175  -2.21686  3.92422  -0.551065  0.437678  -3.00934  -2.11964  -0.840674  11.5781  0.00858881  -1.35101  -0.362408  -0.663574  0.019897  0.947416  1.31163  -1.70697  
0.0559861  1.81195  0.0135269  0.953858  -0.710971  -268.721  0.383156  6.7802  -38.2096  -10.1246  -0.98838  -2.90924  -7.97763  -2.1328  -1.43061  4.01161  0.419037  0.279503  -3.05265  -0.728833  -0.802196  1.75005  -0.173093  -3.07227  -0.147137  -0.0487589  0.395026  2.85512  2.56239  -1.0683  
0.187557  0.895429  -0.138538  0.243301  0.162488  -162.609  2.01007  2.40063  57.0433  -8.01167  -0.565358  -1.2717  -18.8175  -2.29501  -0.742638  2.90881  1.05727  -0.272976  2.0563  1.99072  -0.0267128  -3.52667  -0.458034  -3.11845  0.00769822  0.28023  1.15653  2.8004  3.08612  0.22427  
0.154  -0.0735001  -0.334979  -0.595901  2.532  -6.07769  3.04251  -2.51972  174.283  -4.1443  -0.730304  -0.738648  -24.6565  -1.78031  -0.222172  1.05642  1.43088  -0.840699  9.99741  4.17961  0.589185  -4.10361  -0.644654  -1.73798  0.139174  0.189105  1.7724  1.12108  2.91344  0.568091  
0.0398208  -1.14124  -0.506592  -2.23409  5.34951  52.0313  2.23499  -3.73112  180.087  -0.734663  -1.22614  0.586841  -24.5761  -0.644194  0.249265  -0.147895  1.70393  -0.927161  15.1821  3.78916  0.278497  -3.51703  -0.650716  -0.0698496  0.144291  0.0158464  1.7446  -0.652913  2.09189  -0.977975  
-0.029818  -1.95799  -0.446825  -4.20786  6.6861  -7.18594  -0.239689  -1.17436  10.0878  0.946452  -1.65401  3.73718  -21.8179  0.52801  0.617834  0.123687  1.61038  -0.452123  13.9541  1.06335  -0.636994  -2.6717  -0.591827  0.937209  -0.00982755  0.198318  1.20561  -1.23949  0.876689  -3.62358  
0.0205667  -2.05419  0.0105757  -4.98885  5.67281  -80.1462  -2.88362  1.52368  -229.323  1.44814  -1.66203  6.87735  -20.5048  1.01708  0.718115  1.44265  0.841877  0.0798413  8.29018  -1.49777  -1.11818  0.0267398  -0.583593  1.09318  -0.161584  0.723084  0.896337  -0.59879  -0.0880991  -5.54538  
0.155568  -1.35641  0.685401  -3.23848  3.26903  -67.0407  -3.99838  1.43233  -320.18  1.79495  -0.959581  7.16865  -20.4849  0.578436  0.552925  2.61449  -0.277482  0.0715461  3.80854  -1.83122  -0.636643  3.68732  -0.559476  0.731059  -0.165456  1.09567  1.38965  0.297476  -0.208461  -5.58052  
0.240885  -0.344962  1.04436  0.770244  1.0826  34.398  -2.96016  -0.764344  -140.993  1.80258  0.517197  4.21419  -16.7899  -0.375957  0.352386  2.6111  -0.905465  -0.485671  3.61674  -0.478673  0.236052  4.62468  -0.363618  0.144889  -0.105692  0.901474  2.33268  0.481977  0.321073  -4.11642  
0.153731  0.381458  0.670694  4.96015  -0.289669  148.079  -0.700066  -2.32584  183.676  0.430321  2.30005  0.673802  -5.187  -1.13902  0.324396  1.22001  -0.527806  -0.931293  4.97045  0.271224  0.531723  2.51664  0.0055086  -0.633056  -0.178165  0.262184  2.63555  -0.190319  0.555044  -2.38024  
-0.0979558  0.607755  -0.262154  6.86513  -1.54209  196.864  1.07286  -1.99359  386.046  -2.32873  3.42617  -0.760987  11.8539  -1.17645  0.38978  -0.840675  0.49188  -0.634187  3.0252  -0.872524  -0.0191384  3.70314  0.346377  -1.60536  -0.370852  -0.383494  1.55897  -1.05505  -0.20067  -1.17513  
-0.372742  0.570818  -1.07853  5.45556  -3.5001  153.45  1.30535  -1.07355  332.401  -4.8072  3.1042  -0.269445  26.0543  -0.41249  0.261595  -2.42261  1.24352  0.275059  -2.58832  -2.79924  -0.750443  14.0568  0.491043  -2.52433  -0.427226  -0.822222  -0.36854  -1.32591  -1.58826  -0.437147  
-0.522525  0.530045  -1.22463  1.77301  -5.93977  43.3215  0.456086  -1.21378  159.125  -5.27696  1.4777  -0.214416  30.6912  0.711011  -0.189187  -2.81337  1.07497  0.98411  -6.76656  -3.32512  -0.842726  28.5913  0.511651  -2.93202  -0.196215  -1.16492  -1.6663  -0.812088  -2.627  0.201517  
-0.518606  0.403677  -0.744184  -1.94319  -7.5843  -73.1027  -0.0800584  -2.1032  98.7123  -3.83466  -0.373193  -2.02495  26.1585  1.40711  -0.728071  -2.25539  0.0313235  0.832002  -5.29563  -1.53632  -0.158585  32.0376  0.594051  -2.58289  0.126918  -1.43166  -1.2869  -0.0900625  -2.85592  0.791338  
-0.437739  0.0108103  -0.103884  -3.81371  -7.1713  -129.063  0.553403  -2.00646  194.29  -2.13022  -1.338  -4.42525  18.1893  1.07192  -0.929674  -1.55344  -1.32106  -0.00699096  -0.78518  1.39264  0.725119  13.534  0.717722  -1.7088  0.209727  -1.30193  0.272718  -0.0104258  -2.74254  1.07574  
-0.361328  -0.416775  0.354724  -3.3269  -4.58035  -96.2083  1.75646  -0.150012  252.972  -1.44394  -1.23311  -5.00596  11.6422  -0.145616  -0.623323  -1.22209  -2.40018  -0.732877  -0.275326  3.3917  1.16415  -19.8821  0.602277  -0.817436  0.00877723  -0.518242  1.36151  -0.946618  -2.91181  0.926449  
-0.313545  -0.300477  0.660445  -1.43251  -1.10482  -15.7034  2.13586  2.21912  97.2412  -1.51439  -0.866376  -3.00265  7.75351  -1.27733  -0.152227  -1.15052  -2.97777  -0.735113  -6.82271  3.22547  0.966586  -47.0059  0.0633172  -0.217623  -0.145629  0.629532  0.792851  -2.40205  -3.22396  0.578411  
-0.29172  0.408308  0.955679  0.318892  1.37916  34.0004  1.07373  3.35806  -198.762  -1.26319  -1.17354  -0.172125  6.43586  -1.35613  -0.0873005  -1.10661  -3.15216  -0.156051  -15.2246  1.27187  0.325721  -51.518  -0.635609  0.0589573  0.0638764  1.4612  -0.908651  -3.33719  -2.91868  0.477555  
-0.296372  0.670766  1.17256  0.958072  1.82411  21.9612  -0.547981  2.97547  -380.467  -0.0873817  -2.29177  1.04787  8.79396  -0.373247  -0.571718  -1.17386  -3.07005  0.34161  -17.2874  -0.949155  -0.54246  -36.1106  -0.946205  -0.144902  0.535047  1.59467  -1.94103  -2.96945  -1.60507  0.884053  
-0.304246  -0.700848  1.075  0.797939  0.862472  7.57101  -1.39694  2.1721  -301.143  1.74402  -3.43401  -0.107933  15.1893  0.612022  -0.997851  -1.45344  -2.71872  0.279726  -10.6388  -1.87649  -1.5189  -17.0975  -0.604864  -1.2931  0.795382  1.2915  -0.968875  -1.39576  0.237638  1.58872  
-0.249156  -3.21215  0.536597  0.871979  0.203124  69.2495  -1.27946  1.76281  -74.8268  3.46072  -3.57012  -2.23486  22.2511  0.535653  -0.520344  -1.55971  -1.99509  -0.22316  -0.87135  -0.971553  -2.3728  -7.30883  0.0490896  -3.54555  0.493988  1.03668  1.53552  0.481717  1.78758  1.97916  
-0.0862405  -4.35858  -0.316253  1.55037  0.954139  188.075  -1.29973  1.39364  75.6714  4.0861  -2.25492  -3.32972  24.5589  -0.585086  0.944558  -0.853372  -0.996932  -0.670191  4.7566  0.841429  -2.65306  -7.11602  0.4235  -5.9434  -0.192906  0.943358  3.64126  1.70602  2.70729  1.56825  
0.117236  -1.95551  -1.23262  1.8923  2.40522  239.268  -2.29175  0.582741  67.6128  2.70371  0.0402657  -2.70325  20.4503  -1.65786  2.36357  0.675039  -0.125536  -0.732114  4.1874  1.80855  -2.00466  -10.3439  0.301105  -6.63609  -0.676748  0.750717  3.62601  2.01481  3.21049  0.574608  
0.201506  3.04316  -1.95957  0.77628  2.62661  130.427  -3.50847  -0.0253555  7.43676  -0.733835  2.26713  -1.27024  14.3993  -1.6719  2.43879  2.0354  0.226405  -0.535979  0.806523  0.846369  -0.653284  -13.6137  0.00409511  -4.42967  -0.498745  0.30962  1.39016  1.90171  3.45891  -0.161324  
0.0605793  6.74009  -2.24443  -1.3209  0.495224  -67.2875  -3.38744  0.811463  18.4023  -4.6865  3.50109  -0.255565  11.6624  -0.696822  0.915246  2.06574  0.132983  -0.456647  -1.67051  -1.29828  0.547083  -16.8971  -0.0702033  -0.134212  0.208577  -0.142805  -1.57353  1.86164  3.18052  -0.0659749  
-0.230912  5.96346  -1.88214  -2.29031  -2.86973  -169.486  -1.54763  3.19575  91.8058  -6.68887  3.46608  0.133842  11.7431  0.268435  -1.07922  0.651629  0.16039  -0.655447  -2.73286  -2.61492  0.7391  -17.729  0.0683493  3.82203  0.815338  -0.250488  -3.48292  1.71224  2.02239  0.40491  
-0.472159  1.5608  -0.944226  -0.581315  -4.89119  -75.6776  0.469289  5.44559  137.273  -5.37642  2.51673  0.467886  9.26114  0.331889  -2.12719  -1.061  0.769988  -0.85208  -3.74667  -1.91871  -0.155587  -11.2055  0.0920849  5.30638  0.778169  0.0461114  -3.62342  0.858646  0.16365  0.119191  
-0.529922  -2.45599  0.0946266  2.78554  -3.93949  113.478  0.795675  5.52265  125.002  -1.88978  1.18119  0.792277  1.96082  -0.528922  -1.86575  -1.73033  1.66009  -0.598584  -4.85914  -0.356516  -1.30244  2.90326  -0.157028  4.07376  0.120409  0.444221  -2.69185  -0.723975  -1.59268  -1.4989  
-0.4654  -3.07506  0.65164  5.04066  -0.970872  200.599  -0.676338  2.84692  117.148  1.05163  -0.203402  0.0771168  -4.70913  -1.65059  -1.10467  -1.00916  1.88233  0.167208  -4.48736  -0.372578  -1.7044  16.5411  -0.454459  1.58804  -0.634745  0.592946  -2.00138  -2.06314  -2.47496  -3.74856  
-0.448152  -0.974846  0.556809  4.54356  1.36544  97.4183  -2.21126  -1.31433  159.757  1.60644  -1.45176  -2.54642  -2.80285  -2.42134  -0.729252  0.321809  0.824858  0.87967  -1.55605  -2.87638  -1.14627  20.7395  -0.519264  -0.409066  -0.967413  0.424669  -2.24232  -2.04091  -2.47895  -5.28285  
-0.549502  0.960657  0.20569  2.3393  1.34724  -104.123  -2.1837  -4.81706  199.767  0.358467  -2.3157  -6.22423  8.9089  -2.68561  -0.78798  1.22719  -0.955166  0.781279  2.6862  -5.7383  -0.357893  15.2402  -0.381357  -1.10975  -0.752839  0.215281  -2.85348  -0.658301  -2.31619  -5.3785  
-0.646472  1.07477  0.112294  0.590417  -0.169655  -250.835  -0.747865  -5.89866  148.939  -0.564144  -2.56226  -8.659  22.513  -2.62374  -0.717189  1.248  -2.07413  -0.309043  5.44353  -5.68928  -0.17838  7.71504  -0.255908  -0.799842  -0.227658  0.339668  -2.5582  0.849852  -2.56258  -4.39813  
-0.562411  0.160353  0.353939  0.015027  -0.858155  -272.336  0.573102  -4.13138  5.04906  0.334967  -2.28629  -8.23537  27.9158  -2.44014  -0.226111  0.57512  -1.6773  -1.69276  4.71347  -1.86389  -0.614335  3.73919  -0.13642  -0.30747  0.280894  0.886458  -0.68544  1.24186  -2.92656  -3.11876  
-0.293516  -0.397426  0.551966  -0.453851  0.377839  -197.18  0.67748  -0.817957  -127.855  2.57971  -1.93728  -5.59628  21.2942  -2.15164  0.330651  -0.358182  -0.412048  -2.33726  0.944264  2.92772  -0.856156  0.995392  0.211213  -0.339068  0.537993  1.44665  1.97557  0.385088  -2.5377  -1.96123  
-0.0453871  -0.556177  0.352784  -1.73525  2.09129  -76.9796  -0.0541956  1.72761  -145.627  4.32703  -1.82634  -2.71856  7.22583  -1.52258  0.526361  -1.14765  0.177048  -1.77478  -3.22033  4.84652  -0.270383  -4.47596  0.74473  -1.03505  0.42694  1.36399  3.74591  -0.927841  -1.04728  -1.03102  
-0.0177647  -1.16482  -0.228539  -3.12663  1.94797  51.6294  -0.394813  1.99506  -47.5206  4.0894  -1.68133  -0.816986  -5.68088  -0.276076  0.482688  -1.47404  -0.694202  -0.473384  -4.62669  2.80414  0.805677  -9.69842  0.893891  -1.88346  0.0252148  0.344711  3.66546  -1.96275  0.74595  -0.561123  
-0.16948  -2.21789  -0.936924  -3.26176  -0.466585  142.163  0.381254  0.650942  78.1843  1.92856  -0.923703  0.413269  -10.6954  1.43176  0.648251  -1.20946  -2.17061  0.653754  -1.6354  -0.738864  1.44485  -6.55088  0.140483  -2.09788  -0.337949  -1.1164  2.47251  -2.41628  1.65529  -0.771794  
-0.255922  -2.61811  -1.54803  -1.82738  -2.98771  135.473  1.85685  -0.280236  148.865  -0.793635  0.53289  1.40651  -6.92862  2.70858  1.05093  -0.552984  -2.6768  1.02618  4.56575  -2.63045  1.22142  6.63035  -1.16339  -1.33095  -0.284208  -2.04887  1.79788  -2.03635  1.39524  -1.23396  
-0.113137  -1.7999  -1.87196  0.264907  -3.26982  18.2809  2.95987  0.248494  146.986  -2.69622  1.91516  1.52259  0.200828  2.56111  1.08816  0.0800051  -1.64558  0.72257  10.3561  -2.14932  0.615043  18.7702  -1.93345  -0.0877299  0.185535  -1.84952  2.34688  -0.506692  0.859689  -0.881185  
0.140274  -0.80304  -1.65285  2.3187  -1.50107  -137.819  2.94523  1.23096  102.584  -3.46868  2.20267  -0.147916  2.69872  1.04645  0.240759  0.424736  -0.0875  0.203067  11.966  -0.976145  0.235357  15.1138  -1.54735  0.621556  0.57013  -0.820874  3.132  1.90832  1.00772  0.880303  
0.229281  -1.01119  -0.76496  4.5136  -0.188762  -230.987  1.96678  1.19044  50.8769  -3.73981  1.14805  -3.06368  -2.83601  -0.510621  -1.15193  0.524898  0.599602  -0.142313  8.29204  -0.605952  -0.0335227  -6.38619  -0.678321  0.139787  0.375159  0.183789  2.71324  3.96372  1.67561  3.0955  
0.0387452  -2.1669  0.432255  6.78279  -1.21347  -224.237  0.784001  0.309004  18.9679  -4.02329  -0.402135  -5.21355  -10.8107  -1.09806  -2.08685  0.467104  0.132301  -0.170512  1.77131  -0.628085  -0.745991  -29.7801  -0.523362  -1.25637  -0.260914  0.625826  1.05288  4.30276  1.79407  3.78179  
-0.253556  -2.39937  1.17236  7.67617  -3.64985  -165.765  -0.0718454  0.325374  29.1914  -4.0263  -1.26208  -5.23918  -11.1949  -1.57515  -1.87788  0.116063  -0.535701  0.0499018  -3.67457  0.211274  -1.85731  -35.1358  -1.20422  -2.6105  -0.623567  0.705881  -0.268404  2.80763  0.810545  1.84592  
-0.375131  -0.494548  0.995396  5.40999  -4.86712  -115.433  -0.832561  2.28061  85.9488  -3.08552  -0.968357  -3.97061  -0.413703  -3.74124  -0.819441  -0.657433  -0.443262  0.287164  -5.86823  1.8605  -2.44664  -18.9531  -1.39589  -3.13068  -0.207921  0.917646  0.176848  0.782373  -0.496683  -1.62615  
-0.245074  2.37703  0.318583  0.289111  -3.4655  -79.4311  -2.086  4.98586  156.003  -1.18293  -0.102661  -3.4808  13.6512  -7.29551  0.196869  -1.52675  0.333234  0.227555  -5.854  2.61901  -1.72691  1.1165  0.136095  -2.77787  0.675367  1.31289  1.97768  -0.438165  -0.904169  -4.27485  
-0.00355602  3.74133  0.0811728  -4.6858  -0.566398  -31.5282  -3.79266  6.07711  182.644  0.796172  0.357407  -4.68062  19.4547  -8.60084  0.611806  -1.77831  0.981888  -0.289573  -6.22284  1.09568  -0.0726683  4.3242  2.86937  -2.13103  1.22532  1.36683  3.33652  -0.71676  -0.19698  -4.65384  
0.205559  2.5136  0.716133  -6.26494  1.75522  25.24  -4.93205  4.3096  133.584  1.7884  -0.00191149  -6.40089  14.3059  -3.95965  0.642498  -1.03543  0.984473  -1.03792  -7.93089  -1.88515  1.31754  -10.6043  4.82464  -1.70311  1.00907  0.615839  3.09831  -0.787821  0.638922  -3.32628  
0.387923  0.169662  1.63676  -4.05652  2.67021  52.5924  -4.37868  0.616798  36.575  1.28589  -0.673634  -6.76702  6.59528  5.53026  0.892505  0.193152  0.536439  -1.53418  -8.91279  -3.71294  1.69192  -23.5978  4.56962  -1.39933  0.331021  -0.683011  1.89003  -1.01803  0.671025  -1.7972  
0.585714  -0.982635  1.84834  -0.565235  2.81166  34.0364  -2.14817  -2.83658  -37.4861  -0.600588  -0.762415  -5.0895  4.92763  13.4729  1.62336  0.904142  0.0685322  -1.50321  -6.23181  -2.44024  1.31993  -15.718  2.55966  -0.703476  -0.224374  -1.62032  1.07133  -0.987846  0.0393643  -0.803699  
0.691318  -0.282321  1.01774  1.78002  2.79471  8.64613  0.454078  -4.31069  -32.6852  -3.43126  0.10861  -2.26521  7.58865  13.7155  2.42159  0.59115  -0.305268  -1.14915  0.171256  1.2277  0.76935  9.69617  0.352889  0.634351  -0.413382  -1.47537  0.951708  -0.296401  -0.511504  0.000125702  
0.49258  0.834609  -0.21791  3.08365  2.30092  24.5132  2.03154  -3.47359  47.0256  -6.29925  1.39579  0.290227  5.53955  6.41212  2.50034  -0.266374  -0.716019  -0.863459  6.17139  4.40166  0.0704715  31.205  -1.10184  2.09646  -0.37979  -0.464599  0.520581  0.668371  -0.743107  0.923482  
-0.0488405  0.665779  -0.949874  4.81313  0.851408  68.1293  2.30067  -1.32413  143.695  -7.66549  2.07314  1.78167  -5.0181  -2.11797  1.40735  -0.7396  -1.12873  -0.720227  6.71448  4.51311  -1.02419  34.1699  -2.0245  2.71978  -0.264027  0.435697  -1.04876  1.11398  -1.04622  1.50409  
-0.642499  -0.951938  -0.847115  6.71063  -1.04026  64.1153  1.99349  0.714554  190.516  -6.0194  1.49876  2.26578  -16.1181  -5.59031  -0.467645  -0.357359  -1.30176  -0.43001  0.79671  1.50852  -2.17662  26.1443  -2.88021  1.89619  -0.00589881  0.458747  -3.08487  0.791664  -1.47844  1.19261  
-0.889617  -2.79432  -0.285793  6.18932  -2.05304  -42.3109  1.7335  1.80214  161.744  -1.2474  -0.0869663  2.19374  -15.8014  -3.2375  -2.07693  0.561942  -1.15625  0.18546  -7.22151  -2.31758  -2.4462  24.1774  -3.48197  -0.105517  0.443379  -0.202437  -3.9506  0.217763  -1.35925  0.337057  
-0.686993  -3.79824  0.170586  1.54725  -1.42992  -208.764  1.28025  1.91607  91.6198  4.72433  -1.80618  1.88267  -1.36463  0.788231  -2.53656  1.30493  -0.965315  0.843967  -11.8822  -4.58488  -1.39601  30.4818  -3.26018  -2.36784  0.900067  -0.676136  -2.79595  -0.0554672  -0.357844  -0.107345  
-0.359805  -4.02811  0.254218  -4.83899  0.176828  -316.95  0.00832154  1.2831  45.399  9.06867  -2.80719  1.26616  17.2407  2.45817  -1.91685  1.33775  -1.06647  1.05375  -11.9306  -4.85183  0.107052  27.0802  -2.14418  -4.01341  1.09507  -0.387078  -0.474671  -0.110898  0.400739  0.160958  
-0.327077  -4.14275  0.0627823  -8.07544  1.37684  -278.98  -2.05844  -0.0165668  64.8911  10.0727  -2.78705  0.109925  27.0704  1.38297  -1.11092  0.614335  -1.46768  0.654039  -10.5695  -4.41987  0.626423  -1.73927  -0.807814  -4.66066  0.956871  0.390175  1.3377  -0.405008  -0.775986  0.375026  
-0.640741  -4.31296  -0.157412  -5.82031  1.37107  -124.302  -3.91068  -1.64326  131.279  8.20047  -2.03912  -1.53179  24.1963  -0.24687  -0.843149  -0.41419  -1.80154  -0.0186483  -10.5994  -4.36682  -0.275223  -45.4021  -0.00103297  -4.40092  0.65359  0.961356  1.74017  -1.04708  -3.84256  -0.215627  
-0.905188  -3.91522  -0.198941  -1.03974  0.498594  22.1684  -4.27062  -2.55665  179.382  5.30081  -1.12266  -3.09367  15.6402  -0.745689  -0.921438  -1.05245  -1.67866  -0.478927  -10.6012  -4.21608  -1.49009  -70.1678  0.130969  -3.49316  0.36638  0.964599  1.1962  -1.54825  -6.19484  -1.21854  
-0.688548  -2.29653  0.0160617  1.36642  -0.415536  52.0203  -2.58824  -1.68371  155.498  2.93266  -0.443482  -3.94589  10.6934  -0.191409  -0.630757  -0.82139  -0.994671  -0.496502  -7.04571  -2.75916  -1.56555  -49.0022  -0.0424341  -2.17059  0.135698  0.565401  0.701531  -1.35035  -4.99074  -1.55884  
0.00139608  0.363228  0.415706  0.175892  -1.01527  -29.2303  0.520162  0.804444  67.3892  1.36632  -0.0333678  -4.07578  11.4649  0.701471  0.247145  0.129212  0.051692  -0.196705  0.511287  0.120594  -0.333725  10.9028  -0.212501  -0.641048  -0.0753899  0.0499655  0.642266  -0.485217  -0.359044  -0.95128  
