0.665721  2.22654  1.65917  2.56852  0.274304  0.71848  1.58262  6.39756  -3.95982  3.01135  19.2457  1.61917  5.76564  5.6914  4.44891  4.44669  10.4735  1.75458  0.840427  -4.32142  -3.09508  -1.98925  11.8085  -0.657249  -7.8903  90.5533  0.110002  10.096  -2.83701  2.0061  
0.208279  1.56719  1.01029  -41.5215  0.61961  -0.491394  -4.75257  5.74412  -2.2903  -1.2842  4.5705  1.43155  16.5172  3.03374  -0.6534  -9.33693  -56.2857  3.3451  0.614646  -1.17239  -1.05839  0.371556  4.34343  -10.0205  -3.17891  -26.8824  4.69288  -19.1406  -0.722752  -7.19464  
0.00914104  0.126978  -1.14788  -47.853  1.09282  -1.02024  -8.2209  4.42629  -1.86408  -2.11195  0.601346  0.899918  14.5028  -1.10136  -4.98864  -17.375  -61.4785  2.23391  0.648841  2.18443  2.77624  3.11871  -4.8949  -13.2961  1.34274  -100.874  8.63909  -40.5377  -2.01709  -13.3663  
-0.105331  -1.82629  -4.19545  -21.3403  1.37615  -1.07871  -8.05854  2.26848  -2.76904  1.42311  5.60883  0.1502  -0.175307  -6.18461  -7.79421  -18.8466  -9.45423  -1.24447  0.961063  4.73032  7.11117  5.7642  -13.4794  -10.0608  4.19887  -119.34  9.89547  -48.1653  -5.37328  -15.8139  
-0.551014  -3.4289  -5.85159  -1.12233  0.956993  -1.45674  -5.93272  0.0417414  -3.55985  6.55205  7.5377  -0.343438  -15.8814  -10.1425  -8.56343  -16.771  37.9445  -4.32473  1.44004  4.95874  8.54289  6.92341  -15.9719  -5.20175  2.83155  -100.784  6.69114  -40.9499  -6.18031  -15.8116  
-1.38588  -4.26884  -4.71549  -14.1657  -0.180778  -2.39734  -4.28053  -0.766025  -2.40842  8.55775  -1.63443  -0.337105  -22.1039  -11.6463  -7.38615  -13.0912  31.4886  -5.0534  1.90826  2.74937  5.54317  5.42338  -9.5685  -3.43101  -4.08271  -68.9276  0.535492  -24.1732  -2.45038  -14.2524  
-2.09456  -4.50411  -1.98614  -46.8696  -1.32668  -3.16284  -4.15224  0.714228  0.716926  4.65397  -15.5183  -0.128124  -19.0376  -11.4039  -5.02664  -6.80335  -15.8916  -4.11931  1.88428  -0.0148624  0.656066  1.75616  1.72783  -4.90415  -13.7769  -34.9763  -4.12562  -6.66902  2.28654  -10.6471  
-2.08833  -4.11714  -0.435272  -64.7896  -1.6607  -2.89983  -4.48205  3.37317  3.42331  -3.12293  -19.5841  -0.221141  -14.5272  -11.0231  -2.50435  2.98866  -51.4339  -3.35846  0.720906  -1.08316  -1.79132  -1.76823  9.47591  -6.2431  -19.5881  -1.83327  -4.14842  5.06065  2.82969  -4.76634  
-1.35166  -2.7632  -1.70478  -51.4546  -1.07783  -1.68627  -3.31151  4.68747  3.19603  -9.20337  -7.62797  -0.700299  -13.9073  -10.9199  -0.507715  13.827  -43.1608  -3.27839  -1.54371  0.00923134  0.181663  -2.8182  7.89615  -4.94644  -16.3013  25.556  -1.09488  10.4283  -1.63226  1.42194  
-0.455834  -0.718559  -4.6655  -21.3626  -0.268553  -0.401214  0.1687  3.23053  0.438827  -9.25439  10.4037  -1.0774  -14.8685  -9.93074  0.830313  20.8004  -8.63817  -2.78266  -3.60806  1.65147  4.71387  -1.22927  -1.07355  -1.97532  -5.92398  40.7944  0.653248  12.5171  -6.57088  4.64817  
0.0697639  0.764139  -6.40701  1.23305  0.0470889  0.368591  4.62423  0.48618  -1.70798  -3.88009  18.8154  -0.872418  -11.4089  -6.96658  1.71291  20.0547  13.049  -1.00284  -4.04687  1.95432  8.37672  0.926482  -9.93521  -0.283632  3.358  43.9863  -0.969877  12.97  -7.47626  3.64842  
0.245507  0.605659  -4.84781  6.95161  -0.138376  0.886577  7.43792  -0.466927  -1.16721  2.4545  13.1316  -0.256671  -0.971924  -2.6477  2.34245  11.1041  4.3437  1.39726  -3.01806  0.628956  9.24775  1.74527  -12.732  -1.45233  4.89282  42.1156  -3.37387  10.3277  -5.10025  1.01739  
0.453439  -0.614451  -0.597797  3.9202  -0.232539  1.57555  6.74596  1.64147  0.425913  5.91536  4.16179  0.0521534  12.8637  1.09226  2.80649  -2.86793  -20.5596  2.98158  -2.03733  -0.945056  7.6579  1.56811  -9.55773  -4.10386  -0.0717112  40.9153  -2.50213  3.50697  -4.11261  0.879616  
0.850862  -1.01309  3.50293  3.33412  0.166931  2.11565  2.96739  4.73728  -0.261949  6.32783  5.0521  -0.342251  23.728  3.02263  3.11677  -15.6836  -39.3952  3.07374  -1.59759  -1.26913  4.738  2.124  -4.20647  -5.24689  -4.57848  38.4804  2.32625  -4.33881  -6.78832  4.46165  
1.14427  0.539118  4.78948  8.84233  0.764871  1.70588  -1.37985  5.73852  -3.97506  5.93665  16.8591  -0.934171  27.9793  3.70763  3.15654  -20.4436  -44.0695  2.15397  0.114179  -0.172609  1.14227  3.68071  1.1775  -3.07365  -4.19782  28.3227  7.52021  -6.98073  -9.7898  8.3993  
0.989682  3.07915  3.1017  17.2811  0.942113  0.251948  -3.43384  4.07573  -7.78395  6.0727  28.8875  -0.836956  26.9219  4.51583  2.63509  -14.319  -38.3389  1.04327  4.82992  1.1745  -2.72926  3.97653  7.46138  1.16845  -1.38741  8.65325  8.94739  -1.05621  -8.4775  7.91292  
0.47962  4.56374  0.893916  23.8152  0.536381  -1.15443  -2.12659  2.21822  -8.58513  5.97542  31.2932  0.0551447  24.1094  5.63158  1.36499  -2.16443  -24.8736  0.17387  10.8211  1.46604  -5.94271  0.769282  14.7271  3.96315  -1.36847  -12.6196  5.90309  9.57684  -3.55815  1.73143  
0.0768721  4.00527  0.912491  24.2451  0.0564555  -1.30027  0.867759  2.63431  -6.50547  4.61301  24.6321  0.757634  20.3738  5.62684  -0.251323  6.47652  -3.6676  -0.355151  13.3144  0.402753  -7.19546  -4.78375  19.3898  2.57411  -5.66087  -21.7061  1.10573  16.2264  -1.33569  -6.42428  
0.0632214  2.2567  3.54689  16.5386  0.0527745  -0.268259  2.20604  4.87863  -4.16928  2.52115  16.8226  0.316012  11.8435  3.0889  -1.24118  6.03126  18.8685  -0.536924  9.39403  -1.22339  -5.94481  -8.39681  17.453  -2.07869  -10.769  -9.5826  -2.45662  13.1401  -6.26985  -11.2705  
0.193883  0.745728  6.46428  3.89339  0.412038  0.590484  -0.428037  6.2028  -3.2423  0.986341  13.5993  -0.879383  -4.83234  -1.36143  -0.899046  0.316904  29.0028  -0.499126  1.60082  -2.35358  -3.09129  -6.90118  9.95096  -5.77068  -12.6893  18.0551  -3.9688  3.04452  -14.5363  -10.662  
0.0251668  0.0416056  6.93223  -4.80859  0.491354  0.209928  -6.02104  4.62959  -2.72918  0.0791531  13.6604  -1.37315  -24.7535  -5.03044  0.357137  -2.2536  20.0311  -0.513079  -4.40882  -2.48313  -0.33743  -1.87894  3.07831  -4.83439  -11.1067  41.6687  -4.17656  -5.40035  -16.8981  -6.66647  
-0.469434  -0.163881  4.45691  -2.35285  -0.028913  -0.961255  -10.4349  0.878303  -0.924583  -1.21549  11.6233  -0.358674  -35.058  -5.31154  1.18607  1.36525  3.39242  -0.672799  -5.74639  -1.74895  1.18942  1.74122  1.76676  0.134113  -8.84071  42.8945  -3.47492  -6.17888  -8.62536  -2.51297  
-0.752599  -0.00417301  1.07631  7.06167  -0.612745  -1.5179  -9.57144  -2.62518  1.981  -2.75785  3.37316  1.26845  -26.2653  -1.91123  0.646079  5.82651  -1.51097  -0.681686  -4.61795  -0.527542  1.59685  0.914404  4.58761  4.75033  -8.6869  20.3669  -1.50433  -1.47566  4.74328  0.611086  
-0.276064  0.953841  -0.788746  8.46819  -0.376772  -0.732445  -3.00766  -4.0078  4.07091  -2.59418  -11.1897  2.02114  -4.21961  2.88558  -0.801731  4.89281  10.964  -0.204445  -4.67687  0.843218  1.58802  -2.29472  6.33899  5.20894  -11.0512  -8.91586  1.41438  1.52656  12.7643  3.53791  
0.862691  2.88644  -0.463882  -9.21552  0.864399  0.697389  5.26214  -3.02077  4.22156  0.0427994  -28.1003  1.75131  12.665  6.17726  -1.7646  -0.292991  25.5484  0.546285  -6.21221  1.98705  1.35046  -3.23223  4.87238  1.77369  -13.7916  -25.3616  3.45272  -0.767557  10.7666  6.70419  
1.90075  4.81626  0.879868  -37.9864  2.21644  1.56352  10.1072  -0.594128  3.52231  1.87386  -40.8279  1.79142  10.8844  6.57906  -1.34798  -2.64592  23.9206  0.899807  -6.19499  2.43359  0.266459  -0.0977003  3.21684  -2.17083  -14.0019  -21.7902  2.77114  -4.26944  3.94377  8.82429  
2.05666  5.0124  1.72504  -53.6801  2.47411  1.44555  9.54471  1.91856  3.69851  -1.98694  -43.2167  2.9018  -4.20333  4.70121  0.0597108  2.02122  5.50673  0.44898  -2.46171  1.88642  -2.18893  3.94725  4.50695  -3.84953  -10.5377  -3.61777  -0.146132  -2.28084  0.651946  8.20947  
1.1877  2.61816  1.46242  -38.276  1.25989  0.867338  5.84086  3.21027  4.67584  -11.4405  -33.5945  3.77529  -13.6945  2.01772  1.38587  10.0723  -14.2276  -0.478009  3.45115  0.480352  -5.36318  4.37561  7.01012  -3.25578  -5.78778  21.4314  -2.28662  6.1484  3.25229  4.83501  
-0.159228  -1.13736  0.513277  -0.0708606  -0.647639  0.392841  2.57927  2.47596  4.44773  -18.8506  -16.825  2.45698  -4.6088  -0.38695  1.95496  14.6602  -23.5586  -1.23561  8.05255  -1.43145  -7.41833  0.348226  6.01765  -2.08239  -4.43534  49.5101  -0.970618  14.424  6.88317  0.410448  
-1.26113  -3.7728  -0.222907  32.5593  -2.06883  -0.00913644  1.13615  -0.0645134  1.63412  -15.7712  -1.07915  -0.781241  17.2062  -2.12597  1.82837  13.209  -26.2562  -1.5843  9.43098  -3.67401  -6.65397  -4.53584  -0.150412  -1.69219  -8.63581  77.3114  3.0997  15.1231  6.1013  -3.53859  
-1.74476  -3.55669  0.0443575  39.1666  -2.42675  -0.593203  0.333644  -3.2008  -2.49823  -2.83315  8.61676  -3.0132  33.3199  -3.20115  1.32885  8.66035  -31.2182  -1.72573  8.31842  -6.20199  -3.01012  -6.41683  -7.82265  -2.44268  -14.2034  98.4675  6.13249  7.6179  0.558077  -6.96411  
-1.69098  -0.927921  1.46312  26.8721  -2.02763  -1.18037  -0.991203  -5.45065  -5.18376  9.10942  13.8387  -1.74641  30.0303  -3.74804  0.593219  4.62965  -37.8326  -1.71417  6.2386  -8.4849  1.71341  -5.08072  -12.0789  -3.89643  -13.5364  105.077  4.99474  -1.68928  -6.22269  -10.3895  
-1.36734  2.12744  3.18478  18.9472  -1.50828  -1.25073  -2.11046  -5.84502  -5.09709  9.54245  19.3157  1.91368  9.45958  -3.92567  -0.286194  1.74548  -37.6215  -1.19234  3.79042  -9.12711  5.26047  -3.19786  -11.7212  -4.86592  -3.73101  92.9106  0.551586  -5.92474  -11.3557  -13.1646  
-0.941798  3.80615  3.81138  26.2264  -1.15108  -0.698322  -1.61278  -4.16185  -3.61668  -0.536218  26.6341  4.15367  -14.3038  -3.59483  -1.00208  -1.13837  -27.5909  0.0982284  0.947271  -6.57028  6.66851  -2.40018  -9.44635  -3.6854  8.87542  64.0712  -3.08342  -3.39429  -13.8927  -13.3802  
-0.429168  3.7012  2.64859  35.1254  -0.75802  -0.154037  0.251736  -0.888514  -2.91335  -9.63849  32.1352  2.62802  -27.1884  -2.32628  -1.20321  -4.12219  -14.5152  1.75469  -1.76079  -0.613977  6.73627  -1.51971  -7.85779  0.244048  14.0897  25.6783  -2.62563  2.84431  -12.5752  -9.82495  
0.16796  2.57756  0.511123  25.7979  -0.0856882  -0.330094  1.48317  2.80448  -3.40089  -8.12461  31.3275  -0.93541  -24.5064  0.0628863  -0.877165  -6.27413  -4.08566  2.99162  -3.2812  6.69495  6.80614  0.994168  -6.43099  4.99454  8.53096  -13.3808  1.22702  8.96094  -5.27377  -3.61373  
0.720183  1.36173  -1.1021  -2.87948  0.722741  -1.15541  0.72522  5.40263  -3.69304  2.04348  24.2016  -2.80265  -11.6158  2.68442  -0.368134  -7.39766  6.94757  3.41108  -3.16419  11.9661  7.16969  4.05668  -2.47135  7.30845  -0.582715  -45.8495  4.75445  12.7598  7.54728  2.61089  
1.00197  0.437657  -1.63821  -30.9646  1.19931  -1.80144  -1.04481  5.84182  -2.71953  10.4961  15.1069  -1.41874  1.93429  3.93108  0.0366443  -8.04641  22.5851  3.33529  -2.18847  12.7013  6.77087  4.7257  5.615  5.98146  -4.01421  -66.4344  4.92423  13.4981  20.0721  7.00614  
0.885011  -0.22314  -1.91397  -38.8701  1.02857  -1.56804  -1.77011  4.16373  -0.978972  9.98811  7.51525  1.19982  9.35055  3.07137  0.381207  -7.79717  35.1355  3.28893  -1.50631  8.96489  4.51716  1.92463  16.1781  3.47462  -0.981658  -68.8534  2.02403  11.4868  24.5454  9.55909  
0.515508  -0.569387  -2.70212  -26.3964  0.418223  -0.538864  -0.84218  1.37914  0.617077  3.00362  0.430519  2.16729  10.5096  1.35908  0.8246  -5.26203  29.8646  3.35525  -1.35985  3.0942  0.764474  -1.79091  24.7679  3.215  1.01975  -46.2178  -1.18318  8.34642  18.4147  10.7502  
0.26246  -0.249374  -3.37568  -9.72244  -0.0440903  0.700043  0.354342  -1.23129  2.23374  -2.49475  -9.02468  0.934127  10.0305  0.77472  1.27815  -0.728712  4.44405  3.14656  -0.742234  -2.16895  -2.67559  -2.9551  26.9479  5.39742  -3.32085  1.1174  -2.46019  6.24612  7.15045  10.028  
0.413192  1.00934  -2.53016  -3.4244  0.0723742  1.73995  0.45578  -2.67362  4.35528  -1.82003  -20.5836  -0.670784  11.7968  1.66016  1.42201  2.69428  -22.0328  2.28872  1.49017  -5.27924  -4.06496  -1.08022  21.7345  6.5492  -9.70607  56.7588  -2.04884  5.72943  -1.24974  6.42977  
0.874394  2.77919  0.0740447  -8.69886  0.63825  2.50457  -0.210971  -2.57757  6.00114  2.78128  -29.6008  -0.955647  15.2319  2.25483  1.10768  2.0523  -25.7285  0.832297  5.1584  -6.03349  -3.1968  1.07828  12.8735  3.59361  -10.0913  93.1288  -1.84528  4.83517  -3.94081  0.577286  
1.19589  3.92786  2.81289  -17.0901  1.0878  2.82681  -0.359378  -1.56642  5.02531  5.80545  -31.4477  -0.0779021  16.612  1.0543  0.563698  -1.67256  -3.13357  -0.793257  8.35684  -4.82596  -1.27506  1.04248  6.12824  -2.41553  -3.57836  93.971  -3.03278  1.50149  -4.23064  -4.83988  
0.956739  3.56999  3.78155  -21.9741  0.937972  2.29206  0.308894  -1.12551  0.803523  4.07794  -26.1099  0.771164  14.0632  -0.880125  0.150773  -4.1113  24.0812  -2.14574  8.90606  -2.31428  0.442105  -0.590635  4.32003  -7.35662  2.35281  71.4609  -4.82344  -2.95694  -5.37604  -7.3066  
0.175964  2.21013  2.78269  -23.4673  0.214277  0.76793  0.876898  -2.32236  -4.21158  -1.07512  -18.1869  0.983399  9.87775  -0.945351  -0.062201  -2.08244  31.0107  -3.03015  6.47429  0.257764  1.55596  -1.35564  4.91027  -8.44204  2.09266  54.6435  -5.49087  -4.00684  -5.40957  -6.90134  
-0.66825  1.59417  1.36152  -24.9354  -0.601775  -1.08205  0.767668  -4.27791  -6.5238  -5.7141  -12.6005  0.872719  7.35002  1.665  -0.366364  3.19777  14.3863  -3.47687  3.22896  1.20485  2.09475  -0.275001  3.30263  -6.65325  -0.263314  56.9799  -4.27701  1.5217  0.246267  -5.73567  
-1.04474  2.89736  0.996175  -25.6139  -1.0054  -2.15069  0.738761  -4.49819  -5.10262  -6.62324  -10.7035  0.775993  6.01303  4.53162  -1.02727  7.80849  -6.23687  -3.46237  1.77717  -0.295398  1.67264  0.975022  -1.44377  -4.68828  2.4962  60.858  -1.9347  11.1401  11.7445  -5.1005  
-0.825467  4.99871  1.66494  -21.0727  -0.882358  -1.88039  1.70003  -1.56109  -1.97875  -3.57606  -9.81155  0.579314  1.72505  4.54256  -1.903  9.1226  -10.1896  -2.7258  2.33438  -2.9962  -0.317358  0.258335  -5.2345  -3.53091  8.66346  39.0672  0.442368  17.9661  22.5927  -4.07842  
-0.358384  5.02696  2.22841  -9.75696  -0.556275  -0.757583  3.0756  2.73689  0.831123  0.765773  -5.79589  0.12284  -7.44123  1.43157  -2.47611  7.32519  2.88352  -0.998462  2.35941  -4.28064  -3.53333  -2.34564  -3.98579  -1.94879  7.71403  -11.8711  2.51374  17.0618  25.3727  -1.40223  
-0.104202  1.22198  1.8075  1.04116  -0.451422  0.253465  3.17869  4.77875  3.75358  3.23226  3.56521  -0.393103  -16.9755  -1.92852  -2.26423  3.79011  14.4838  1.43903  -0.425614  -2.57823  -6.18588  -4.60696  1.21359  0.99342  -5.84123  -64.3717  4.25828  10.3734  18.804  1.99157  
-0.202268  -4.9448  0.506688  2.3577  -0.664033  0.617333  1.36386  3.03752  8.07772  2.9864  16.4403  -0.68197  -19.4555  -2.82193  -1.18285  -0.473789  8.10504  3.54449  -4.88441  1.05684  -6.38207  -4.51266  5.3237  4.18272  -22.6766  -85.2815  4.9008  4.61157  8.00582  3.28622  
-0.377649  -9.68132  -0.997033  -3.76398  -0.836363  0.448593  -0.889196  -0.0852827  12.3641  1.99976  27.5736  -0.729467  -13.2373  -1.55407  0.449276  -4.57327  -12.3855  4.20028  -6.98948  4.14043  -4.13601  -2.13418  5.56439  5.71397  -27.7082  -62.8966  3.21174  3.92583  -1.54256  0.974771  
-0.254589  -10.1816  -2.11341  -2.21811  -0.488792  0.0411882  -1.60725  -0.992813  12.2676  2.52829  31.7788  -0.612161  -5.7565  -0.741512  2.1329  -7.36118  -26.924  3.28954  -3.88708  5.39203  -1.63772  0.770916  4.44899  5.32223  -17.4353  -11.3246  -0.820898  5.41327  -8.6745  -2.91579  
0.247205  -6.98724  -2.56677  16.1398  0.446802  -0.451267  -0.682745  0.938542  5.21723  4.51851  27.5766  -0.162803  -5.87906  -2.18205  3.40941  -8.1435  -21.5554  1.92229  2.86981  5.64463  -1.01472  2.54897  5.9053  4.4565  -3.37308  42.917  -5.17564  2.97675  -14.828  -4.53486  
0.814713  -3.22389  -2.32765  37.1615  1.42599  -0.837874  -0.0110904  2.82717  -5.32205  6.09477  17.7939  0.800277  -13.5473  -4.87011  3.9646  -7.39392  -5.04179  1.42093  8.40461  5.97733  -1.87086  2.94039  9.65793  3.9842  2.6031  75.9527  -7.42827  -4.31245  -19.5333  -2.12484  
1.0327  -1.60731  -1.60343  33.9203  1.72554  -0.744801  -1.17248  1.95963  -11.9112  6.37893  6.60885  1.95033  -18.967  -6.20564  3.67871  -5.5664  -0.798435  2.01452  8.78286  5.59177  -1.56831  2.85407  11.4484  2.85129  2.00497  77.0078  -7.10585  -9.36425  -19.7214  2.08624  
0.786792  -2.15987  -0.759131  2.13073  1.16595  0.0271724  -3.52972  -0.990899  -10.2954  6.50727  -3.75968  2.54951  -13.4856  -4.71487  2.68017  -1.31692  -21.2139  2.72621  4.14679  2.46697  1.69045  3.14785  8.59059  -0.146625  5.07092  54.6913  -5.90963  -4.16551  -13.7197  4.05922  
0.384737  -2.56057  0.0479821  -24.6923  0.363217  1.0808  -4.96531  -2.99163  -3.70252  7.32591  -13.2598  2.2297  0.781795  -1.54414  1.36581  7.50806  -52.2332  2.45698  -1.88123  -3.70843  6.36014  3.61907  3.4114  -3.80614  15.4793  31.6681  -5.44695  10.1833  -4.42769  1.90272  
0.274617  -0.598909  1.16261  -8.40735  0.164055  1.66665  -4.31996  -2.30346  0.879551  7.06813  -21.6159  1.50904  13.9678  0.699784  0.271907  19.8898  -65.1527  1.01123  -5.35493  -9.91316  8.72579  3.18432  0.35023  -4.93932  25.1788  23.3898  -5.38392  22.5593  2.66798  -2.34344  
0.607522  3.55796  3.02406  43.4542  0.773732  1.47378  -2.4913  -0.209005  0.29538  2.98112  -26.7671  1.22063  19.6023  0.378123  -0.215648  29.4105  -44.8088  -0.952811  -4.77079  -11.9309  6.73866  1.13139  0.86658  -1.95726  24.9777  20.6919  -4.2175  22.3614  4.62527  -4.85097  
1.06509  7.3391  5.22054  74.4626  1.49342  0.999745  -1.11392  0.888854  -2.16937  -4.80034  -26.4717  1.5228  20.0475  -1.55684  -0.11908  28.0996  -3.91387  -2.65735  -1.67663  -8.21839  2.25701  -1.80734  2.66891  2.78448  15.918  1.41017  -1.38317  10.1973  3.36329  -3.86139  
1.10424  7.97666  6.20606  37.4127  1.36359  0.947769  -0.725537  0.208912  -1.87649  -12.2311  -20.8817  1.69142  20.393  -2.47937  0.10694  13.779  30.1872  -3.66097  0.808475  -1.44254  -0.963368  -3.86583  3.24844  5.06657  6.40049  -36.6921  2.01107  -3.4493  2.82627  -1.39905  
0.411406  5.0477  4.56959  -48.5296  0.0785725  1.32423  -0.597789  -1.11185  0.932195  -15.1806  -12.9459  0.945866  20.1911  -0.688925  -0.0828246  -6.46084  40.3645  -3.8178  0.42339  3.8981  -1.33312  -3.85939  2.65102  3.17212  0.895931  -63.6387  4.38506  -9.63163  4.57375  -0.957439  
-0.82219  0.81908  0.826018  -110.74  -1.72538  1.35516  -0.170268  -1.87173  1.74215  -13.6462  -5.49066  -0.662389  14.8251  2.7749  -0.825396  -21.3166  30.7532  -3.25063  -2.40303  5.24744  -0.994944  -2.27158  2.27337  -0.579375  -3.78693  -48.5291  4.93022  -8.98386  6.6078  -3.34543  
-2.01223  -1.95813  -2.43958  -95.557  -3.02461  0.366538  0.199382  -2.00552  -1.7166  -11.2192  1.5436  -2.31341  4.00533  5.09438  -1.64073  -24.6446  16.3688  -2.44139  -4.81229  3.46786  -3.14392  -0.590407  2.36819  -2.65696  -11.0777  -0.645874  3.6831  -7.93865  6.21695  -5.16778  
-2.57422  -2.54116  -2.76733  -20.4714  -3.21744  -1.38341  0.104822  -1.87561  -5.56913  -10.4756  9.84864  -3.16527  -4.6474  4.56545  -1.81785  -19.9407  7.39471  -2.02938  -3.9063  1.17514  -8.16192  0.280992  2.13618  -1.77157  -17.7235  33.7213  1.2159  -9.51804  3.06427  -2.14688  
-2.29277  -2.22571  -0.24384  50.1497  -2.46948  -2.86157  0.346877  -1.23541  -4.02027  -10.1764  18.0324  -3.0055  -3.11101  2.38121  -1.11451  -15.1711  3.72103  -2.182  0.624822  0.200333  -12.8225  0.773996  1.69261  0.915646  -17.8106  21.544  -1.23825  -10.6017  -0.894455  5.76191  
-1.42506  -2.14029  2.5188  71.2119  -1.42648  -3.22743  2.48426  0.354849  3.25587  -7.49317  19.8023  -2.1623  6.88238  1.31819  -0.128603  -13.8019  1.1105  -2.29152  6.10508  0.624808  -13.2385  1.81453  2.62911  3.95804  -11.0916  -19.1926  -1.98145  -7.77167  -3.7011  13.1483  
-0.479079  -1.71883  3.03502  51.7204  -0.642965  -2.56423  6.82481  2.30597  9.91614  -1.95439  9.37104  -1.1274  14.4113  2.61153  0.200187  -12.0694  -2.73478  -1.57432  9.00754  1.59303  -8.29906  3.54974  6.18875  6.67195  -3.80793  -39.9104  -0.198655  -2.41762  -4.80034  13.9007  
0.155451  0.229859  1.33099  27.0826  -0.2129  -1.6652  11.2256  3.03961  9.62754  4.04615  -10.3259  -0.230767  10.6997  4.4289  -0.455341  -5.46994  -7.2131  -0.0241228  7.59841  2.32681  -0.359929  4.9256  11.7995  8.15617  -1.4418  -15.4934  2.8417  1.86204  -4.29339  7.26198  
0.446535  3.37445  -0.495962  13.9566  0.163703  -1.16552  12.4396  1.7079  2.94451  8.2942  -27.0514  0.367484  -0.755449  3.65782  -1.33843  3.98602  -10.7058  1.46342  2.91978  2.32123  6.87652  4.50892  17.5422  6.90357  -3.119  31.6637  4.55278  4.9311  -1.98757  -1.31419  
0.6422  5.66757  -0.764843  -0.71162  0.770487  -0.940492  8.96854  -0.408594  -3.61375  10.6619  -29.0289  0.691657  -7.78635  -0.676666  -1.27688  9.31079  -11.0441  2.04205  -2.23688  1.2391  10.9552  1.89702  21.4004  2.48116  -4.86817  61.3359  3.43953  10.0959  1.91338  -5.5254  
0.956743  5.51104  0.29239  -29.9512  1.49201  -0.3391  2.51251  -0.84384  -4.79384  11.3994  -15.4029  0.926092  -2.42395  -6.08332  0.122935  7.11351  -6.48623  1.80476  -5.24407  -0.754895  11.7181  -1.31789  21.5732  -2.96202  -5.29739  57.6578  0.454129  18.168  5.46971  -3.9593  
1.3249  3.54612  1.44857  -61.7791  1.84036  1.01153  -3.44695  1.4851  -1.68631  9.13828  4.26297  1.35766  11.0169  -8.74297  1.96138  2.19934  1.73087  1.58536  -5.24598  -2.54788  10.5533  -2.1496  17.0317  -6.27721  -5.68569  34.8116  -2.19961  24.5254  5.68176  -0.303489  
1.46662  1.88907  2.16197  -67.5168  1.42778  2.64891  -6.44558  4.84145  0.589155  2.5006  20.1749  2.09597  21.2474  -7.09438  2.85056  1.4913  8.18585  1.95487  -3.59379  -2.52102  8.80565  1.22111  9.38458  -6.50165  -5.99114  9.24154  -3.29155  24.1119  1.3825  1.44061  
1.19945  1.73013  2.77764  -34.002  0.443852  3.54888  -6.48527  6.14497  -0.781288  -6.3415  29.6352  2.87626  21.9764  -3.08108  2.27819  5.00176  6.81624  2.5931  -2.54006  0.0421004  6.60691  6.86092  4.18933  -5.58011  -3.79461  -19.5287  -3.21612  17.9526  -4.79608  0.772219  
0.660354  2.28451  3.38196  19.857  -0.406222  2.98714  -5.02307  4.00335  -3.24677  -11.8905  34.1399  3.16076  16.0839  0.0848809  1.07534  5.69876  -2.85888  2.68877  -2.87386  3.90763  3.08164  9.7049  7.58155  -5.38472  1.63567  -55.437  -2.79236  11.9611  -8.18213  -0.12606  
0.199016  2.04434  3.2842  58.3069  -0.526522  1.22653  -3.09274  0.17738  -2.13212  -10.4893  33.3256  2.54532  9.03715  1.10382  0.482612  -0.942977  -14.3416  1.77898  -2.79411  6.59066  -2.12489  6.14603  19.2084  -5.02227  6.83238  -84.0159  -2.18829  8.92776  -6.04979  0.401716  
0.0643138  0.707838  1.98675  60.4709  0.00670159  -0.596456  -0.777795  -2.05724  3.82299  -4.53867  25.4805  1.1397  1.10514  1.36105  0.779251  -10.2349  -19.62  0.125074  0.106459  6.45639  -7.49161  -1.6831  29.1788  -2.10099  8.09891  -77.3213  -1.25942  4.53653  0.319114  2.16783  
0.198381  -0.56683  0.256343  36.2528  0.538088  -1.32231  1.68453  -1.14356  10.6348  0.179126  13.0773  -0.473789  -10.4723  2.68958  0.985551  -13.2157  -17.1999  -1.60604  5.37625  4.24194  -10.2357  -7.23451  25.0805  3.51852  6.39828  -23.8809  -0.312446  -6.53492  7.37203  4.2872  
0.329569  -0.555477  -0.390731  11.8742  0.497823  -0.689473  2.93048  1.08486  12.6051  1.39549  2.98567  -1.60371  -23.1067  5.13039  0.0120939  -7.4419  -13.426  -2.83936  9.03301  2.4043  -8.69575  -6.01029  4.32659  8.48405  6.07084  52.4131  0.0805437  -21.6355  12.2288  6.32419  
0.214213  0.611422  0.629622  2.17865  -0.0838724  0.418555  1.37102  0.901398  7.60619  2.93565  -0.910528  -1.89759  -27.3046  7.07463  -2.00521  -0.153016  -15.947  -3.34534  7.50391  2.75268  -4.07895  -0.291463  -21.3573  8.99561  8.08743  108.331  -0.131381  -30.0903  13.8013  7.86821  
-0.205522  1.5297  2.13745  -2.51832  -0.722587  0.670364  -2.62267  -4.02549  -1.11438  9.09495  -2.73853  -1.48885  -17.0822  7.28006  -3.65803  0.40539  -25.5345  -3.24859  2.1458  4.66856  0.490921  3.39585  -35.8098  4.58721  7.47188  116.295  -0.406334  -23.48  12.1922  7.96874  
-0.814074  0.813108  2.30068  -19.8942  -1.04633  -0.541312  -6.05863  -12.3314  -7.89877  17.8277  -9.16163  -0.875922  -0.0959053  5.9545  -3.65862  -5.13457  -34.2098  -2.93613  -1.43085  5.74159  2.67322  1.29525  -33.5027  -1.63232  -0.158744  83.1374  -0.444311  -4.84897  8.23496  5.90549  
-1.39713  -1.56762  0.575724  -49.9176  -1.10361  -2.43685  -5.66356  -19.5567  -9.36774  21.7506  -19.6137  -0.563739  7.36594  3.85487  -2.16388  -7.86254  -32.9895  -2.80641  0.582839  4.10312  2.46607  -4.0619  -23.6571  -6.07235  -11.4403  36.4411  -0.571572  13.7012  3.76322  2.28892  
-1.70859  -4.0749  -1.63942  -68.3268  -1.11867  -3.44865  -1.39999  -21.0987  -6.43068  16.5126  -25.3186  -0.665929  -2.33099  1.13557  -0.595567  -0.789973  -21.4527  -2.90761  5.57897  0.0587527  1.25373  -7.38493  -19.1908  -7.45006  -17.1274  -2.10751  -1.00541  22.1862  1.05636  -1.09996  
-1.56804  -4.67222  -2.37528  -50.9105  -1.09056  -2.70096  2.86956  -15.2399  -2.23049  6.32443  -19.4068  -0.774156  -18.0152  -2.25958  -0.1295  12.9241  -10.2239  -2.75963  7.16117  -4.56726  0.00526255  -6.3869  -23.1291  -6.78745  -12.212  -28.7571  -1.06876  20.3603  0.942171  -2.53573  
-1.0024  -2.50212  -1.11979  -2.03276  -0.7805  -0.950674  2.94281  -4.07331  1.13114  -0.405305  -5.92793  -0.297289  -20.4538  -5.43489  -0.583078  22.3452  -11.1042  -1.71049  2.45715  -8.33157  -1.13901  -3.23194  -27.1657  -5.61768  -1.73228  -49.5671  0.276088  14.7552  1.59243  -1.31478  
-0.289802  1.30672  0.676809  44.4531  -0.0879569  0.129254  -1.2755  7.86944  3.51568  -0.283659  3.31936  0.794476  -3.20772  -6.76488  -0.865131  18.9132  -23.5184  0.391109  -4.49129  -11.0017  -2.0094  -0.997197  -22.6958  -4.57676  5.08515  -66.0589  3.00004  10.8192  0.00347415  1.93208  
0.20837  4.44762  1.09821  55.7892  0.677278  -0.274023  -5.31161  16.0219  5.01431  1.8555  1.05352  1.62056  19.2037  -5.56699  -0.396226  4.29946  -31.1192  2.84258  -7.32022  -12.5914  -2.00069  -0.328083  -10.7799  -3.30203  4.68065  -71.9791  5.50244  9.4966  -4.79816  5.08548  
0.336147  5.30002  -0.339245  31.3322  1.02034  -1.18753  -4.54068  17.6976  4.69535  -0.683276  -7.57683  0.97744  26.0035  -2.96659  0.25774  -11.1179  -14.8758  4.52268  -4.50072  -12.2411  -0.748496  0.133938  -0.428441  -1.09672  1.39494  -60.8249  5.78385  9.6539  -10.2971  5.18175  
0.269229  4.09104  -2.32136  0.277472  0.753873  -0.883875  1.10277  12.8217  1.77638  -8.28894  -9.56987  -1.34991  11.6072  -0.587397  0.169461  -17.6062  27.3229  4.75346  -0.593564  -8.80617  1.33904  1.28803  1.61818  2.22821  -0.106171  -34.1496  3.17062  10.3302  -12.6635  0.761018  
0.321294  2.42511  -3.29142  -9.78992  0.197453  1.22438  7.21359  3.6422  -2.71754  -14.3688  2.93087  -3.99178  -8.83252  1.11085  -0.75847  -14.7327  74.1258  3.74328  -0.494023  -2.69955  3.51336  2.5866  -2.36799  5.77668  -0.628146  -1.79424  -1.32782  9.40163  -10.3214  -5.56688  
0.601919  1.72388  -3.1603  -1.37918  -0.147502  3.88723  9.51552  -6.12522  -6.46453  -12.4813  23.5059  -4.97897  -15.3755  2.79145  -1.748  -10.7311  95.4866  2.22389  -3.94737  3.42309  5.2363  3.19511  -4.53014  7.82169  -3.08136  24.4026  -6.20706  2.87042  -5.17338  -8.10302  
0.874217  2.13047  -3.19797  0.537561  -0.0861945  5.18959  7.79831  -12.5256  -7.88031  -3.2308  35.1958  -3.66448  -3.10023  4.70652  -2.14877  -12.8921  76.9135  0.720883  -6.74734  6.4616  5.92729  3.10104  -0.488602  7.18581  -6.04399  38.714  -10.478  -10.9131  -0.425189  -3.39893  
0.770839  2.52738  -4.22477  -20.1526  0.143645  4.19606  4.98251  -13.0226  -6.88891  6.08947  25.6475  -1.41434  14.5353  6.17691  -2.12488  -18.5032  30.9872  -0.704276  -6.32634  5.54657  4.63793  2.92208  5.88628  4.52964  -4.20508  44.7818  -13.1906  -26.189  2.31188  5.09735  
0.17489  1.60477  -5.32681  -48.8292  0.204109  1.47064  3.188  -8.01523  -3.68168  8.03115  0.584461  -0.186289  19.9698  6.51082  -2.10667  -16.8499  -13.4483  -2.07451  -4.39006  2.73228  0.863413  3.03581  6.85704  2.07623  3.93083  50.3614  -12.5836  -32.1594  3.65415  9.30733  
-0.583633  -0.982542  -4.78079  -54.0035  0.034648  -1.54856  1.74244  -0.851578  1.83088  1.19073  -18.3169  -0.379287  8.03171  5.82  -1.82004  -0.896991  -34.196  -3.06019  -3.6807  1.00341  -4.14887  3.26812  -0.269927  1.5328  12.3895  57.159  -6.85924  -23.2977  4.91494  4.6337  
-0.926766  -3.94851  -2.20003  -19.697  -0.13933  -3.39065  -0.79275  4.40286  8.64737  -9.08126  -12.6518  -0.440914  -11.4437  4.48396  -0.356161  23.3651  -30.0065  -3.10383  -3.76925  1.6502  -7.61888  3.08808  -9.06393  2.46177  14.177  56.7994  3.54553  -6.6571  6.48808  -4.60737  
-0.502658  -5.11876  0.770437  36.7379  -0.123178  -3.14045  -3.81542  5.83212  13.6934  -15.225  13.5994  1.18959  -24.0899  2.387  2.56434  41.0422  -15.9923  -2.01696  -1.64021  3.59592  -7.47835  1.94591  -9.75887  2.8761  9.66985  39.9857  14.7754  3.67678  7.77043  -9.19161  
0.459368  -3.25958  2.17647  79.8811  0.0187866  -0.97723  -5.00298  4.51999  13.7766  -12.9636  35.1918  4.00169  -22.8531  -0.592001  5.64328  41.4567  -7.04186  -0.349429  3.82901  5.01195  -4.36864  -0.268096  0.432519  1.45483  5.92372  10.3233  21.4509  0.720923  8.19244  -4.4841  
1.26052  0.412223  1.8357  87.572  0.0854102  1.57376  -3.31099  2.574  9.07182  -3.72293  28.978  5.62894  -11.1227  -3.70494  6.74441  26.51  -6.27788  0.938222  9.60839  5.22824  -1.04858  -2.80169  13.5645  -1.072  7.03757  -15.5647  20.3937  -7.87131  7.81629  4.9566  
1.28927  2.9171  1.2365  66.2815  0.0227438  2.45636  -0.668709  0.66504  3.49153  7.04523  -2.80397  4.31457  2.58239  -5.73908  4.82841  6.73344  -7.08358  1.26016  11.5283  4.98512  0.186721  -4.31589  18.7374  -2.7793  8.51916  -24.8172  12.8274  -7.78716  6.86576  10.6051  
0.549607  2.17396  1.4152  39.4512  -0.00958141  0.839624  -0.145206  -1.93288  0.935338  13.8306  -33.5569  0.85168  11.341  -6.54075  1.10788  -8.79812  -2.68799  0.913127  8.75658  5.0513  -0.729136  -4.02861  13.3949  -2.49234  3.40587  -23.6881  3.19306  6.59001  4.98432  8.84558  
-0.352851  -0.85741  1.568  22.671  0.131417  -1.88155  -2.76198  -5.18132  1.74794  14.2961  -37.5182  -2.1364  13.5032  -7.23036  -1.84228  -17.247  6.77005  0.729045  4.18256  4.93584  -2.2232  -2.58596  5.67103  -0.70679  -7.97858  -30.4071  -4.04886  25.4794  1.77075  3.5569  
-0.789139  -3.04436  0.118858  13.1804  0.350821  -3.28904  -6.61538  -7.09999  3.31207  9.9666  -13.6378  -2.83689  12.0605  -8.30218  -2.27828  -19.1631  15.5493  1.13516  0.727061  3.27901  -2.79116  -1.35227  4.71937  1.16499  -16.8731  -51.2999  -7.03832  32.5908  -1.90303  0.486639  
-0.669701  -2.14668  -3.15441  -0.170789  0.396359  -2.33639  -8.85989  -5.62743  3.34832  4.5442  15.2613  -1.92461  11.5967  -8.1006  -0.69531  -15.0128  17.7784  1.62176  -1.42928  -0.404877  -1.91212  -0.791267  10.1762  2.1344  -15.8473  -70.1236  -6.92478  20.4263  -3.61366  0.74286  
-0.412442  1.07327  -6.64411  -19.5039  0.149708  -0.296555  -8.01464  -1.34197  1.50578  1.16043  25.3264  -1.50791  14.0497  -4.24748  0.820557  -5.95208  12.5057  1.3028  -3.44809  -4.56847  0.148983  -0.104289  12.9365  2.1943  -7.50429  -66.1401  -6.19058  -2.92103  -1.26619  0.838498  
-0.392133  3.84322  -8.53227  -34.4074  -0.22423  0.826504  -4.44389  2.49195  -1.71708  0.452472  11.7391  -2.63927  16.5727  3.13579  0.641445  4.19749  4.24408  0.0895908  -4.98233  -6.63425  2.68151  1.22078  5.93698  1.95556  -1.51612  -39.7973  -6.2194  -21.3777  4.39919  -1.90291  
-0.521884  4.01274  -8.33641  -34.0178  -0.435153  0.504327  0.456163  3.14337  -5.5528  0.660595  -12.0756  -4.13742  14.1056  10.3694  -0.971324  10.873  -1.15678  -0.950477  -4.25929  -5.38508  4.70584  1.95253  -7.58231  1.99068  -3.86218  -14.1644  -6.0226  -25.2763  9.44472  -5.93761  
-0.419056  1.61282  -6.65299  -19.8178  -0.311742  -0.0701887  4.92538  1.26701  -7.97532  -0.187419  -30.4031  -4.00794  4.76483  13.0173  -2.33875  12.808  -1.50705  -0.673937  -1.09378  -2.27715  5.43212  0.309372  -17.6501  2.38587  -10.3148  -8.22931  -3.52941  -19.0114  9.6483  -7.98249  
0.101463  -1.78251  -3.94095  -4.15118  0.132594  0.268903  7.17299  0.00839494  -6.12084  -1.91045  -36.9257  -1.73603  -7.55536  9.80092  -2.14867  12.3287  0.292882  0.754651  1.73909  -0.0778667  4.94776  -3.14013  -18.0804  2.67226  -11.8141  -15.057  1.4579  -14.9309  4.32536  -7.5241  
0.810762  -4.48553  -0.374423  3.84271  0.791239  1.27217  6.22543  1.33903  0.323819  -1.99896  -32.9506  1.04472  -17.2807  3.55929  -0.65583  11.2329  0.938242  1.91192  1.30156  -0.126478  4.1734  -4.84857  -12.0302  2.19744  -4.70248  -9.92343  5.81838  -19.4358  -2.69709  -7.26415  
1.32859  -5.42607  3.29761  6.80842  1.49748  1.85165  2.86343  3.80007  6.95313  1.88485  -20.0329  2.25762  -23.0791  -1.39802  0.786624  8.09848  1.53007  1.70525  -1.79149  -1.15265  3.73847  -1.85614  -7.46711  0.870782  5.66531  20.8788  5.57465  -25.3458  -6.37112  -9.05626  
1.46981  -4.29726  5.65054  12.9878  1.95417  1.5749  -0.63317  4.1498  8.48646  9.09994  0.996586  1.48487  -28.3143  -2.74103  1.20718  0.921867  5.78148  0.612893  -3.80563  -0.992703  2.95959  3.89266  -8.64662  -0.275677  11.2388  63.3415  0.241373  -19.3032  -4.96212  -10.8403  
1.26057  -1.61856  5.84697  21.8488  1.77601  1.02506  -2.3229  1.02892  5.17901  16.0231  24.6889  0.20654  -35.0536  -1.33245  0.819156  -8.35546  13.1442  0.029124  -2.39992  0.71994  0.340576  6.2195  -12.7354  0.333637  10.054  86.9249  -5.98736  2.47189  -1.24524  -8.74277  
0.723555  1.27321  4.54466  22.8072  0.772946  0.777457  -2.16862  -3.31671  3.19417  18.7941  39.5736  -0.0151878  -39.8822  0.225212  0.477968  -14.0209  16.7835  0.492544  0.217953  1.94151  -4.67733  0.967208  -13.5402  3.19558  6.88031  71.1943  -8.22341  27.3327  0.657182  -1.91207  
-0.160442  2.92453  3.00123  8.39035  -0.765862  0.617143  -1.63496  -5.0505  6.70776  16.0716  36.6562  0.743823  -37.2196  -0.00715489  0.6373  -12.0732  11.8845  1.07014  -0.326869  0.50259  -10.5489  -8.48616  -7.40619  6.58068  6.53446  23.6224  -5.7676  37.3953  -0.725946  5.77333  
-1.24086  2.87824  1.41583  -12.284  -2.16599  0.0530805  -1.77525  -2.5571  11.2498  9.40494  19.6618  1.07967  -26.3127  -1.95187  1.02967  -4.95091  4.74375  0.615636  -5.25984  -3.21445  -14.4039  -13.4274  4.36798  7.63637  8.35367  -25.7319  -2.18787  27.6625  -3.63547  9.24203  
-2.1001  2.12034  -1.14136  -20.2381  -2.85307  -0.738981  -2.08892  1.75846  7.98452  1.71254  3.98959  0.0255498  -12.3752  -3.99853  1.13549  0.575103  8.57059  -0.765066  -10.7563  -6.20088  -14.1547  -8.43688  17.1212  5.07111  8.64576  -47.6746  -0.680107  10.6243  -5.74489  6.97802  
-2.33838  2.16447  -4.98994  -5.68242  -2.78221  -1.01151  -1.47548  3.7019  -4.80871  -4.20973  2.42169  -1.76867  -0.44713  -4.55761  0.614869  0.155867  27.2998  -1.8598  -11.8409  -5.58165  -9.99403  2.68498  25.7204  0.741873  6.79785  -36.5941  -0.662563  1.6425  -6.40272  2.05888  
-1.95954  3.51607  -8.58797  20.7662  -2.3581  -0.476752  0.0234879  1.53581  -17.3702  -6.68972  11.8361  -2.79058  9.5287  -3.38218  -0.665313  -3.97191  47.0562  -1.82365  -7.51872  -1.43645  -4.05785  10.4708  26.6321  -1.87551  5.82712  -13.2881  0.329241  2.02742  -6.11409  -1.09981  
-1.35456  4.99368  -9.52871  38.498  -1.93888  0.197511  0.953962  -2.08079  -18.2864  -6.0251  15.9072  -2.23449  20.0569  -1.52022  -2.56463  -5.71201  48.6467  -1.06861  -1.26759  3.24321  1.20184  9.17351  19.0584  -1.0369  7.18991  -4.93431  2.41846  -0.049728  -4.59873  -0.66541  
-0.853952  4.7952  -6.83002  35.9007  -1.46378  0.18052  0.176027  -2.79142  -7.63094  -4.53968  2.23053  -0.71147  29.4253  -0.289796  -4.33761  -1.62296  28.9228  -0.613823  3.33777  5.35348  4.39721  1.75697  5.53898  1.67815  7.41495  -20.913  2.81879  -12.6438  -0.843723  1.6464  
-0.385716  2.40073  -1.91007  17.7805  -0.607221  -0.472116  -1.59891  0.645728  2.85257  -4.76822  -24.1087  0.472611  31.267  -0.181201  -4.62257  5.792  4.5903  -0.907984  6.29629  4.35874  5.36617  -4.46922  -8.50539  3.20667  2.34006  -47.0175  -0.207926  -28.3314  4.57556  2.73262  
0.323723  -0.647707  2.67713  -3.37919  0.726208  -0.908019  -2.4082  4.77222  3.30589  -6.7788  -45.2886  0.446006  21.4362  -0.67075  -2.40557  10.8196  -6.22471  -1.52365  9.8576  2.23656  4.45346  -5.60639  -17.5701  2.17662  -6.15204  -62.4865  -4.20036  -32.0901  8.28783  1.04986  
1.269  -2.05387  5.21442  -20.1232  2.12896  -0.548191  -1.28021  5.11705  -3.20999  -7.52513  -48.1851  -0.698592  4.40395  -0.739923  1.71737  10.0125  -2.7672  -1.83727  14.2482  1.08992  1.91478  -3.36098  -19.7943  0.0632292  -10.8118  -59.8467  -4.52396  -18.4441  6.91544  -2.05371  
2.04082  -1.00918  5.62936  -33.016  2.9574  0.283248  0.655192  1.18597  -5.59312  -3.77446  -34.9871  -2.01614  -9.32958  0.395604  5.48484  5.03338  1.48482  -1.67142  16.1992  1.1005  -1.85322  -0.596355  -18.1339  -0.642103  -7.14482  -46.6228  0.588722  3.03808  1.56023  -3.49247  
2.24124  1.01731  4.86929  -44.8619  2.87603  0.917963  1.56438  -3.20357  0.974675  4.24579  -16.697  -2.22104  -12.2036  2.74669  6.63994  0.699641  -2.11426  -1.16632  12.4344  0.838933  -5.6487  2.5731  -17.131  0.925232  0.785947  -32.7713  7.88319  19.0353  -1.609  -1.31975  
1.92425  1.78439  3.92992  -53.3461  2.12489  1.22898  1.1813  -4.71316  9.34099  12.4651  0.241874  -0.492126  -6.07731  5.36718  4.81575  0.677127  -7.6738  -0.268383  3.94016  -0.732184  -7.37604  7.03942  -17.9975  3.17872  4.40123  -21.9258  12.1516  24.8381  3.10445  3.08902  
1.50054  0.500505  3.31477  -49.3748  1.25359  1.63437  1.0311  -4.54739  9.93501  16.4554  17.0576  2.55569  -0.240257  6.84177  1.71287  4.39326  -5.19998  1.37347  -4.29486  -2.95369  -5.22625  11.0613  -17.4288  3.60055  0.455163  -12.7139  10.9233  23.3937  14.264  5.85978  
1.22808  -1.7248  2.99384  -22.5156  0.610241  2.30128  2.3048  -6.44502  2.95685  15.1791  33.6483  4.75294  -2.73015  6.31587  -0.570396  7.50876  4.21168  3.84132  -8.03641  -4.13928  0.581602  11.0894  -11.5222  1.17511  -5.25908  -2.0226  6.02178  16.2877  22.7787  4.1312  
0.931712  -3.39226  2.66933  26.9706  0.118937  2.70197  4.07672  -10.8757  -2.23365  11.3506  42.2514  3.77327  -12.8658  4.21728  -1.27299  5.69062  9.70929  6.29012  -7.66078  -3.36642  7.28621  6.48933  -0.755544  -2.50626  -4.45515  14.9614  1.24814  1.73218  19.4488  -1.05621  
0.296334  -4.07619  2.22715  78.7274  -0.45955  2.14258  4.17531  -13.0276  0.665314  8.73925  34.3737  -0.656963  -21.389  1.74629  -1.13717  -1.30267  6.0088  7.10714  -6.85918  -1.47671  11.3545  1.22695  9.46825  -4.41593  4.1903  40.1387  -0.973032  -17.5572  3.97355  -5.57942  
-0.651851  -4.27524  1.92742  99.3565  -1.11627  0.574272  1.6375  -8.00226  7.04691  9.16361  12.4623  -5.9729  -19.2653  -0.121575  -1.2097  -8.69199  1.54199  5.13034  -8.01572  -0.350666  11.2857  -0.684283  13.4649  -2.84313  13.1357  62.5372  -1.13264  -30.4169  -13.6296  -6.09607  
-1.48478  -4.15711  1.94361  68.1047  -1.52773  -1.29485  -2.27757  2.51315  7.44605  11.5553  -10.0822  -8.59885  -7.37641  -1.1796  -1.74176  -10.2875  7.79748  0.955478  -9.7884  -1.16467  8.66345  -0.172412  10.2581  0.680066  13.9125  59.8081  -1.72932  -26.3172  -21.2286  -2.86654  
-1.80105  -3.32809  1.72655  0.44355  -1.42017  -2.58671  -5.49506  10.5037  -0.550368  12.8637  -21.9702  -7.02891  3.05779  -1.65232  -2.13188  -4.19482  23.2475  -3.16031  -9.41124  -3.25661  6.17812  -1.60933  4.11161  2.42929  5.973  20.7345  -4.78692  -8.12607  -15.1786  1.1449  
-1.59611  -1.67657  0.262089  -58.5997  -0.923473  -2.79792  -6.89268  9.58811  -9.29368  10.1872  -24.7178  -3.09599  1.82223  -1.64524  -1.60813  4.6489  33.3248  -5.08547  -6.47125  -4.62766  4.73079  -6.48355  0.388847  0.26219  -2.14037  -33.7157  -9.65207  8.76135  -3.11077  3.45387  
-1.15456  0.00572616  -2.65127  -69.6609  -0.470479  -1.89303  -6.42596  1.94375  -10.0762  3.01552  -27.6474  -0.0664675  -8.58334  -1.04162  0.0991559  8.56103  27.4304  -4.65253  -3.38314  -3.66019  2.95514  -10.7995  0.979662  -3.52811  -1.33358  -62.8544  -13.0011  11.8234  3.72758  3.83245  
-0.65857  0.801626  -5.57896  -32.3249  -0.321256  -0.211724  -4.24185  -3.84815  -2.70916  -5.87911  -33.9486  0.470882  -14.4583  0.222094  2.44719  4.72996  11.6408  -3.51242  -2.24787  -0.456889  -0.30436  -9.99376  3.36216  -3.82234  8.65652  -46.6272  -11.5636  3.79271  0.898093  3.40556  
-0.04196  0.699689  -6.48332  17.7654  -0.268251  1.55504  -0.679297  -1.82974  5.20425  -12.2295  -35.0393  -0.14936  -5.70393  1.82535  4.21902  -1.82206  1.33985  -3.0935  -2.36636  3.42603  -3.78677  -4.97581  3.80336  2.10027  18.4455  -9.46258  -5.33331  -2.41884  -6.25202  3.0969  
0.755711  0.582878  -4.82522  42.2159  0.113473  2.54428  3.01055  5.47576  6.95961  -13.7693  -20.4829  0.498451  12.427  2.89994  4.2217  -3.85949  3.67339  -3.04141  -1.56919  6.39275  -4.9384  -1.26699  1.34229  10.9807  18.1259  5.23844  2.17499  0.251662  -9.14122  3.34944  
1.51286  1.11682  -2.27048  31.4331  0.92528  2.22287  4.96653  10.5386  2.88006  -12.0026  7.94818  3.19617  24.6062  2.50734  2.25576  -0.0548602  10.9126  -1.96266  0.529826  7.76373  -3.04897  -2.16132  -1.49234  15.9841  7.82511  -16.8619  7.2043  5.55875  -4.4451  4.55968  
1.82118  2.10379  -0.953509  6.37882  1.72981  0.822678  4.4724  8.95841  -1.75503  -10.2345  34.0676  6.20366  21.758  0.653507  -0.484605  3.7851  11.723  0.531891  1.82595  7.42566  -0.291078  -4.66593  -1.9114  13.1536  -2.29571  -46.2775  9.08994  2.72315  3.76247  6.66488  
1.46363  2.84675  -1.13092  -5.31467  1.92062  -0.819652  2.9686  3.03241  -2.9286  -9.97009  40.2776  7.00843  9.78776  -0.991878  -2.25631  2.16265  4.71985  3.06862  0.465003  5.15227  0.773882  -3.35408  -0.373876  5.18637  -2.54221  -45.8822  9.96311  -10.1562  9.14536  8.20046  
0.634448  2.86024  -1.10995  5.71979  1.2926  -1.91236  2.64667  -2.24571  -1.11166  -9.76151  23.2733  4.73366  1.31703  -0.438341  -2.32167  -3.15497  -1.52608  4.02861  -2.60056  0.876753  -0.0601373  2.85048  0.0716834  -1.42599  6.22908  -14.8606  11.5089  -24.2174  9.30285  6.82449  
-0.221518  2.03436  0.386923  23.6493  0.238421  -2.13947  3.83415  -4.9241  0.563474  -7.50408  -2.17207  0.836147  1.99812  1.95606  -1.586  -5.43845  0.0743416  3.4032  -4.67828  -4.34866  -1.21638  9.23015  -1.62206  -2.69422  13.9029  11.5651  12.8587  -30.0959  6.83571  1.74775  
-0.728097  0.527516  2.39786  23.0312  -0.577033  -1.53052  4.47457  -6.82754  -0.0179546  -3.11931  -15.4494  -2.24548  7.02672  2.66394  -1.48823  -1.81185  7.68457  2.67661  -4.47484  -8.33093  -2.00562  10.5575  -1.96785  -0.32769  12.3829  4.12665  11.8814  -27.1745  5.47901  -4.60907  
-0.744699  -1.05725  2.68013  -8.10315  -0.716811  -0.209166  2.48347  -9.52842  -2.06003  1.74503  -7.66453  -3.0696  9.44738  -1.51109  -2.28474  2.79645  14.5675  2.91451  -3.18722  -9.16544  -3.35147  6.55604  3.34353  1.10803  3.42463  -27.9264  7.90254  -21.6988  6.21146  -8.33826  
-0.34478  -1.66005  0.325063  -53.858  -0.236233  1.49902  -1.60136  -11.412  -2.92329  6.00097  11.3613  -2.02324  7.36035  -8.6002  -2.74423  1.86006  16.2654  3.3845  -2.33605  -6.73387  -5.53516  1.58574  13.2882  -0.488886  -4.84462  -47.7977  2.43003  -18.1458  6.99163  -7.81032  
0.237036  -0.534027  -3.0929  -80.6519  0.416207  2.86688  -4.90582  -9.61352  -0.844186  9.76935  23.476  -0.689096  2.51927  -11.4742  -1.64512  -4.27474  12.8035  2.40817  -1.63916  -2.65455  -6.60912  -0.243092  21.0314  -2.84133  -7.49309  -29.4615  -2.55414  -14.7831  5.49186  -5.32267  
0.662271  1.56804  -5.0198  -64.1977  0.722585  3.08523  -5.05931  -4.08406  3.21644  12.4931  20.0554  -0.441934  -4.49673  -4.65147  0.756672  -8.48555  6.10417  -0.548914  0.10553  1.04846  -4.32539  1.33499  20.7607  -2.33671  -6.67942  17.6704  -6.24392  -7.53969  1.57607  -4.3771  
0.663589  2.47083  -4.21245  -12.2834  0.445017  2.0373  -2.38416  1.50795  6.23461  11.6878  9.19547  -1.44152  -13.9108  8.89621  3.00664  -5.63245  -1.08939  -3.92228  2.60606  2.99717  0.665693  3.6743  13.5664  1.58696  -6.0121  57.1899  -8.7733  3.81164  -2.65258  -5.4465  
0.272405  0.396565  -1.43544  41.1655  -0.2179  0.615881  0.872721  3.22681  5.91136  5.30159  5.13093  -2.61881  -22.5388  18.9554  4.01557  0.940129  -4.63827  -5.32821  3.84657  2.58733  4.76799  4.48872  4.86504  5.705  -4.34053  55.216  -10.0862  14.5857  -4.90382  -5.30549  
-0.174296  -4.09023  1.55072  65.2678  -0.787985  -0.0304545  2.96663  0.848438  2.95884  -4.77671  11.8818  -2.66142  -23.5689  17.4521  3.90446  3.39656  -1.26342  -3.83947  2.52701  -0.00901119  4.96277  3.43216  -3.02858  6.24872  2.47483  7.09615  -9.59771  19.505  -4.75452  -1.12057  
-0.362893  -8.32544  3.2312  56.1094  -0.899746  0.345759  3.89926  -1.95671  0.16083  -12.915  19.1677  -1.20884  -12.8365  5.91915  3.28564  -1.12788  6.98603  -0.954861  -0.151583  -3.47054  1.67081  1.13554  -13.2182  2.54624  14.177  -56.7895  -6.96133  17.3421  -3.86384  5.423  
-0.326241  -9.97084  2.96377  33.3369  -0.592172  0.851755  4.50305  -1.35034  -0.765438  -14.8235  14.1338  0.77328  5.27572  -6.48073  2.2448  -7.21307  12.8194  0.774805  -1.7791  -5.50294  -2.22876  -2.03191  -28.2047  -2.73976  23.6708  -92.6574  -2.86285  11.2152  -4.4216  9.2578  
-0.341747  -8.91984  1.22745  17.2539  -0.210732  0.478571  5.02293  2.92342  -0.757674  -12.2302  -5.52678  1.94642  19.762  -11.4078  0.530439  -7.62896  10.8799  0.174464  -1.40927  -4.34978  -4.49104  -5.6424  -43.6221  -6.55001  24.3167  -79.7293  0.917285  5.38401  -7.27327  7.6985  
-0.529279  -6.92445  -0.458426  12.7363  -0.0414837  -0.745497  4.94412  7.36114  -1.82275  -11.4882  -30.2551  1.88752  21.3919  -7.7074  -1.46152  -1.40784  4.45844  -1.46837  -0.229983  -0.499159  -4.9578  -8.30318  -50.5374  -8.05816  17.7747  -40.2572  2.33125  1.97601  -11.3304  4.05624  
-0.676153  -5.59602  -0.538801  11.7701  -0.0691416  -1.79726  3.89697  8.1905  -4.42708  -16.8297  -48.0051  1.31253  9.97395  -0.348661  -2.57737  5.79045  2.05617  -1.86051  0.135152  3.49696  -4.45526  -8.24485  -44.0431  -8.42727  12.4752  -18.2467  0.49715  0.386884  -14.4613  4.21466  
-0.535431  -5.11575  1.03088  8.03465  -0.0977966  -1.8114  2.22427  4.99995  -6.9511  -25.0902  -52.2212  1.05095  -5.90492  4.88641  -2.09641  8.35304  6.92334  -0.231105  -0.69785  5.22704  -3.37211  -5.20243  -28.3201  -8.44811  13.5634  -33.4351  -3.23045  -1.13318  -14.7939  9.50362  
-0.17958  -4.57409  2.35048  3.5236  -0.0174155  -0.951175  0.62965  0.992772  -7.56868  -27.6506  -42.6102  1.03477  -15.44  5.34714  -0.696519  6.02086  12.4592  1.81306  -2.00105  4.34078  -1.62038  -1.22398  -12.9111  -7.20743  16.7185  -59.3181  -5.77304  -3.79911  -11.4731  14.2517  
0.0896333  -3.21247  1.29746  4.11884  0.119216  -0.0221997  -0.4679  -0.307572  -5.87399  -18.1272  -22.2312  0.590144  -13.1158  1.64983  0.251381  2.39817  9.24517  2.09318  -3.0489  2.15869  0.75931  1.12973  -4.64662  -3.28588  13.9656  -53.9755  -4.64996  -7.76013  -4.81971  11.6419  
0.150991  -1.10455  -2.13733  10.5139  0.241635  0.570574  -1.16644  1.41916  -2.76835  1.26486  4.13461  -0.495147  -1.83927  -4.19286  0.301316  -0.257436  -3.54201  0.367485  -3.74604  -0.169753  3.46728  1.42618  -2.85964  3.03092  3.8106  -10.7911  -0.292847  -12.4891  3.82646  1.59021  
